____________________________________
Sun Apr  7 12:15:29 2024


PARAMETERS
NUMBER_NEURON = 6
VOLTAGE_TRESHOLD = 0.9
LEARNING_RATE = 0.1
LEAK_RATE = 1.5
TIME_ITERATION = 500
ITERATION_SPIKE_IN = 5
THRESHOLD_COORDINATES = 0.047
THRESHOLD_GYROSCOPE = 0.03  0.03  1.9   
____________________________________
Sun Apr  7 12:15:29 2024


PARAMETERS
NUMBER_NEURON = 6
VOLTAGE_TRESHOLD = 0.9
LEARNING_RATE = 0.1
LEAK_RATE = 1.5
TIME_ITERATION = 500
ITERATION_SPIKE_IN = 5
THRESHOLD_COORDINATES = 0.047
THRESHOLD_GYROSCOPE = 0.03  0.03  1.9   
0    1    0    0    0    0     
1    1    1    1    1    1     
1    1    1    1    1    1     
1    1    1    0    0    1     
0    1    0    1    0    1     
1    1    1    1    0    1     
0    1    1    0    0    1     
0    0    0    0    0    1     
0    0    1    0    0    0     
0    0    0    0    0    0     
0    0    0    0    0    0     
0    0    0    0    0    0     
1    1    0    0    0    1     
0    1    0    1    0    1     
1    1    1    1    0    1     
1    0    0    0    0    1     
0    0    0    0    0    0     
0    0    0    0    0    0     
0    0    0    0    0    0     
0    0    0    0    0    0     
0    0    0    0    0    0     
0    0    0    0    0    0     
0    0    0    1    0    1     
1    1    0    1    0    1     
1    1    1    0    0    1     
0    0    0    0    0    0     
0    0    0    0    0    0     
0    0    0    0    0    0     
0    0    0    0    0    0     
0    0    0    0    0    0     
0    0    0    0    0    0     
0    0    0    0    0    0     
0    0    0    1    0    0     
1    0    0    0    0    0     
0    0    0    0    0    0     
0    0    0    1    0    0     
1    1    0    0    0    0     
0    0    0    0    0    0     
0    0    0    0    0    0     
0    0    0    0    0    0     
0    0    0    0    0    0     
0    0    0    0    0    0     
0    0    0    1    0    0     
1    1    0    1    0    0     
0    0    0    0    0    1     
0    1    0    1    0    0     
1    0    1    0    0    1     
0    0    0    0    0    0     
0    0    0    0    0    0     
0    0    0    0    0    0     
0    0    0    0    0    0     
0    0    0    0    0    0     
0    0    0    1    0    0     
1    1    0    1    0    0     
0    0    0    0    0    0     
1    0    0    0    0    0     
0    0    0    0    0    0     
0    0    0    0    0    0     
0    0    0    0    0    0     
0    0    0    0    0    0     
0    0    0    0    0    0     
0    0    0    0    0    0     
0    0    0    1    0    0     
1    0    0    1    0    0     
1    0    0    0    0    0     
0    0    0    0    0    0     
0    0    0    0    0    0     
0    0    0    0    0    0     
0    0    0    0    0    0     
0    0    0    0    0    0     
0    0    0    0    0    0     
0    0    0    1    0    0     
1    0    0    1    0    0     
1    1    0    0    0    0     
0    0    0    0    0    0     
0    0    0    1    0    0     
1    0    0    0    0    0     
0    0    0    0    0    0     
0    0    0    0    0    0     
0    0    0    0    0    0     
0    0    0    0    0    0     
0    0    0    1    0    0     
1    1    0    1    0    0     
1    0    0    0    0    1     
0    0    0    0    0    0     
0    0    0    1    0    0     
1    1    0    0    0    0     
0    0    0    0    0    0     
0    0    0    0    0    0     
0    0    0    0    0    0     
0    0    0    0    0    0     
0    0    0    1    0    0     
1    0    0    1    0    0     
1    1    0    0    0    1     
0    0    0    1    0    0     
1    1    1    1    0    0     
0    0    0    0    0    0     
0    0    0    0    0    0     
0    0    0    0    0    0     
0    0    0    0    0    0     
0    0    0    0    0    0     
0    0    0    1    0    0     
1    0    0    1    0    0     
1    1    0    0    0    1     
0    0    0    0    0    0     
0    0    0    1    0    0     
1    0    0    0    0    0     
0    0    0    0    0    0     
0    0    0    0    0    0     
0    0    0    0    0    0     
0    0    0    0    0    0     
0    0    0    1    0    0     
1    0    0    1    0    0     
1    1    0    0    0    0     
0    0    0    0    0    0     
0    0    0    1    0    0     
1    0    0    0    0    0     
0    0    0    0    0    0     
0    0    0    0    0    0     
0    0    0    0    0    0     
0    0    0    0    0    0     
0    0    0    1    0    0     
1    1    0    1    0    0     
1    0    0    0    0    1     
0    0    0    1    0    0     
1    0    1    1    0    0     
1    0    0    0    0    0     
0    0    0    0    0    0     
0    0    0    0    0    0     
0    0    0    0    0    0     
0    0    0    0    0    0     
0    0    0    1    0    0     
1    0    0    1    0    0     
1    1    0    1    0    1     
0    0    1    0    0    0     
1    0    0    1    0    0     
1    0    0    0    0    0     
0    0    0    0    0    0     
0    0    0    0    0    0     
0    0    0    0    0    0     
0    0    0    0    0    0     
0    0    0    1    0    0     
1    0    0    1    0    0     
1    1    0    1    0    0     
1    0    0    0    0    1     
0    0    1    1    0    0     
1    1    1    0    0    0     
0    0    0    0    0    0     
0    0    0    0    0    0     
0    0    0    0    0    0     
0    0    0    0    0    0     
0    0    0    1    0    0     
1    0    0    1    0    0     
1    1    1    1    0    1     
1    0    0    0    0    0     
0    0    0    1    0    0     
1    1    1    0    0    0     
0    0    0    0    0    0     
0    0    0    0    0    0     
0    0    0    0    0    0     
0    0    0    0    0    0     
0    0    0    1    0    0     
1    0    0    1    0    0     
1    1    0    1    0    0     
1    0    0    0    0    0     
0    0    0    1    0    0     
1    1    0    0    0    0     
0    0    0    0    0    0     
0    0    0    0    0    0     
0    0    0    0    0    0     
0    0    0    0    0    0     
0    0    0    1    0    0     
1    0    0    1    0    0     
1    1    0    1    0    0     
1    0    0    0    0    0     
0    0    0    1    0    0     
1    1    1    0    0    0     
0    0    0    0    0    0     
0    0    0    0    0    0     
0    0    0    0    0    0     
0    0    0    0    0    0     
0    0    0    1    0    0     
1    0    0    1    0    0     
1    0    0    1    0    0     
1    1    1    1    0    1     
1    0    0    0    0    0     
0    0    0    0    0    0     
0    0    0    0    0    0     
0    0    0    0    0    0     
0    0    0    0    0    0     
0    0    0    0    0    0     
0    0    0    1    0    0     
1    0    0    1    0    0     
1    1    1    1    1    1     
1    0    0    0    0    0     
0    0    0    1    0    0     
1    0    0    0    0    0     
0    0    0    0    0    0     
0    0    0    0    0    0     
0    0    0    0    0    0     
0    0    0    0    0    0     
0    0    0    1    0    0     
1    0    0    1    0    0     
1    1    0    1    1    0     
1    0    0    0    0    0     
0    0    0    1    0    0     
1    0    0    0    0    1     
0    1    1    1    0    1     
0    0    0    0    0    0     
0    0    0    0    0    0     
0    0    0    0    0    0     
0    0    0    1    0    0     
1    0    0    1    0    0     
1    0    0    1    0    1     
1    1    1    1    1    1     
1    0    0    0    0    0     
0    0    0    0    0    0     
0    0    0    0    0    0     
0    0    0    0    0    0     
0    0    0    0    0    0     
0    0    0    0    0    0     
0    0    0    1    0    0     
1    0    0    1    0    0     
1    0    0    1    1    1     
1    0    1    1    0    0     
1    0    0    0    0    0     
0    0    0    1    0    1     
1    1    1    0    0    0     
0    0    0    0    0    0     
0    0    0    0    0    0     
0    0    0    0    0    0     
0    0    0    1    0    0     
1    0    0    1    0    0     
1    0    0    1    0    1     
1    0    1    1    0    0     
1    0    1    1    0    1     
1    1    1    0    0    1     
0    0    0    0    0    0     
0    0    0    0    0    0     
0    0    0    0    0    0     
0    0    0    0    0    0     
0    0    0    1    0    0     
1    0    0    1    0    0     
1    0    1    1    1    1     
1    0    0    1    0    0     
1    0    1    1    0    1     
1    0    1    0    0    0     
0    0    0    0    0    0     
0    0    0    0    0    0     
0    0    0    0    0    0     
0    0    0    0    0    0     
0    0    0    1    0    0     
1    0    0    1    0    0     
1    0    0    1    0    1     
1    0    1    1    0    0     
1    0    1    1    0    1     
1    0    1    0    0    0     
0    0    0    0    0    1     
0    0    0    0    0    0     
0    0    0    0    0    0     
0    0    0    0    0    0     
0    0    0    1    0    0     
1    0    0    1    0    0     
1    0    1    1    0    1     
1    0    1    1    0    1     
1    0    1    1    0    1     
1    0    1    0    0    1     
0    0    1    1    0    1     
1    0    0    0    0    0     
0    1    1    1    0    1     
0    0    0    0    0    0     
0    0    0    0    0    0     
1    0    0    1    0    0     
1    0    1    1    0    1     
1    0    1    1    0    1     
1    0    0    1    0    0     
1    1    1    1    0    1     
0    0    0    0    0    0     
0    0    0    0    0    0     
0    0    0    0    0    0     
0    0    0    0    0    0     
0    0    0    1    0    0     
1    0    0    1    0    1     
1    0    1    1    0    1     
1    0    1    1    0    1     
1    0    0    1    0    1     
1    1    1    0    0    1     
0    0    0    0    0    0     
0    0    0    0    0    0     
0    0    0    0    0    0     
0    0    0    0    0    0     
0    0    0    1    0    0     
1    0    0    1    0    0     
1    0    1    1    0    1     
1    0    1    1    0    1     
1    0    0    1    0    1     
1    1    1    1    0    1     
0    0    0    0    0    0     
0    0    0    0    0    0     
0    0    0    0    0    0     
0    0    0    0    0    0     
0    0    0    1    0    0     
1    0    0    1    0    1     
1    0    1    1    1    0     
1    0    0    0    0    1     
0    0    0    1    0    1     
1    0    1    0    0    0     
0    0    0    0    0    1     
0    0    0    0    0    0     
0    0    0    0    0    0     
0    0    0    0    0    0     
0    0    0    1    0    0     
1    0    0    1    1    1     
1    0    1    1    0    0     
1    0    0    1    0    1     
1    0    1    1    0    1     
1    0    0    0    0    0     
0    0    1    0    0    1     
0    0    0    0    0    0     
0    0    0    0    0    0     
0    0    0    0    0    0     
0    0    0    1    0    0     
1    0    0    1    0    0     
1    0    1    1    1    1     
1    0    0    0    0    0     
0    0    0    1    0    0     
1    0    1    0    0    1     
0    0    0    0    0    0     
0    0    0    0    0    0     
0    0    0    0    0    0     
0    0    0    0    0    0     
0    0    0    1    0    0     
1    0    0    1    0    1     
1    0    1    1    1    0     
1    0    0    0    0    0     
0    0    0    1    0    1     
1    0    0    0    0    0     
0    0    1    0    0    0     
0    0    0    0    0    0     
0    0    0    0    0    0     
0    0    0    0    0    0     
0    0    0    1    0    0     
1    0    0    1    0    1     
1    0    1    1    0    0     
1    0    0    0    0    1     
0    0    0    1    0    0     
1    0    0    0    0    0     
0    0    1    0    0    1     
0    0    0    0    0    0     
0    0    0    0    0    0     
0    0    0    0    0    0     
0    0    0    1    0    0     
1    0    0    1    0    0     
1    0    0    1    0    1     
1    0    1    1    1    0     
1    0    0    0    0    0     
0    0    0    0    0    0     
0    0    0    0    0    0     
0    0    0    0    0    0     
0    0    0    0    0    0     
0    0    0    0    0    0     
0    0    0    1    0    0     
1    0    0    1    0    1     
1    0    0    1    0    0     
1    0    1    1    0    1     
1    0    0    0    0    0     
0    0    0    0    0    0     
0    0    0    0    0    0     
0    0    0    0    0    0     
0    0    0    0    0    0     
0    0    0    0    0    0     
0    0    0    1    0    0     
1    0    0    1    0    0     
1    0    0    1    0    1     
1    0    0    1    0    0     
1    0    1    1    0    0     
1    0    1    0    0    1     
0    0    0    0    0    0     
0    0    0    0    0    0     
0    0    0    0    0    0     
0    0    0    0    0    0     
0    0    0    1    0    0     
1    0    0    1    0    0     
1    0    0    1    1    1     
1    0    1    0    0    0     
0    0    0    1    0    0     
1    0    0    0    0    0     
0    0    0    0    0    1     
0    0    0    0    0    0     
0    0    0    0    0    0     
0    0    0    0    0    0     
0    0    0    1    0    0     
1    0    0    1    0    0     
1    0    1    1    1    1     
0    0    0    0    0    0     
0    0    0    1    0    0     
1    0    0    0    0    0     
0    0    0    0    0    0     
0    0    0    0    0    0     
0    0    0    0    0    0     
0    0    0    0    0    0     
0    0    0    1    0    0     
1    0    0    1    0    0     
1    0    1    1    0    1     
1    0    1    1    0    1     
1    0    0    1    0    0     
1    1    1    0    0    1     
0    0    0    0    0    0     
0    0    0    0    0    0     
0    0    0    0    0    0     
0    0    0    0    0    0     
0    0    0    1    0    0     
1    0    0    1    0    0     
1    0    1    1    0    1     
1    0    1    1    0    1     
1    0    1    1    0    1     
1    0    1    0    0    1     
0    0    0    0    0    0     
0    0    0    0    0    0     
0    0    0    0    0    0     
0    0    0    0    0    0     
0    0    0    1    0    0     
1    0    0    1    0    0     
1    1    1    1    1    1     
0    0    0    0    0    0     
0    0    0    1    0    0     
1    0    0    0    0    0     
0    0    0    0    0    0     
0    0    0    0    0    0     
0    0    0    0    0    0     
0    0    0    0    0    0     
0    0    0    1    0    0     
1    0    0    1    0    1     
1    0    1    1    0    0     
1    0    0    0    0    0     
0    0    0    1    0    0     
1    1    0    0    0    1     
0    0    0    0    0    0     
0    0    0    0    0    0     
0    0    0    0    0    0     
0    0    0    0    0    0     
0    0    0    1    0    0     
1    0    0    1    0    0     
1    0    1    1    1    1     
0    0    0    0    0    0     
0    0    0    1    0    0     
1    0    0    0    0    0     
0    0    0    0    0    0     
0    0    0    0    0    0     
0    0    0    0    0    0     
0    0    0    0    0    0     
0    0    0    1    0    0     
1    0    0    1    0    0     
1    0    1    1    1    1     
0    0    0    0    0    0     
0    0    0    1    0    0     
1    0    0    0    0    0     
0    0    0    0    0    0     
0    0    0    0    0    0     
0    0    0    0    0    0     
0    0    0    0    0    0     
0    0    0    1    0    0     
1    0    0    1    0    0     
1    0    1    1    1    1     
0    0    0    0    0    0     
0    0    0    1    0    0     
1    0    0    0    0    0     
0    0    0    0    0    0     
0    0    0    0    0    0     
0    0    0    0    0    0     
0    0    0    0    0    0     
0    0    0    1    0    0     
1    0    0    1    0    0     
1    0    1    1    1    1     
0    0    0    0    0    0     
0    0    0    1    0    0     
1    0    0    0    0    0     
0    0    0    0    0    0     
0    0    0    0    0    0     
0    0    0    0    0    0     
0    0    0    0    0    0     
0    0    0    1    0    0     
1    0    0    1    0    0     
1    0    1    1    0    1     
0    0    0    0    0    0     
0    0    0    1    0    0     
1    0    0    0    0    0     
0    1    0    0    0    0     
0    0    0    0    0    0     
0    0    0    0    0    0     
0    0    0    0    0    0     
0    0    0    1    0    0     
1    0    0    1    0    0     
1    0    1    1    0    1     
0    0    0    0    0    0     
0    0    0    1    0    0     
1    0    0    0    0    0     
0    1    1    0    0    0     
0    0    0    0    0    0     
0    0    0    0    0    0     
____________________________________
Sun Apr  7 13:06:18 2024


PARAMETERS
NUMBER_NEURON = 6
VOLTAGE_TRESHOLD = 0.9
LEARNING_RATE = 0.1
LEAK_RATE = 1.5
TIME_ITERATION = 500
ITERATION_SPIKE_IN = 5
THRESHOLD_COORDINATES = 0.047
THRESHOLD_GYROSCOPE = 0.03  0.03  1.9   
0    0    0    0    0    0     
0    0    1    1    1    0     
1    1    1    1    1    1     
1    1    1    1    1    1     
0    0    0    1    1    0     
0    0    0    1    0    0     
0    0    1    0    0    0     
0    0    0    0    1    0     
0    0    0    0    0    0     
0    0    0    0    0    0     
0    0    0    0    0    0     
0    0    0    0    0    0     
0    0    0    0    0    0     
0    0    1    1    0    0     
1    0    1    0    1    0     
1    0    1    1    1    1     
0    0    0    1    1    1     
0    0    0    1    0    0     
0    0    0    0    0    0     
0    0    0    0    0    0     
0    0    0    0    0    0     
0    0    1    0    0    0     
0    0    1    0    1    0     
1    0    0    1    0    0     
0    0    1    0    1    0     
1    0    0    1    1    1     
0    0    0    1    0    0     
0    0    1    0    0    0     
1    0    0    0    1    1     
0    0    0    0    0    0     
0    0    0    0    0    0     
0    0    0    0    0    0     
0    0    1    0    0    0     
0    0    1    0    0    0     
1    0    1    1    1    0     
1    0    1    1    1    0     
0    0    0    0    1    1     
0    0    0    0    0    0     
0    0    0    0    0    0     
0    0    0    0    0    0     
0    0    0    0    0    0     
0    0    1    0    0    0     
1    0    1    0    0    0     
1    0    1    0    1    1     
0    0    0    0    0    0     
0    0    1    0    0    0     
1    0    0    0    0    0     
0    0    0    0    0    1     
0    0    0    0    0    0     
0    0    0    0    0    0     
0    0    0    0    0    0     
0    0    1    0    0    0     
0    0    1    0    0    0     
1    0    1    0    1    0     
1    0    1    1    1    1     
0    0    1    0    0    0     
1    0    0    0    1    1     
0    0    0    0    0    0     
0    0    0    0    0    0     
0    0    0    0    0    0     
0    0    0    0    0    0     
0    0    1    0    0    0     
1    0    1    0    0    0     
1    0    1    0    1    1     
0    0    0    0    0    0     
0    0    1    0    0    0     
1    0    0    0    0    0     
0    0    0    0    0    0     
0    0    0    0    0    0     
0    0    0    0    0    0     
0    0    0    0    0    0     
0    0    1    0    0    0     
1    0    1    0    0    0     
1    0    1    0    1    1     
0    0    0    0    0    0     
0    0    1    0    0    0     
1    0    0    0    0    0     
0    0    0    0    0    0     
0    0    0    0    0    0     
0    0    0    0    0    0     
0    0    0    0    0    0     
0    0    1    0    0    0     
1    0    1    0    0    0     
1    0    1    1    1    1     
0    0    0    0    0    0     
0    0    1    0    0    0     
1    0    0    0    0    0     
0    0    0    0    0    0     
0    0    0    0    0    0     
0    0    0    0    0    0     
0    0    0    0    0    0     
0    0    1    0    0    0     
1    0    1    0    0    0     
1    1    1    1    1    1     
0    0    0    0    0    0     
0    0    1    0    0    0     
1    0    0    0    0    0     
0    0    0    1    0    0     
0    0    0    0    0    0     
0    0    0    0    0    0     
0    0    0    0    0    0     
0    0    1    0    0    0     
1    0    1    0    0    0     
1    0    1    1    0    1     
0    1    1    1    0    1     
1    1    1    0    0    0     
1    1    0    1    1    1     
0    0    0    0    0    0     
0    0    0    0    0    0     
0    0    0    0    0    0     
0    0    0    0    0    0     
0    0    1    0    0    0     
1    0    1    0    0    0     
1    1    1    1    0    1     
0    0    1    0    0    0     
1    1    1    0    0    0     
1    1    0    1    0    1     
0    0    0    0    0    0     
0    0    0    0    0    0     
0    0    0    0    0    0     
0    0    0    0    0    0     
0    0    1    0    0    0     
1    0    1    0    0    0     
1    0    1    0    0    0     
1    0    1    1    0    1     
0    0    1    1    0    1     
0    1    0    0    1    0     
0    0    0    0    0    0     
0    0    0    0    0    0     
0    0    0    0    0    0     
0    0    0    0    0    0     
0    0    1    0    0    0     
1    0    1    0    0    0     
1    1    1    1    1    1     
0    0    0    0    0    0     
0    0    1    0    0    0     
1    1    0    0    0    0     
0    0    0    0    0    0     
0    0    0    0    0    0     
0    0    0    0    0    0     
0    0    0    0    0    0     
0    0    1    0    0    0     
1    0    1    0    0    0     
1    1    1    1    1    1     
0    0    0    0    0    0     
0    0    1    0    0    0     
1    0    0    0    0    0     
0    0    0    0    0    0     
0    0    0    0    0    0     
0    0    0    0    0    0     
0    0    0    0    0    0     
0    0    1    0    0    0     
1    0    1    0    0    0     
1    1    1    0    0    0     
1    0    1    0    0    1     
0    0    1    0    0    0     
1    1    0    0    0    1     
0    0    0    0    0    0     
0    0    0    0    0    0     
0    0    0    0    0    0     
0    0    0    0    0    0     
0    0    1    0    0    0     
1    0    1    0    0    0     
1    0    1    0    0    0     
1    0    1    0    0    1     
0    0    1    0    0    0     
1    1    0    0    0    1     
0    0    0    0    0    0     
0    0    0    0    0    0     
0    0    0    0    0    0     
0    0    0    0    0    0     
0    0    1    0    0    0     
1    0    1    0    0    0     
1    0    1    0    0    0     
1    0    1    0    0    0     
1    0    1    1    1    1     
0    0    0    0    0    0     
0    0    0    0    0    0     
0    0    0    0    0    0     
0    0    0    0    0    0     
0    0    0    0    0    0     
0    0    1    0    0    0     
1    0    1    0    0    0     
1    0    1    0    0    0     
1    0    1    1    0    0     
1    0    1    0    0    0     
1    1    0    0    1    1     
0    0    0    0    0    0     
0    0    0    0    0    0     
0    0    0    0    0    0     
0    0    0    0    0    0     
0    0    1    0    0    0     
1    0    1    0    0    0     
1    0    1    0    0    0     
1    0    1    1    0    0     
1    0    1    1    1    0     
1    1    0    0    0    0     
0    0    0    0    0    0     
0    0    0    0    0    0     
0    0    0    0    0    0     
0    0    0    0    0    0     
0    0    1    0    0    0     
1    0    1    0    0    0     
1    1    1    0    1    0     
1    0    0    0    0    0     
0    0    1    0    0    0     
1    0    0    0    0    0     
0    0    0    0    0    1     
0    0    0    0    0    0     
0    0    0    0    0    0     
0    0    0    0    0    0     
0    0    1    0    0    0     
1    0    1    0    0    0     
1    1    1    0    1    0     
0    0    0    0    0    0     
0    0    1    0    0    0     
1    1    0    0    0    0     
0    0    0    0    0    0     
0    0    0    0    0    0     
0    0    0    0    0    0     
0    0    0    0    0    0     
0    0    1    0    0    0     
1    0    1    0    0    0     
1    0    1    1    1    0     
1    0    1    0    0    0     
1    0    1    0    0    0     
1    1    0    1    1    1     
0    0    0    0    0    0     
0    0    0    0    0    0     
0    0    0    0    0    0     
0    0    0    0    0    0     
0    0    1    0    0    0     
1    0    1    0    0    0     
1    0    1    0    0    0     
1    1    1    0    1    0     
0    0    0    0    0    0     
0    0    0    0    0    0     
0    0    0    0    0    0     
0    0    0    0    0    0     
0    0    0    0    0    0     
0    0    0    0    0    0     
0    0    1    0    0    0     
1    0    1    0    0    0     
1    1    1    0    0    0     
1    0    1    0    0    0     
1    0    1    0    0    1     
0    1    0    0    0    1     
0    0    0    0    0    0     
0    0    0    0    0    0     
0    0    0    0    0    0     
0    0    0    0    0    0     
0    0    1    0    0    0     
1    0    1    0    0    0     
1    0    1    0    0    0     
1    1    1    0    0    1     
0    0    0    0    0    0     
0    0    0    0    0    0     
0    0    0    0    0    0     
0    0    0    0    0    0     
0    0    0    0    0    0     
0    0    0    0    0    0     
0    0    1    0    0    0     
1    0    1    0    0    0     
1    0    1    0    0    0     
1    1    1    1    1    1     
0    0    0    0    0    0     
0    0    0    0    0    0     
0    0    0    0    0    0     
0    0    0    0    0    0     
0    0    0    0    0    0     
0    0    0    0    0    0     
0    0    1    0    0    0     
1    0    1    0    0    0     
1    0    1    0    0    0     
1    1    1    0    1    1     
0    0    0    0    0    0     
0    0    0    0    0    0     
0    0    0    0    0    0     
0    0    0    0    0    0     
0    0    0    0    0    0     
0    0    0    0    0    0     
0    0    1    0    0    0     
1    0    1    0    0    0     
1    0    1    0    0    0     
1    1    1    0    1    0     
0    0    0    0    0    0     
0    0    0    0    0    0     
0    0    0    0    0    0     
0    0    0    0    0    0     
0    0    0    0    0    0     
0    0    0    0    0    0     
0    0    1    0    0    0     
1    0    1    0    0    0     
1    0    1    0    0    0     
1    1    1    0    0    0     
1    0    1    0    0    0     
1    1    1    1    1    1     
0    0    0    0    0    0     
0    0    0    0    0    0     
0    0    0    0    0    0     
0    0    0    0    0    0     
0    0    1    0    0    0     
1    0    1    0    0    0     
1    0    1    0    0    0     
1    0    1    0    0    0     
1    0    1    0    0    0     
1    1    1    1    1    1     
0    0    0    0    0    0     
0    0    0    0    0    0     
0    0    0    0    0    0     
0    0    0    0    0    0     
0    0    1    0    0    0     
1    0    1    0    0    0     
1    0    1    0    0    0     
1    0    1    0    0    0     
1    0    1    1    1    0     
0    0    0    0    0    0     
0    0    0    0    0    0     
0    0    0    0    0    0     
0    0    0    0    0    0     
0    0    0    0    0    0     
0    0    1    0    0    0     
1    0    1    0    0    0     
1    0    1    0    0    0     
1    0    1    1    0    0     
1    0    1    0    0    0     
1    1    1    1    1    1     
0    0    0    0    0    0     
0    0    0    0    0    0     
0    0    0    0    0    0     
0    0    0    0    0    0     
0    0    1    0    0    0     
1    0    1    0    0    0     
1    0    1    0    0    0     
1    0    1    0    0    0     
1    0    1    0    0    0     
1    1    1    1    1    1     
0    0    0    0    0    0     
0    0    0    0    0    0     
0    0    0    0    0    0     
0    0    0    0    0    0     
0    0    1    0    0    0     
1    0    1    0    0    0     
1    0    1    0    0    0     
1    0    1    0    0    0     
1    0    1    0    0    0     
1    1    1    1    1    1     
0    0    0    0    0    0     
0    0    0    0    0    0     
0    0    0    0    0    0     
0    0    0    0    0    0     
0    0    1    0    0    0     
1    0    1    0    0    0     
1    0    1    0    0    0     
1    0    1    0    0    0     
1    0    1    0    0    0     
1    1    1    1    1    1     
0    0    0    0    0    0     
0    0    0    0    0    0     
0    0    0    0    0    0     
0    0    0    0    0    0     
0    0    1    0    0    0     
1    0    1    0    0    0     
1    0    1    0    0    0     
1    0    1    0    0    0     
1    0    1    0    0    0     
1    1    1    1    1    1     
0    0    0    0    0    0     
0    0    0    0    0    0     
0    0    0    0    0    0     
0    0    0    0    0    0     
0    0    1    0    0    0     
1    0    1    0    0    0     
1    0    1    0    0    0     
1    0    1    0    0    0     
1    1    1    0    0    0     
0    1    0    0    0    0     
0    0    0    0    0    0     
0    0    0    0    0    0     
0    0    0    0    0    0     
0    0    0    0    0    0     
0    0    1    0    0    0     
1    0    1    0    0    0     
1    0    1    0    0    0     
1    1    1    0    0    0     
0    0    1    0    0    0     
1    1    1    1    1    1     
0    0    0    0    0    0     
0    0    0    0    0    0     
0    0    0    0    0    0     
0    0    0    0    0    0     
0    0    1    0    0    0     
1    0    1    0    0    0     
1    0    1    0    0    0     
1    0    1    0    0    0     
1    0    1    0    0    0     
1    1    1    1    1    1     
0    0    0    0    0    0     
0    0    0    0    0    0     
0    0    0    0    0    0     
0    0    0    0    0    0     
