____________________________________
Fri Mar 29 17:10:26 2024


PARAMETERS
NUMBER_NEURON = 6
VOLTAGE_TRESHOLD = 0.5
LEARNING_RATE = 0.1
LEAK_RATE = 1.5
TIME_ITERATION = 500
ITERATION_SPIKE_IN = 5
THRESHOLD_COORDINATES = 0.1
THRESHOLD_GYROSCOPE = 0.05  0.05  1.9   
____________________________________
Fri Mar 29 17:10:26 2024


PARAMETERS
NUMBER_NEURON = 6
VOLTAGE_TRESHOLD = 0.5
LEARNING_RATE = 0.1
LEAK_RATE = 1.5
TIME_ITERATION = 500
ITERATION_SPIKE_IN = 5
THRESHOLD_COORDINATES = 0.1
THRESHOLD_GYROSCOPE = 0.05  0.05  1.9   
0    1    0    1    1    1     
1    1    1    1    1    1     
1    1    1    1    1    1     
1    1    1    1    1    1     
1    1    1    1    0    1     
1    1    1    0    0    1     
0    0    1    1    0    1     
1    1    1    1    0    0     
1    1    1    1    0    1     
1    1    1    1    0    1     
0    1    1    1    0    1     
1    1    1    1    0    1     
1    1    1    1    0    1     
0    1    1    1    0    1     
1    1    1    1    0    1     
0    1    1    1    0    1     
1    1    1    1    0    1     
0    1    1    1    0    1     
1    1    1    1    0    1     
0    1    0    1    0    1     
0    1    1    1    0    1     
1    1    1    1    0    1     
1    1    1    1    0    1     
1    1    1    1    0    1     
0    1    1    1    0    1     
1    1    1    1    0    1     
0    1    0    1    0    1     
1    1    1    1    0    1     
0    0    1    1    0    1     
1    1    1    1    0    1     
0    0    0    1    0    1     
1    1    1    1    0    1     
0    1    1    1    0    1     
1    1    1    1    0    1     
0    1    1    1    0    1     
1    1    1    1    0    1     
0    0    0    1    0    0     
1    1    1    0    0    1     
0    0    1    1    0    1     
1    1    1    1    0    1     
1    1    1    1    0    1     
1    1    1    1    0    1     
1    1    1    1    0    1     
1    0    0    1    0    1     
1    1    1    1    0    1     
1    0    0    1    0    1     
1    0    0    0    0    0     
0    0    0    0    0    0     
0    0    0    0    0    0     
0    0    0    0    0    0     
0    0    0    0    0    0     
0    0    0    1    0    1     
1    1    1    1    0    1     
1    1    0    1    0    1     
1    1    1    1    0    1     
1    1    0    1    0    1     
1    1    1    0    0    1     
0    0    0    1    0    0     
1    1    1    0    0    1     
1    0    1    1    0    1     
1    1    0    0    0    0     
0    0    0    1    0    1     
1    1    1    1    0    1     
1    1    1    1    0    1     
1    1    1    1    0    1     
0    0    0    1    0    1     
1    1    1    1    0    1     
0    0    0    0    0    0     
0    0    0    0    0    0     
0    0    0    0    0    0     
0    0    0    0    0    0     
0    0    0    1    0    1     
1    1    1    1    0    1     
0    0    0    1    0    1     
1    1    1    1    0    1     
0    0    0    0    0    0     
0    0    0    0    0    0     
0    0    0    0    0    0     
0    0    0    0    0    0     
0    0    0    0    0    0     
0    0    0    0    0    0     
1    0    0    1    0    1     
1    0    0    1    0    1     
1    0    1    1    0    1     
1    0    1    1    0    1     
1    0    1    1    0    1     
1    1    1    1    0    0     
0    0    0    0    0    1     
1    1    1    1    0    0     
0    1    0    0    0    1     
1    1    1    1    0    1     
1    1    1    1    0    1     
1    1    1    1    0    1     
1    1    1    1    0    1     
1    0    1    1    0    1     
1    1    1    1    0    1     
0    0    1    1    0    0     
0    1    1    0    0    1     
0    1    1    1    0    0     
0    1    0    0    0    1     
1    1    1    1    0    1     
1    1    1    1    0    1     
1    0    1    1    0    1     
1    1    1    1    0    1     
1    0    1    1    0    1     
1    1    1    1    0    1     
0    0    1    0    0    1     
1    1    1    1    0    0     
0    0    0    0    0    1     
1    1    1    1    0    0     
0    1    0    0    0    1     
1    1    1    1    0    1     
1    1    1    1    0    1     
1    1    1    1    0    1     
1    0    1    1    0    1     
1    1    1    1    0    1     
0    0    1    0    0    1     
1    1    1    1    0    0     
0    0    0    0    0    1     
1    1    1    1    0    0     
0    0    0    0    0    1     
1    1    1    1    0    1     
1    1    1    1    0    1     
1    0    1    1    0    1     
1    1    1    1    0    1     
1    0    1    1    0    1     
1    1    1    1    0    1     
0    0    1    0    0    1     
1    1    1    1    0    1     
0    0    1    0    0    1     
1    1    1    1    0    1     
0    0    0    1    0    1     
1    0    1    1    0    1     
1    0    1    1    0    1     
1    0    1    1    0    1     
1    0    1    1    0    1     
1    1    1    1    0    1     
1    1    1    1    0    1     
0    0    1    0    0    1     
1    1    1    1    0    1     
0    0    1    0    0    1     
1    0    1    1    0    1     
1    0    1    1    0    1     
1    0    1    1    0    1     
1    0    1    1    1    1     
1    0    1    1    1    1     
1    0    1    1    0    1     
1    1    1    1    1    1     
1    0    0    0    0    1     
1    0    1    1    0    0     
1    0    1    0    0    1     
1    0    1    1    0    1     
1    0    1    1    1    1     
1    0    1    1    1    1     
1    0    1    1    0    1     
1    0    1    1    0    1     
1    0    1    1    1    1     
1    0    1    1    1    1     
1    0    1    1    1    0     
1    0    0    0    1    1     
1    0    1    1    1    0     
1    0    1    1    1    1     
1    0    1    1    1    1     
1    0    1    1    0    1     
1    0    1    1    0    1     
1    0    1    1    1    1     
1    0    1    1    1    0     
1    0    0    0    1    1     
1    0    1    1    1    0     
1    0    0    0    1    0     
0    0    0    0    1    0     
1    0    0    1    0    1     
1    0    1    1    1    1     
1    0    1    1    1    1     
1    0    1    1    1    1     
1    0    1    1    1    1     
1    0    1    1    0    0     
0    0    0    1    1    1     
1    0    1    1    1    1     
1    0    1    1    1    0     
0    0    0    0    1    0     
0    0    0    1    0    1     
1    0    1    1    1    1     
1    0    1    1    1    1     
1    0    1    1    0    0     
0    0    0    1    0    1     
1    0    1    1    1    1     
0    0    1    1    0    0     
0    0    1    0    0    1     
1    0    1    1    0    0     
0    0    1    0    1    1     
1    0    1    1    0    1     
1    0    1    1    1    1     
1    0    1    1    1    1     
0    0    1    1    0    0     
1    0    1    1    0    1     
1    0    1    1    0    0     
1    0    1    1    1    1     
1    0    1    1    0    0     
1    0    1    1    0    0     
1    0    1    1    1    1     
1    0    1    1    0    0     
1    0    1    1    0    1     
1    0    1    1    0    1     
1    0    1    1    1    1     
1    0    1    1    1    0     
0    0    0    0    1    0     
0    0    0    0    0    0     
0    0    0    0    0    0     
0    0    0    0    0    0     
0    0    0    0    0    0     
0    0    0    1    0    1     
1    0    1    1    0    1     
1    0    1    1    1    1     
1    0    1    1    1    1     
0    0    1    1    0    0     
1    0    1    0    0    1     
1    0    1    1    1    0     
0    0    0    0    1    0     
0    0    0    0    0    0     
0    0    0    0    0    0     
0    0    0    1    0    1     
1    0    1    1    0    1     
1    0    1    1    1    1     
1    0    1    1    1    1     
0    0    1    1    0    0     
1    0    1    0    1    1     
0    0    1    1    1    0     
0    0    1    0    1    0     
0    0    0    0    1    0     
0    0    0    0    0    0     
0    0    0    1    0    1     
1    0    1    1    1    1     
1    0    1    1    1    1     
0    0    1    1    0    1     
1    0    1    1    1    1     
0    0    1    1    1    0     
0    0    1    0    1    1     
0    0    1    1    1    0     
0    0    1    0    1    1     
0    0    1    1    1    0     
1    0    1    1    1    1     
1    0    1    1    1    1     
1    0    1    1    0    1     
1    0    1    1    1    1     
0    0    1    1    0    0     
1    0    1    1    1    1     
0    0    0    1    0    0     
1    0    1    0    1    1     
0    0    0    1    0    0     
0    0    1    0    1    0     
0    0    0    1    0    1     
1    0    1    1    1    1     
0    0    1    1    0    0     
1    0    1    1    0    1     
1    0    1    1    0    1     
1    1    1    1    1    1     
0    0    0    0    0    0     
0    0    0    0    0    0     
0    0    0    0    0    0     
0    0    0    0    0    0     
0    0    0    1    0    1     
1    0    1    1    0    1     
1    0    1    1    0    1     
1    1    1    1    1    1     
0    0    0    1    0    0     
0    0    0    0    0    1     
0    1    1    1    0    0     
0    1    0    0    0    1     
0    1    0    0    0    0     
0    0    0    0    0    0     
0    0    0    1    0    1     
1    1    1    1    0    1     
0    1    0    1    0    1     
1    1    1    1    0    1     
0    1    0    1    0    1     
0    1    1    0    0    1     
0    1    0    1    0    1     
0    1    1    1    0    1     
0    1    1    1    0    1     
1    1    1    1    0    1     
1    1    0    1    0    1     
1    0    1    1    0    1     
1    1    1    1    0    1     
1    1    0    1    0    1     
1    0    0    1    0    1     
1    1    1    1    0    0     
0    1    0    0    0    1     
0    1    0    1    0    0     
0    1    0    0    0    1     
0    1    0    1    0    0     
0    1    0    1    0    1     
1    1    1    1    0    1     
1    1    1    1    0    1     
1    1    0    1    0    1     
1    1    1    1    0    1     
0    1    1    1    0    1     
1    1    1    1    0    1     
0    1    1    0    0    1     
0    1    0    1    0    1     
0    1    1    1    0    1     
1    1    1    1    0    1     
1    1    0    1    0    1     
1    0    0    1    0    1     
1    1    1    1    0    1     
1    1    0    1    0    1     
1    1    1    0    0    1     
0    1    0    1    0    0     
0    1    0    0    0    1     
0    1    0    0    0    1     
0    1    1    1    0    1     
1    1    1    1    0    1     
1    1    0    1    0    1     
1    1    0    1    0    1     
1    0    0    1    0    1     
1    0    1    1    0    1     
1    1    1    1    0    1     
1    1    1    0    0    1     
0    1    0    1    0    0     
0    1    0    0    0    1     
0    1    0    1    0    1     
1    1    1    1    0    1     
1    1    0    1    0    1     
1    0    0    1    0    1     
1    0    1    1    0    1     
1    1    1    1    0    1     
0    1    1    0    0    1     
0    1    0    1    0    1     
1    1    1    1    0    1     
1    1    0    1    0    1     
1    1    1    0    0    1     
0    0    0    1    0    0     
1    0    0    1    0    1     
1    0    1    1    0    1     
1    0    1    1    0    1     
1    1    1    1    0    1     
1    1    1    0    0    1     
0    0    0    1    0    0     
1    1    1    0    0    1     
0    0    0    1    0    0     
1    1    1    0    0    1     
1    0    0    1    0    1     
1    0    1    1    0    1     
1    1    1    1    0    1     
1    1    0    1    0    1     
1    0    1    1    0    1     
1    1    1    1    0    1     
1    1    1    1    0    1     
1    1    0    1    0    1     
1    1    1    1    0    1     
0    1    0    0    0    1     
0    0    0    1    0    1     
1    1    1    1    0    1     
0    0    0    1    0    1     
1    1    1    1    0    1     
0    0    0    1    0    1     
1    1    1    1    0    1     
0    0    0    0    0    0     
0    0    0    0    0    0     
0    0    0    0    0    0     
0    0    0    0    0    0     
0    0    0    1    0    1     
1    0    1    1    0    1     
1    0    1    1    0    1     
1    0    1    1    0    1     
1    0    1    1    0    1     
1    0    1    0    0    1     
1    0    1    1    0    0     
1    0    0    0    0    0     
0    0    0    0    0    0     
0    0    0    0    0    0     
0    0    0    1    0    1     
1    0    1    1    0    1     
1    0    1    1    0    1     
1    0    1    1    0    1     
1    0    1    1    0    1     
1    1    1    1    0    1     
0    1    0    0    0    1     
0    1    0    0    0    0     
0    0    0    0    0    0     
0    0    0    0    0    0     
0    0    0    1    0    1     
1    0    1    1    0    1     
1    1    1    1    0    1     
0    0    0    1    0    1     
1    1    1    1    0    1     
0    1    0    0    0    0     
0    0    0    0    0    0     
0    0    0    0    0    0     
0    0    0    0    0    0     
0    0    0    0    0    0     
0    0    0    1    0    1     
1    0    1    1    0    1     
1    0    1    1    0    1     
1    0    1    1    0    1     
1    0    1    1    0    1     
1    1    1    1    0    1     
0    1    0    0    0    1     
0    1    0    0    0    0     
0    0    0    0    0    0     
0    0    0    0    0    0     
0    0    0    1    0    1     
1    0    1    1    0    1     
1    0    1    1    0    1     
1    0    1    1    0    1     
1    0    1    1    0    1     
1    1    1    1    1    1     
0    0    0    0    0    0     
0    0    0    0    0    0     
0    0    0    0    0    0     
0    0    0    0    0    0     
0    0    0    1    0    1     
1    0    1    1    0    1     
1    0    1    1    0    1     
1    0    1    1    0    1     
1    0    1    1    0    1     
1    1    1    1    1    1     
0    0    0    0    0    0     
0    0    0    0    0    0     
0    0    0    0    0    0     
0    0    0    0    0    0     
0    0    0    1    0    1     
1    0    1    1    0    1     
1    0    1    1    0    1     
1    0    1    1    0    1     
1    0    1    1    0    1     
1    1    1    1    1    1     
0    0    0    0    0    0     
0    0    0    0    0    0     
0    0    0    0    0    0     
0    0    0    0    0    0     
0    0    0    1    0    1     
1    0    1    1    0    1     
1    0    1    1    0    1     
1    1    1    1    0    1     
0    0    0    1    0    1     
1    1    1    1    0    1     
0    1    0    0    0    1     
0    1    0    0    0    0     
0    0    0    0    0    0     
0    0    0    0    0    0     
0    0    0    1    0    1     
1    0    1    1    0    1     
1    0    1    1    0    1     
1    0    1    1    0    1     
1    0    1    1    0    1     
1    1    1    1    0    1     
0    1    0    0    0    0     
0    0    0    0    0    0     
0    0    0    0    0    0     
0    0    0    0    0    0     
0    0    0    1    0    1     
1    0    1    1    0    1     
1    0    1    1    0    1     
1    0    1    1    0    1     
1    0    1    1    0    1     
1    1    1    1    1    1     
0    0    0    0    0    0     
0    0    0    0    0    0     
0    0    0    0    0    0     
0    0    0    0    0    0     
0    0    0    1    0    1     
1    0    1    1    0    1     
1    0    1    1    0    1     
1    0    1    1    0    1     
1    0    1    1    0    1     
1    1    1    1    1    1     
0    0    0    0    0    0     
0    0    0    0    0    0     
0    0    0    0    0    0     
0    0    0    0    0    0     
0    0    0    1    0    1     
1    0    1    1    0    1     
1    0    1    1    0    1     
1    0    1    1    0    1     
1    0    1    1    1    1     
0    0    1    0    1    0     
0    0    0    0    0    0     
0    0    0    0    0    0     
0    0    0    0    0    0     
0    0    0    0    0    0     
0    0    0    1    0    1     
1    0    1    1    0    1     
1    0    1    1    0    1     
1    0    1    1    0    1     
1    0    1    1    0    1     
1    1    1    1    1    1     
0    0    0    0    0    0     
0    0    0    0    0    0     
0    0    0    0    0    0     
0    0    0    0    0    0     
0    0    0    1    0    1     
1    0    1    1    0    1     
1    0    1    1    0    1     
1    0    1    1    0    1     
1    0    1    1    0    1     
1    1    1    1    1    1     
0    0    0    0    0    0     
0    0    0    0    0    0     
0    0    0    0    0    0     
____________________________________
Fri Mar 29 17:16:18 2024


PARAMETERS
NUMBER_NEURON = 6
VOLTAGE_TRESHOLD = 0.5
LEARNING_RATE = 0.1
LEAK_RATE = 1.5
TIME_ITERATION = 500
ITERATION_SPIKE_IN = 5
THRESHOLD_COORDINATES = 0.1
THRESHOLD_GYROSCOPE = 0.05  0.05  1.9   
0    0    1    0    0    1     
1    1    1    1    1    1     
1    1    1    1    1    1     
1    1    1    1    1    1     
1    1    1    1    1    1     
1    1    1    1    1    1     
1    1    1    0    1    1     
0    1    1    0    0    1     
0    1    0    0    1    0     
1    1    1    0    0    1     
1    1    1    1    1    1     
1    1    1    0    1    1     
1    1    1    0    0    1     
1    1    1    1    1    1     
1    1    1    0    1    1     
1    1    0    0    0    1     
1    1    1    0    1    1     
1    1    0    0    1    0     
1    1    1    0    0    1     
1    1    1    0    1    1     
1    1    1    0    1    0     
1    1    1    0    1    1     
1    1    1    0    1    1     
1    1    1    0    1    0     
1    1    1    0    1    1     
1    1    1    0    1    0     
1    1    1    0    1    1     
1    1    1    0    1    0     
1    1    1    0    1    1     
1    1    1    0    1    1     
1    1    1    0    1    0     
1    1    1    0    0    1     
1    1    1    0    1    1     
1    1    1    0    0    1     
1    1    1    0    1    1     
1    1    1    0    0    1     
1    1    1    0    1    1     
1    1    1    0    1    1     
0    1    1    0    1    0     
1    1    0    0    1    0     
1    1    1    0    1    1     
1    1    1    0    0    1     
1    1    1    0    1    1     
1    1    1    0    0    1     
1    1    1    0    1    1     
1    1    1    0    0    0     
1    1    1    0    1    1     
0    1    1    0    1    1     
1    1    0    0    1    1     
1    1    1    0    1    1     
1    1    1    0    1    1     
1    1    1    0    0    1     
1    1    1    0    0    1     
1    1    1    0    1    1     
1    1    1    0    0    1     
1    1    1    0    1    1     
1    1    1    0    1    1     
1    1    1    0    1    1     
0    1    1    0    1    0     
1    0    0    0    1    0     
0    1    0    0    0    0     
1    1    1    0    0    1     
1    1    1    0    0    1     
1    1    1    1    1    1     
1    1    1    0    0    1     
1    1    1    0    1    1     
1    1    1    0    1    1     
1    1    1    0    1    1     
0    0    0    0    0    1     
0    0    0    0    0    0     
0    0    0    0    0    0     
1    1    1    0    0    0     
1    1    1    1    0    1     
1    1    1    0    0    1     
1    1    1    1    0    1     
1    1    1    0    0    1     
1    1    1    1    0    1     
0    1    1    0    0    1     
1    1    1    1    1    1     
0    0    0    0    0    0     
0    0    0    0    0    0     
0    1    0    0    0    0     
1    1    1    0    0    1     
1    1    1    0    0    1     
1    1    1    1    0    1     
1    1    1    1    0    1     
0    1    1    1    0    1     
1    1    0    1    0    1     
1    1    1    1    0    1     
1    1    1    1    1    1     
0    0    0    0    0    0     
0    1    0    0    0    0     
1    1    1    0    0    1     
1    1    1    0    0    1     
1    1    1    1    0    1     
1    1    1    1    0    1     
0    1    0    1    0    1     
0    0    0    1    0    1     
0    0    0    0    0    0     
0    0    0    0    0    0     
0    0    0    0    0    0     
0    1    0    0    0    0     
1    1    1    0    0    1     
1    1    1    1    0    1     
1    1    1    1    0    1     
0    1    1    1    0    1     
0    1    0    1    0    1     
1    0    1    1    0    1     
0    1    1    1    1    1     
0    0    0    0    1    0     
0    0    0    0    0    0     
0    1    0    0    0    0     
1    1    1    0    0    1     
1    1    1    1    0    1     
1    1    1    1    0    1     
0    1    1    1    0    1     
1    1    1    1    0    1     
0    1    1    1    0    1     
0    1    1    1    0    1     
1    1    1    1    1    1     
0    0    0    0    0    0     
0    1    0    0    0    0     
1    1    1    0    0    1     
1    1    1    1    0    1     
1    1    1    1    0    1     
0    1    1    1    0    1     
0    1    1    1    0    1     
1    1    1    1    1    1     
0    0    0    0    0    0     
0    0    0    0    0    0     
0    0    0    0    0    0     
0    1    1    0    0    0     
1    1    1    0    0    1     
1    1    1    1    0    1     
1    1    1    1    0    1     
0    1    1    0    0    1     
1    1    1    1    0    1     
0    1    1    1    0    1     
0    1    0    1    1    1     
0    0    0    0    0    0     
0    0    0    0    0    0     
0    1    1    0    0    1     
1    1    1    1    0    1     
1    1    0    0    0    1     
1    1    1    0    0    1     
1    1    1    1    0    1     
1    1    1    1    0    1     
0    1    0    1    0    1     
0    0    0    1    0    1     
0    0    0    1    0    0     
0    0    0    0    0    0     
0    1    0    0    0    0     
1    1    1    0    0    1     
1    1    1    1    0    1     
1    1    1    1    0    1     
1    1    1    0    0    1     
1    1    1    1    0    1     
0    1    0    1    0    1     
0    0    0    1    0    1     
0    0    0    1    0    0     
0    0    0    0    0    0     
0    1    0    0    0    0     
1    1    1    0    0    1     
1    1    1    1    0    1     
1    1    1    0    0    1     
1    1    1    1    0    1     
0    1    0    1    0    1     
0    0    0    1    0    1     
0    0    0    1    0    0     
0    0    0    0    0    0     
0    0    0    0    0    0     
0    1    0    0    0    0     
1    1    1    0    0    1     
1    1    1    1    0    1     
1    1    1    1    0    1     
0    1    1    0    0    1     
1    1    1    1    0    1     
0    0    0    1    0    0     
0    0    0    0    0    0     
0    0    0    0    0    0     
0    0    0    0    0    0     
0    1    0    0    0    0     
1    1    1    0    0    1     
1    1    1    0    0    1     
1    1    1    1    0    1     
0    1    1    1    0    1     
1    1    1    1    0    1     
0    1    0    1    0    1     
1    0    1    1    0    1     
0    1    0    1    0    0     
0    0    0    1    0    1     
0    1    0    0    0    0     
1    1    1    1    0    1     
1    1    1    1    0    1     
0    1    1    0    0    1     
1    1    1    1    0    1     
0    1    0    1    0    1     
0    0    1    1    0    1     
0    1    0    1    0    0     
1    0    1    1    0    1     
0    1    0    1    0    0     
1    1    1    1    0    1     
1    1    1    1    0    1     
0    1    1    0    0    1     
1    1    1    1    0    1     
0    1    0    0    0    1     
1    1    1    1    0    1     
0    0    0    1    0    0     
0    0    0    0    0    0     
0    0    0    0    0    0     
0    0    0    0    0    0     
0    1    0    0    0    0     
1    1    1    0    0    1     
1    1    1    0    0    1     
1    1    1    0    0    1     
1    1    1    1    0    1     
0    0    0    1    0    0     
0    0    0    0    0    0     
0    0    0    0    0    0     
0    0    0    0    0    0     
0    0    0    0    0    0     
0    1    0    0    0    1     
1    1    1    0    0    1     
1    1    1    1    0    1     
0    1    0    0    0    1     
1    1    1    1    0    1     
0    0    0    1    0    0     
0    0    0    0    0    0     
0    0    0    0    0    0     
0    0    0    0    0    0     
0    0    0    0    0    0     
0    1    0    0    0    0     
1    1    1    0    0    1     
1    1    1    0    0    1     
1    1    1    0    0    1     
1    1    1    0    0    1     
1    1    1    1    0    1     
0    0    1    1    0    1     
0    0    0    1    0    0     
0    0    0    0    0    0     
0    0    0    0    0    0     
0    1    0    0    0    0     
1    1    1    0    0    1     
1    1    1    1    0    1     
1    1    1    1    0    1     
1    1    1    0    0    1     
1    1    1    1    0    1     
0    0    0    1    0    0     
0    0    0    0    0    0     
0    0    0    0    0    0     
0    0    0    0    0    0     
0    1    0    0    0    0     
1    1    1    0    0    1     
1    1    1    0    0    1     
1    1    1    1    0    1     
0    1    0    0    0    1     
1    1    1    1    0    1     
0    0    0    1    0    0     
0    0    0    0    0    0     
0    0    0    0    0    0     
0    0    0    0    0    0     
0    1    0    0    0    0     
1    1    1    0    0    1     
1    1    1    0    0    1     
1    1    1    0    0    1     
1    1    1    1    0    1     
0    0    0    1    0    0     
0    0    0    0    0    0     
0    0    0    0    0    0     
0    0    0    0    0    0     
0    0    0    0    0    0     
0    1    0    0    0    0     
1    1    1    0    0    1     
1    1    1    0    0    1     
1    1    1    1    0    1     
0    1    0    1    0    1     
1    0    1    1    0    1     
0    0    0    1    0    0     
0    0    0    0    0    0     
0    0    0    0    0    0     
0    0    0    0    0    0     
0    1    0    0    0    0     
1    1    1    0    0    1     
1    1    1    1    0    1     
1    1    0    1    0    1     
1    1    1    1    0    1     
0    0    0    1    0    1     
0    0    0    1    0    0     
0    0    0    0    0    0     
0    0    0    0    0    0     
0    0    0    0    0    0     
0    1    0    0    0    0     
1    1    1    0    0    1     
1    1    1    1    0    1     
0    1    0    1    0    1     
1    1    1    1    0    1     
0    0    0    1    0    0     
0    0    0    0    0    0     
0    0    0    0    0    0     
0    0    0    0    0    0     
0    0    0    0    0    0     
0    1    0    0    0    0     
1    1    1    0    0    1     
1    1    1    0    0    1     
1    1    1    1    0    1     
0    1    0    0    0    1     
1    1    1    1    0    1     
0    0    0    1    0    0     
0    0    0    0    0    0     
0    0    0    0    0    0     
0    0    0    0    0    0     
0    1    0    0    0    0     
1    1    1    0    0    1     
1    1    1    0    0    1     
1    1    1    0    0    1     
1    1    1    0    0    1     
1    1    1    1    0    1     
0    0    0    1    0    0     
0    0    0    0    0    0     
0    0    0    0    0    0     
0    0    0    0    0    0     
0    1    0    0    0    0     
1    1    1    0    0    1     
1    1    1    0    0    1     
1    1    1    1    0    1     
1    1    0    0    0    0     
1    0    1    1    0    1     
0    0    0    0    0    0     
0    0    0    0    0    0     
0    0    0    0    0    0     
0    0    0    0    0    0     
0    1    0    0    0    0     
1    1    1    0    0    1     
1    1    1    0    0    1     
1    1    1    1    0    1     
1    1    0    1    0    1     
1    0    0    1    0    1     
0    0    0    0    0    0     
0    0    0    0    0    0     
0    0    0    0    0    0     
0    0    0    0    0    0     
0    1    0    0    0    0     
1    1    1    0    0    1     
1    1    1    1    0    1     
1    1    0    1    0    1     
1    1    0    1    0    1     
1    0    1    1    0    1     
0    0    0    1    0    0     
0    0    0    0    0    0     
0    0    0    0    0    0     
0    0    0    0    0    0     
0    1    0    0    0    0     
1    1    1    0    0    1     
1    1    1    1    0    1     
1    1    1    1    0    1     
1    1    0    1    0    1     
1    0    0    1    0    1     
0    0    0    0    0    0     
0    0    0    0    0    0     
0    0    0    0    0    0     
0    0    0    0    0    0     
0    1    0    0    0    0     
1    1    1    0    0    1     
1    1    1    1    0    1     
1    1    0    1    0    1     
1    1    0    1    0    1     
1    0    0    1    0    1     
0    0    0    0    0    0     
0    0    0    0    0    0     
0    0    0    0    0    0     
0    0    0    0    0    0     
0    1    0    0    0    0     
1    1    1    0    0    1     
1    1    1    1    0    1     
1    1    0    1    0    1     
1    1    0    1    0    1     
1    0    0    1    0    1     
0    0    0    1    0    0     
0    0    0    0    0    0     
0    0    0    0    0    0     
0    0    0    0    0    0     
0    1    0    0    0    0     
1    1    1    0    0    1     
1    1    1    1    0    1     
1    1    0    1    0    1     
1    1    0    1    0    1     
1    0    1    1    0    1     
0    0    0    1    0    0     
0    0    0    0    0    0     
0    0    0    0    0    0     
0    0    0    0    0    0     
0    1    0    0    0    0     
1    1    1    0    0    1     
1    1    1    1    0    1     
1    1    0    1    0    1     
1    1    0    1    0    1     
1    0    1    1    0    1     
0    0    0    1    0    0     
0    0    0    0    0    0     
0    0    0    0    0    0     
0    0    0    0    0    0     
0    1    0    0    0    0     
1    1    1    1    0    1     
1    1    0    1    0    1     
1    1    0    1    0    1     
1    1    1    1    0    1     
1    0    1    1    0    1     
0    0    0    0    0    0     
0    0    0    0    0    0     
0    0    0    0    0    0     
0    0    0    0    0    0     
0    1    0    0    0    0     
1    1    1    0    0    1     
1    1    1    1    0    1     
1    1    0    1    0    1     
1    1    0    1    0    1     
1    0    0    1    0    1     
0    0    0    0    0    0     
0    0    0    0    0    0     
0    0    0    0    0    0     
0    0    0    0    0    0     
0    1    0    0    0    0     
1    1    1    1    0    1     
1    1    0    1    0    1     
1    1    0    1    0    1     
1    1    0    1    0    1     
1    0    1    1    0    1     
0    0    0    0    0    0     
0    0    0    0    0    0     
0    0    0    0    0    0     
0    0    0    0    0    0     
0    1    0    0    0    0     
1    1    1    1    0    1     
1    1    0    1    0    1     
1    1    0    1    0    1     
1    1    0    1    0    1     
1    0    1    1    0    1     
0    0    0    0    0    0     
0    0    0    0    0    0     
0    0    0    0    0    0     
0    0    0    0    0    0     
0    1    0    0    0    0     
1    1    1    1    0    1     
1    1    0    1    0    1     
1    1    0    1    0    1     
1    1    1    1    0    1     
1    0    1    1    0    0     
0    0    0    0    0    0     
0    0    0    0    0    0     
0    0    0    0    0    0     
0    0    0    0    0    0     
0    1    0    0    0    0     
1    1    1    0    0    1     
1    1    1    1    0    1     
1    1    0    1    0    0     
1    1    0    0    0    1     
1    1    1    1    0    1     
1    0    0    1    0    0     
0    0    0    0    0    0     
0    0    0    0    0    0     
0    0    0    0    0    0     
0    1    0    0    0    0     
1    1    1    0    0    1     
1    1    1    0    0    1     
1    1    1    1    0    1     
1    1    0    0    0    0     
1    0    1    1    0    1     
0    0    0    0    0    0     
0    0    0    0    0    0     
0    0    0    0    0    0     
0    0    0    0    0    0     
0    1    0    0    0    0     
1    1    1    0    0    1     
1    1    1    0    0    1     
1    1    1    1    0    1     
0    1    0    0    0    0     
1    0    1    1    0    1     
0    0    0    0    0    0     
0    0    0    0    0    0     
0    0    0    0    0    0     
0    0    0    0    0    0     
0    1    0    0    0    0     
1    1    1    0    0    1     
1    1    1    0    0    1     
1    1    1    0    0    1     
1    1    1    1    0    1     
0    0    0    1    0    0     
0    0    0    0    0    0     
0    0    0    0    0    0     
0    0    0    0    0    0     
0    0    0    0    0    0     
0    1    0    0    0    0     
1    1    1    0    0    1     
1    1    1    0    0    1     
1    1    1    0    0    1     
1    1    1    0    0    1     
1    1    1    1    0    0     
0    0    0    1    0    0     
0    0    0    0    0    0     
0    0    0    0    0    0     
____________________________________
Fri Mar 29 17:21:50 2024


PARAMETERS
NUMBER_NEURON = 6
VOLTAGE_TRESHOLD = 0.5
LEARNING_RATE = 0.1
LEAK_RATE = 1.5
TIME_ITERATION = 500
ITERATION_SPIKE_IN = 5
THRESHOLD_COORDINATES = 0.1
THRESHOLD_GYROSCOPE = 0.05  0.05  1.9   
0    1    1    0    1    0     
1    1    1    1    1    1     
1    1    1    1    1    1     
1    1    1    1    1    1     
1    1    1    1    1    1     
0    0    1    0    1    1     
1    1    1    1    1    0     
0    0    1    0    0    1     
0    1    1    0    1    0     
0    0    1    1    1    1     
1    1    1    1    1    1     
1    1    1    1    1    1     
0    0    1    1    1    1     
1    1    1    1    1    1     
0    0    1    0    1    1     
1    1    1    1    1    1     
0    0    1    0    0    1     
0    1    1    1    1    0     
0    1    0    1    1    1     
1    1    1    1    1    1     
1    1    1    0    1    1     
0    0    1    1    0    1     
1    1    1    1    1    1     
0    0    1    0    0    1     
1    0    1    1    1    1     
1    0    1    1    1    1     
1    0    1    1    1    0     
1    0    0    1    0    1     
1    0    1    1    0    0     
0    0    0    1    1    1     
1    1    1    1    1    1     
1    0    1    0    1    1     
1    1    1    1    1    1     
1    0    1    0    1    1     
1    1    1    1    1    1     
1    0    1    0    0    1     
1    1    1    1    1    1     
1    0    1    0    0    0     
0    0    1    1    1    1     
1    1    1    1    1    1     
1    0    1    0    0    0     
1    0    1    1    1    1     
1    0    1    1    1    1     
1    0    1    1    1    1     
1    0    1    1    1    1     
1    0    1    0    0    1     
1    0    1    1    1    0     
1    0    0    1    0    1     
1    0    1    1    0    0     
0    0    0    1    1    1     
1    1    1    1    1    1     
1    0    1    0    0    1     
1    0    1    0    1    1     
1    0    1    1    1    1     
1    1    1    1    1    1     
1    0    1    0    0    1     
1    0    1    1    1    1     
1    1    1    1    1    1     
0    0    0    0    0    0     
0    0    0    0    0    0     
0    0    0    0    0    0     
0    0    1    0    0    1     
1    0    1    0    1    1     
1    0    1    1    1    1     
1    0    1    1    1    1     
1    0    1    0    0    1     
1    0    1    1    1    0     
0    0    0    1    0    0     
0    0    0    0    0    0     
0    0    0    0    0    0     
0    0    0    0    0    0     
0    0    1    0    0    1     
1    0    1    1    1    1     
1    0    1    1    0    1     
1    0    1    1    1    1     
1    0    1    1    0    1     
1    1    1    1    1    1     
0    0    0    0    0    0     
0    0    0    0    0    0     
0    0    0    0    0    0     
0    0    0    0    0    0     
0    0    1    0    0    1     
1    0    1    1    1    1     
1    0    1    1    0    1     
1    0    1    1    0    1     
1    1    1    1    1    1     
0    0    0    0    0    0     
0    0    0    0    0    0     
0    0    0    0    0    0     
0    0    0    0    0    0     
0    0    0    0    0    0     
0    0    1    0    0    1     
1    0    1    1    1    1     
1    0    1    0    0    1     
1    0    1    1    1    1     
1    0    1    0    0    1     
1    1    1    1    1    1     
0    0    0    0    0    0     
0    0    0    0    0    0     
0    0    0    0    0    0     
0    0    0    0    0    0     
0    0    1    0    0    1     
1    0    1    0    0    1     
1    1    1    1    1    1     
0    0    0    0    0    0     
0    0    1    0    0    1     
1    0    1    0    0    1     
1    1    1    1    1    1     
0    0    0    0    0    0     
0    0    0    0    0    0     
0    0    0    0    0    0     
0    0    1    0    0    1     
1    0    1    0    0    1     
1    1    1    1    1    1     
0    0    0    0    0    0     
0    0    1    0    0    1     
1    0    1    0    0    1     
1    1    1    1    1    1     
0    0    0    0    0    0     
0    0    0    0    0    0     
0    0    0    0    0    0     
0    0    1    0    0    1     
1    0    1    1    0    1     
1    1    1    1    0    1     
0    0    1    0    0    1     
1    1    1    1    1    1     
0    0    0    0    0    0     
0    0    0    0    0    0     
0    0    0    0    0    0     
0    0    0    0    0    0     
0    0    0    0    0    0     
0    0    1    0    0    1     
1    1    1    1    1    1     
0    0    0    0    0    0     
0    0    1    0    0    1     
1    0    1    0    0    1     
1    1    1    1    1    1     
0    0    0    0    0    0     
0    0    0    0    0    0     
0    0    0    0    0    0     
0    0    0    0    0    0     
0    0    1    0    0    1     
1    0    1    1    0    1     
1    0    1    1    0    1     
1    1    1    1    0    1     
0    0    1    0    0    1     
1    1    1    1    1    1     
0    0    0    0    0    0     
0    0    0    0    0    0     
0    0    0    0    0    0     
0    0    0    0    0    0     
0    0    1    0    0    1     
1    1    1    0    0    1     
0    1    1    0    0    1     
1    1    1    0    1    1     
0    0    1    0    0    1     
1    1    1    1    1    1     
0    0    0    0    0    0     
0    0    0    0    0    0     
0    0    0    0    0    0     
0    0    0    0    0    0     
0    0    1    0    0    1     
1    1    1    0    0    1     
1    1    1    0    1    1     
0    0    1    0    0    1     
1    1    1    0    1    1     
0    1    0    0    1    0     
0    0    0    0    0    0     
0    0    0    0    0    0     
0    0    0    0    0    0     
0    0    0    0    0    0     
0    0    1    0    0    1     
1    0    1    0    0    1     
1    1    1    1    1    1     
0    0    0    0    0    0     
0    0    1    0    0    1     
1    1    1    0    1    1     
0    1    0    0    1    0     
0    0    0    0    0    0     
0    0    0    0    0    0     
0    0    0    0    0    0     
0    0    1    0    0    1     
1    0    1    0    0    1     
1    1    1    1    1    1     
0    0    0    0    0    0     
0    0    1    0    0    1     
1    0    1    0    1    1     
1    1    1    1    1    0     
0    0    0    0    0    0     
0    0    0    0    0    0     
0    0    0    0    0    0     
0    0    1    0    0    1     
1    0    1    0    0    1     
1    1    1    1    1    1     
0    0    0    0    0    0     
0    0    1    0    0    1     
1    1    1    0    1    1     
0    1    0    0    1    0     
0    0    0    0    0    0     
0    0    0    0    0    0     
0    0    0    0    0    0     
0    0    1    0    0    1     
1    0    1    0    0    1     
1    1    1    1    1    1     
0    0    0    0    0    0     
0    0    1    0    0    1     
1    1    1    0    1    1     
0    1    0    0    1    0     
0    0    0    0    0    0     
0    0    0    0    0    0     
0    0    0    0    0    0     
0    0    1    0    0    1     
1    0    1    0    0    1     
1    1    1    1    1    1     
0    0    0    0    0    0     
0    0    1    0    0    1     
1    0    1    0    0    1     
1    1    1    1    1    1     
0    0    0    0    0    0     
0    0    0    0    0    0     
0    0    0    0    0    0     
0    0    1    0    0    1     
1    0    1    0    0    1     
1    0    1    1    1    1     
0    0    1    0    0    1     
1    0    1    0    1    1     
1    1    1    1    1    0     
0    0    0    0    0    0     
0    0    0    0    0    0     
0    0    0    0    0    0     
0    0    0    0    0    0     
0    0    1    0    0    1     
1    0    1    0    0    1     
1    1    1    0    1    1     
0    0    1    0    0    0     
1    0    1    0    0    1     
1    1    1    1    1    1     
0    0    0    0    0    0     
0    0    0    0    0    0     
0    0    0    0    0    0     
0    0    0    0    0    0     
0    0    1    0    0    1     
1    0    1    0    0    1     
1    1    1    0    1    1     
0    0    0    0    0    0     
0    0    1    0    0    1     
1    1    1    0    1    1     
0    1    0    0    1    0     
0    0    0    0    0    0     
0    0    0    0    0    0     
0    0    0    0    0    0     
0    0    1    0    0    1     
1    0    1    0    0    1     
1    1    1    0    1    1     
0    0    0    0    0    0     
0    0    1    0    0    1     
1    1    1    0    1    1     
0    0    0    0    1    0     
0    0    0    0    0    0     
0    0    0    0    0    0     
0    0    0    0    0    0     
0    0    1    0    0    1     
1    0    1    0    0    1     
1    0    1    0    1    1     
1    0    1    0    1    1     
1    0    1    0    1    1     
1    0    1    0    1    0     
0    0    0    0    1    0     
0    0    0    0    0    0     
0    0    0    0    0    0     
0    0    0    0    0    0     
0    0    1    0    0    1     
1    0    1    0    1    1     
1    0    1    0    1    1     
1    0    1    0    1    1     
1    0    1    0    1    1     
1    1    1    1    1    0     
0    0    0    0    0    0     
0    0    0    0    0    0     
0    0    0    0    0    0     
0    0    0    0    0    0     
0    0    1    0    0    1     
1    0    1    0    1    1     
1    0    1    0    1    1     
1    0    1    0    1    1     
1    1    1    1    1    1     
0    0    0    0    0    0     
0    0    0    0    0    0     
0    0    0    0    0    0     
0    0    0    0    0    0     
0    0    0    0    0    0     
0    0    1    0    0    1     
1    1    1    1    1    1     
0    0    0    0    0    0     
0    0    1    0    0    1     
1    0    1    0    0    1     
1    1    1    1    1    1     
0    0    0    0    0    0     
0    0    0    0    0    0     
0    0    0    0    0    0     
0    0    0    0    0    0     
0    0    1    0    0    1     
1    0    1    0    1    1     
____________________________________
Fri Mar 29 17:28:25 2024


PARAMETERS
NUMBER_NEURON = 6
VOLTAGE_TRESHOLD = 0.5
LEARNING_RATE = 0.1
LEAK_RATE = 1.5
TIME_ITERATION = 500
ITERATION_SPIKE_IN = 5
THRESHOLD_COORDINATES = 0.015
THRESHOLD_GYROSCOPE = 0.05  0.05  1.9   
____________________________________
Fri Mar 29 17:28:25 2024


PARAMETERS
NUMBER_NEURON = 6
VOLTAGE_TRESHOLD = 0.5
LEARNING_RATE = 0.1
LEAK_RATE = 1.5
TIME_ITERATION = 500
ITERATION_SPIKE_IN = 5
THRESHOLD_COORDINATES = 0.015
THRESHOLD_GYROSCOPE = 0.05  0.05  1.9   
0    1    0    1    1    1     
1    1    1    1    1    1     
1    1    1    1    1    1     
1    1    1    1    1    1     
1    1    1    1    1    1     
1    1    1    1    1    1     
1    1    1    1    1    1     
1    1    1    1    1    1     
1    1    1    1    1    1     
1    1    1    1    1    1     
1    1    1    1    1    1     
1    1    1    1    1    1     
1    1    1    1    1    1     
1    1    1    1    1    1     
1    1    1    0    0    1     
1    1    1    1    0    1     
1    1    1    1    0    1     
1    1    1    1    0    1     
1    1    1    1    0    1     
1    1    1    1    0    1     
1    1    1    1    0    1     
1    1    1    1    0    1     
1    1    1    1    0    1     
1    1    1    1    0    1     
1    1    1    1    0    1     
1    1    1    1    0    1     
1    1    1    1    0    1     
1    1    1    1    0    1     
1    1    1    1    0    1     
1    1    1    1    0    1     
1    1    1    1    0    1     
1    1    1    1    0    1     
1    1    1    1    0    1     
1    1    1    1    0    1     
1    1    1    1    0    1     
1    1    1    0    0    1     
1    0    1    0    0    1     
1    1    1    1    0    1     
1    1    1    1    1    1     
1    1    1    0    0    1     
1    1    1    1    1    1     
1    1    1    0    1    1     
1    1    1    1    1    1     
1    1    1    0    1    1     
1    1    1    1    1    1     
1    1    1    0    0    1     
1    1    1    1    1    1     
1    1    1    1    1    1     
1    1    1    1    1    1     
1    1    1    1    1    1     
1    1    1    0    1    1     
1    1    1    1    1    1     
1    1    1    0    0    1     
1    1    1    1    1    1     
1    1    1    1    1    1     
1    1    1    1    1    1     
1    1    1    1    1    1     
1    1    0    0    1    0     
0    1    0    0    1    1     
1    1    1    1    1    1     
1    1    1    1    1    1     
1    1    1    1    1    1     
1    1    1    1    1    1     
1    1    0    0    0    1     
1    1    1    1    1    1     
1    1    0    0    0    0     
0    1    0    1    0    1     
1    0    1    1    1    0     
1    1    1    0    1    0     
1    1    1    1    1    1     
1    1    1    1    1    1     
1    1    1    1    1    1     
1    1    1    1    1    1     
1    1    1    1    1    1     
1    1    1    1    1    1     
1    1    1    1    1    1     
1    1    1    1    1    1     
1    1    1    1    1    1     
1    1    0    1    0    0     
1    1    1    1    1    1     
1    1    1    1    0    1     
1    1    1    1    1    1     
1    1    1    1    1    1     
1    1    1    1    1    1     
1    1    1    1    1    1     
1    1    1    1    1    1     
1    1    1    1    0    1     
1    1    0    1    1    1     
1    1    1    1    0    1     
1    1    0    1    1    1     
1    1    1    1    0    1     
1    1    1    1    1    1     
1    1    1    1    1    1     
1    1    1    1    1    1     
1    1    1    1    1    1     
1    1    1    1    1    1     
1    1    1    1    0    1     
1    1    0    1    1    1     
1    1    1    1    0    1     
1    1    0    1    1    1     
1    1    1    1    0    1     
1    1    1    1    1    1     
1    1    1    1    1    1     
1    1    0    1    0    1     
1    1    1    1    1    1     
1    1    1    1    0    1     
1    1    1    1    1    1     
1    1    1    1    0    1     
1    1    1    1    1    1     
1    1    1    1    0    1     
1    1    1    1    1    1     
1    1    1    1    0    1     
1    1    1    1    1    1     
