____________________________________
Fri Mar 29 17:38:26 2024


PARAMETERS
NUMBER_NEURON = 6
VOLTAGE_TRESHOLD = 0.5
LEARNING_RATE = 0.1
LEAK_RATE = 1.5
TIME_ITERATION = 500
ITERATION_SPIKE_IN = 5
THRESHOLD_COORDINATES = 0.03
THRESHOLD_GYROSCOPE = 0.05  0.05  1.9   
____________________________________
Fri Mar 29 17:38:26 2024


PARAMETERS
NUMBER_NEURON = 6
VOLTAGE_TRESHOLD = 0.5
LEARNING_RATE = 0.1
LEAK_RATE = 1.5
TIME_ITERATION = 500
ITERATION_SPIKE_IN = 5
THRESHOLD_COORDINATES = 0.03
THRESHOLD_GYROSCOPE = 0.05  0.05  1.9   
0    1    0    1    1    1     
1    1    1    1    1    1     
1    1    1    1    1    1     
1    1    1    1    1    1     
1    1    1    1    0    1     
1    1    1    1    0    1     
0    1    1    0    0    1     
0    1    1    0    0    1     
0    1    1    1    0    1     
1    1    1    1    0    1     
1    1    1    1    0    1     
1    1    1    1    0    1     
1    1    1    0    0    1     
1    1    1    1    0    1     
1    1    1    1    0    1     
1    0    1    1    0    1     
1    1    1    1    0    0     
1    0    1    0    0    1     
1    1    0    1    0    1     
1    1    1    1    0    1     
1    1    1    1    0    1     
1    1    1    1    0    1     
1    1    1    1    0    1     
1    1    0    0    0    0     
1    0    1    0    0    1     
1    1    1    1    0    1     
1    1    1    0    0    1     
1    1    1    1    0    1     
1    1    1    0    0    1     
1    1    1    1    1    1     
1    1    1    0    0    1     
1    1    1    1    1    1     
1    1    1    0    0    1     
1    1    1    1    1    1     
1    1    1    0    0    1     
1    1    1    0    1    1     
1    1    1    1    1    1     
1    1    0    0    0    0     
0    0    1    0    1    1     
1    1    1    0    0    0     
1    1    1    1    1    1     
1    1    1    0    0    1     
1    1    1    1    1    1     
1    1    1    0    1    1     
1    1    1    1    1    1     
1    1    1    0    0    1     
1    1    1    1    1    1     
1    0    0    0    0    0     
0    1    1    1    0    1     
1    1    1    1    1    0     
1    0    1    0    1    1     
1    1    1    1    1    1     
1    1    1    0    1    1     
1    1    1    0    1    1     
1    1    1    1    1    1     
1    1    1    0    0    0     
1    1    1    0    1    1     
1    1    1    1    1    1     
1    0    0    0    0    0     
0    1    0    1    1    1     
1    0    1    1    1    0     
1    1    1    0    0    1     
1    1    1    1    1    1     
1    1    1    0    1    1     
1    1    1    1    1    1     
1    0    0    0    0    0     
0    1    1    1    1    1     
1    0    1    1    0    0     
0    0    1    1    0    0     
0    0    0    0    0    0     
0    0    0    0    0    0     
1    1    1    0    0    0     
1    1    1    1    1    1     
1    0    1    0    0    0     
1    1    1    1    1    1     
1    0    0    0    0    0     
0    1    1    1    1    1     
0    0    0    0    0    0     
0    0    0    0    0    0     
0    0    0    0    0    0     
0    0    0    0    0    0     
0    0    1    0    0    0     
1    1    1    0    0    0     
1    1    1    1    1    1     
0    0    0    0    0    0     
1    0    1    0    0    0     
1    1    1    1    1    1     
0    0    0    0    0    0     
0    0    0    0    0    0     
0    0    0    0    0    0     
0    0    0    0    0    0     
0    0    1    0    0    0     
1    1    1    0    0    0     
1    1    1    0    1    1     
1    1    1    0    1    1     
1    1    1    0    0    0     
1    1    1    1    1    1     
0    0    0    0    0    0     
0    0    0    0    0    0     
0    0    0    0    0    0     
0    0    0    0    0    0     
0    0    0    0    0    0     
1    1    1    0    0    0     
1    1    1    0    0    1     
1    1    1    1    1    1     
0    0    0    0    0    0     
0    0    0    0    0    0     
0    0    0    0    0    0     
0    0    0    0    0    0     
0    0    0    0    0    0     
0    0    0    0    0    0     
0    1    1    0    0    0     
1    1    1    0    0    1     
1    1    1    0    1    1     
1    1    1    0    1    1     
1    1    1    0    0    0     
1    1    1    1    1    1     
0    0    0    0    0    0     
0    0    0    0    0    0     
0    0    0    0    0    0     
0    0    0    0    0    0     
0    0    1    0    0    0     
1    1    1    0    0    0     
1    1    1    0    1    1     
1    1    1    0    1    1     
1    0    1    0    0    0     
1    1    1    0    1    1     
0    0    0    0    1    1     
0    0    0    0    0    0     
0    0    0    0    0    0     
0    0    0    0    0    0     
0    0    1    0    0    0     
1    1    1    0    0    0     
1    1    1    0    1    1     
1    1    1    0    1    1     
1    1    1    0    0    1     
1    1    1    0    1    1     
1    0    0    0    1    1     
0    0    0    0    0    0     
0    0    0    0    0    0     
0    0    0    0    0    0     
0    1    1    0    0    0     
1    1    1    0    1    1     
1    1    1    0    1    1     
1    0    1    0    0    1     
1    1    1    0    0    1     
1    1    1    1    1    1     
0    0    0    0    0    0     
0    0    0    0    0    0     
0    0    0    0    0    0     
0    0    0    0    0    0     
0    0    1    0    0    0     
1    1    1    0    0    1     
1    1    1    0    0    1     
1    1    1    1    1    1     
0    0    0    0    0    0     
0    0    0    0    0    0     
0    0    0    0    0    0     
0    0    0    0    0    0     
0    0    0    0    0    0     
0    0    0    0    0    0     
0    1    1    0    0    0     
1    1    1    0    0    1     
1    1    1    0    1    1     
1    1    1    0    1    1     
1    1    1    0    1    1     
1    0    1    0    1    1     
1    0    0    0    1    1     
0    0    0    0    0    0     
0    0    0    0    0    0     
0    0    0    0    0    0     
0    1    1    0    0    0     
1    1    1    0    0    1     
1    1    1    1    1    1     
1    0    0    0    0    0     
0    1    1    0    0    1     
1    1    1    0    1    1     
1    1    1    1    1    1     
0    0    0    0    0    0     
0    0    0    0    0    0     
0    0    0    0    0    0     
1    0    1    0    0    0     
1    1    1    0    0    1     
1    1    1    1    1    1     
1    0    0    0    0    0     
0    1    1    0    0    1     
1    1    1    0    1    1     
1    1    1    1    1    1     
0    0    0    0    0    0     
0    0    0    0    0    0     
0    0    0    0    0    0     
0    0    1    0    0    0     
1    1    1    0    0    1     
1    1    1    0    1    1     
1    1    1    0    1    1     
1    1    1    0    1    1     
1    0    0    0    1    1     
0    0    0    0    0    0     
0    0    0    0    0    0     
0    0    0    0    0    0     
0    0    0    0    0    0     
0    1    1    0    0    0     
1    1    1    0    0    1     
1    1    1    1    1    1     
0    0    0    0    0    0     
0    0    0    0    0    0     
0    0    0    0    0    0     
0    0    0    0    0    0     
0    0    0    0    0    0     
0    0    0    0    0    0     
0    0    0    0    0    0     
1    1    1    0    0    1     
1    1    1    0    0    1     
1    1    1    1    1    1     
0    0    0    0    0    0     
0    0    0    0    0    0     
0    0    0    0    0    0     
0    0    0    0    0    0     
0    0    0    0    0    0     
0    0    0    0    0    0     
0    0    0    0    0    0     
1    1    1    0    0    1     
1    1    1    0    0    1     
1    1    1    1    0    1     
1    0    0    0    0    0     
0    1    1    0    0    1     
1    1    1    0    1    1     
1    0    1    0    1    1     
1    1    0    0    1    1     
0    0    1    0    1    1     
1    0    0    0    1    0     
0    0    1    0    0    0     
1    1    1    0    0    1     
1    1    1    0    1    1     
1    1    1    0    1    1     
1    1    1    0    1    1     
1    1    1    0    1    1     
1    1    1    0    1    1     
1    1    1    0    1    1     
1    0    1    0    1    0     
0    1    0    0    1    0     
0    0    0    0    0    0     
0    0    1    0    0    0     
1    1    1    0    0    1     
1    1    1    0    0    1     
1    1    1    0    0    1     
1    1    1    1    1    1     
0    0    0    0    0    0     
0    0    0    0    0    0     
0    0    0    0    0    0     
0    0    0    0    0    0     
0    0    1    0    0    0     
1    1    1    0    0    1     
1    1    1    1    1    1     
0    0    0    0    0    0     
0    0    0    0    0    0     
0    0    0    0    0    0     
0    0    0    0    0    0     
0    0    0    0    0    0     
0    0    0    0    0    0     
0    0    0    0    0    0     
1    1    1    0    0    1     
1    1    1    0    0    1     
1    1    1    1    1    1     
0    0    0    0    0    0     
0    0    0    0    0    0     
0    0    0    0    0    0     
0    0    0    0    0    0     
0    0    0    0    0    0     
0    0    0    0    0    0     
0    0    0    0    0    0     
0    1    1    0    0    1     
1    1    1    0    0    1     
1    1    1    1    1    1     
0    0    0    0    0    0     
0    0    0    0    0    0     
0    0    0    0    0    0     
0    0    0    0    0    0     
0    0    0    0    0    0     
0    0    0    0    0    0     
0    0    0    0    0    0     
0    1    1    0    0    1     
1    1    1    0    0    1     
1    1    1    1    1    1     
0    0    0    0    0    0     
0    0    0    0    0    0     
0    0    0    0    0    0     
0    0    0    0    0    0     
0    0    0    0    0    0     
0    0    0    0    0    0     
0    0    0    0    0    0     
0    1    1    0    0    1     
1    1    1    0    0    1     
1    1    1    1    1    1     
0    0    0    0    0    0     
0    0    0    0    0    0     
0    0    0    0    0    0     
0    0    0    0    0    0     
0    0    0    0    0    0     
0    0    0    0    0    0     
0    0    0    0    0    0     
0    1    1    0    0    1     
1    1    1    0    0    1     
1    1    1    1    1    1     
0    0    0    0    0    0     
0    0    0    0    0    0     
0    0    0    0    0    0     
0    0    0    0    0    0     
0    0    0    0    0    0     
0    0    0    0    0    0     
0    0    0    0    0    0     
0    1    1    0    0    1     
1    1    1    0    0    1     
1    1    1    1    1    1     
0    0    0    0    0    0     
0    0    0    0    0    0     
0    0    0    0    0    0     
0    0    0    0    0    0     
0    0    0    0    0    0     
0    0    0    0    0    0     
0    0    0    0    0    0     
0    1    1    0    0    1     
1    1    1    0    0    1     
1    1    1    1    1    1     
0    0    0    0    0    0     
0    0    0    0    0    0     
0    0    0    0    0    0     
0    0    0    0    0    0     
0    0    0    0    0    0     
0    0    0    0    0    0     
0    0    0    0    0    0     
0    1    1    0    0    1     
1    1    1    0    0    1     
1    1    1    1    1    1     
0    0    0    0    0    0     
0    0    0    0    0    0     
0    0    0    0    0    0     
0    0    0    0    0    0     
0    0    0    0    0    0     
0    0    0    0    0    0     
0    0    0    0    0    0     
0    1    1    0    0    1     
1    1    1    0    0    1     
1    1    1    1    1    1     
0    0    0    0    0    0     
0    0    0    0    0    0     
0    0    0    0    0    0     
0    0    0    0    0    0     
0    0    0    0    0    0     
0    0    0    0    0    0     
0    0    0    0    0    0     
0    1    1    0    0    1     
1    1    1    0    0    1     
1    1    1    1    1    1     
0    0    0    0    0    0     
0    0    0    0    0    0     
0    0    0    0    0    0     
0    0    0    0    0    0     
0    0    0    0    0    0     
0    0    0    0    0    0     
0    0    0    0    0    0     
1    1    1    0    0    1     
1    1    1    1    1    1     
0    0    0    0    0    0     
0    0    0    0    0    0     
0    1    1    0    0    1     
1    1    1    0    1    1     
1    1    1    0    1    1     
1    1    1    1    1    1     
0    0    0    0    0    0     
0    0    0    0    0    0     
0    0    0    0    0    0     
0    0    0    0    0    0     
0    1    1    0    0    1     
1    1    1    0    0    1     
1    1    1    0    0    1     
1    1    1    1    1    1     
0    0    0    0    0    0     
0    0    0    0    0    0     
0    0    0    0    0    0     
0    0    0    0    0    0     
0    0    0    0    0    0     
0    1    1    0    0    1     
1    1    1    0    0    1     
1    1    1    0    1    1     
1    1    1    0    1    1     
1    1    1    0    1    1     
1    1    0    0    1    1     
0    0    1    0    1    0     
0    0    0    0    1    0     
0    0    0    0    0    0     
0    0    0    0    0    0     
0    0    0    0    0    0     
0    1    1    0    0    1     
1    1    1    0    0    1     
1    1    1    0    1    1     
1    1    0    0    1    1     
0    0    1    0    1    0     
0    0    0    0    1    0     
0    0    0    0    0    0     
0    0    0    0    0    0     
0    0    0    0    0    0     
0    1    0    0    0    1     
1    1    1    0    0    1     
1    1    1    0    0    1     
1    1    1    0    1    1     
1    1    1    0    1    1     
1    1    0    1    1    1     
0    0    0    0    0    0     
0    0    0    0    0    0     
0    0    0    0    0    0     
0    1    0    0    0    0     
1    1    1    0    0    1     
1    1    1    0    0    1     
1    1    1    1    1    1     
0    0    0    0    0    0     
0    0    0    0    0    0     
0    0    0    0    0    0     
0    0    0    0    0    0     
0    0    0    0    0    0     
0    0    0    0    0    0     
0    1    1    0    0    1     
1    1    1    0    0    1     
1    1    1    1    1    1     
0    0    0    0    0    0     
0    0    0    0    0    0     
0    0    0    0    0    0     
0    0    0    0    0    0     
0    0    0    0    0    0     
0    0    0    0    0    0     
0    0    0    0    0    0     
0    1    1    0    0    1     
1    1    1    0    0    1     
1    1    1    1    1    1     
0    0    0    0    0    0     
0    0    0    0    0    0     
0    0    0    0    0    0     
0    0    0    0    0    0     
0    0    0    0    0    0     
0    0    0    0    0    0     
0    0    0    0    0    0     
0    1    1    0    0    1     
1    1    1    0    0    1     
1    1    1    1    1    1     
0    0    0    0    0    0     
0    0    0    0    0    0     
0    0    0    0    0    0     
0    0    0    0    0    0     
0    0    0    0    0    0     
0    0    0    0    0    0     
0    0    0    0    0    0     
0    1    1    0    0    1     
1    1    1    0    0    1     
1    1    1    1    1    1     
0    0    0    0    0    0     
0    0    0    0    0    0     
0    0    0    0    0    0     
0    0    0    0    0    0     
0    0    0    0    0    0     
0    0    0    0    0    0     
0    0    0    0    0    0     
0    1    1    0    0    1     
1    1    1    0    0    1     
1    1    1    1    1    1     
0    0    0    0    0    0     
0    0    0    0    0    0     
0    0    0    0    0    0     
0    0    0    0    0    0     
0    0    0    0    0    0     
0    0    0    0    0    0     
0    0    0    0    0    0     
0    1    1    0    0    1     
1    1    1    0    0    1     
1    1    1    1    1    1     
0    0    0    0    0    0     
0    0    0    0    0    0     
0    0    0    0    0    0     
0    0    0    0    0    0     
0    0    0    0    0    0     
0    0    0    0    0    0     
0    0    0    0    0    0     
0    1    1    0    0    1     
1    1    1    0    0    1     
1    1    1    1    1    1     
0    0    0    0    0    0     
0    0    0    0    0    0     
0    0    0    0    0    0     
0    0    0    0    0    0     
0    0    0    0    0    0     
0    0    0    0    0    0     
0    0    0    0    0    0     
0    1    1    0    0    1     
1    1    1    0    0    1     
1    1    1    1    1    1     
0    0    0    0    0    0     
0    0    0    0    0    0     
0    0    0    0    0    0     
0    0    0    0    0    0     
0    0    0    0    0    0     
0    0    0    0    0    0     
____________________________________
Fri Mar 29 17:44:41 2024


PARAMETERS
NUMBER_NEURON = 6
VOLTAGE_TRESHOLD = 0.5
LEARNING_RATE = 0.1
LEAK_RATE = 1.5
TIME_ITERATION = 500
ITERATION_SPIKE_IN = 5
THRESHOLD_COORDINATES = 0.03
THRESHOLD_GYROSCOPE = 0.05  0.05  1.9   
1    0    1    1    0    0     
1    1    1    1    1    1     
1    1    1    1    1    1     
1    1    1    1    1    1     
1    1    1    1    1    1     
1    1    1    1    0    1     
1    1    0    1    0    1     
1    1    1    1    1    1     
1    1    0    1    0    0     
1    1    1    1    1    1     
1    1    0    1    0    0     
1    1    1    1    1    1     
1    1    0    0    0    0     
1    1    1    1    0    1     
1    1    0    1    0    0     
1    1    1    1    0    1     
1    1    1    1    0    1     
1    0    0    0    0    0     
0    1    0    1    0    1     
1    0    1    1    1    0     
1    1    1    1    0    0     
1    1    1    1    0    1     
1    1    1    1    0    0     
1    1    1    1    1    1     
1    1    1    1    0    0     
1    1    1    1    1    1     
1    1    1    1    1    0     
1    1    1    1    1    1     
1    0    1    0    0    0     
0    1    1    0    0    0     
1    0    1    1    1    1     
1    1    1    0    0    0     
1    1    1    1    0    0     
1    1    1    1    1    1     
1    1    1    1    0    0     
1    1    1    1    1    1     
1    1    1    1    1    0     
1    1    1    0    0    1     
0    1    1    1    1    1     
1    0    0    0    0    0     
0    1    1    0    0    1     
1    1    1    1    0    1     
1    1    1    1    1    1     
1    1    1    0    0    0     
1    1    1    1    0    1     
1    1    1    1    0    1     
1    1    1    1    1    1     
0    0    0    0    0    0     
0    0    0    0    0    0     
0    0    0    0    0    0     
0    0    0    0    0    0     
1    1    1    0    0    0     
1    1    1    1    0    1     
1    1    0    0    0    0     
1    1    1    1    0    1     
1    0    0    0    0    0     
0    1    1    0    0    1     
1    0    1    0    1    1     
0    0    0    0    1    0     
0    0    0    0    0    0     
0    0    0    0    0    0     
1    1    1    0    0    0     
1    1    1    1    1    1     
1    1    0    0    0    0     
1    1    1    1    1    1     
1    0    0    0    0    0     
0    1    1    1    0    0     
1    0    1    1    1    1     
0    1    0    0    0    0     
1    0    1    1    1    1     
0    1    0    0    0    0     
1    1    1    1    1    0     
1    1    1    1    0    0     
1    1    1    1    1    1     
1    0    0    0    0    0     
1    1    1    0    0    0     
1    1    1    1    1    1     
0    0    0    0    0    0     
0    0    0    0    0    0     
0    0    0    0    0    0     
0    0    0    0    0    0     
1    1    1    0    0    0     
1    1    1    1    0    1     
1    1    1    0    0    0     
1    1    1    1    1    1     
1    0    0    0    0    0     
0    1    1    1    0    0     
1    0    1    1    1    1     
0    0    0    0    0    0     
0    0    0    0    0    0     
0    0    0    0    0    0     
1    1    1    0    0    0     
1    1    1    1    0    1     
1    1    1    0    1    0     
1    1    1    1    1    0     
1    1    0    0    0    0     
1    1    1    1    1    1     
0    0    0    0    0    0     
0    0    0    0    0    0     
0    0    0    0    0    0     
0    0    0    0    0    0     
1    1    1    0    0    0     
1    1    1    1    0    1     
1    1    1    1    0    1     
1    1    1    1    0    0     
1    1    1    1    0    1     
0    1    0    1    1    1     
0    0    0    0    1    0     
0    0    0    0    0    0     
0    0    0    0    0    0     
0    0    0    0    0    0     
0    1    1    0    0    0     
1    1    1    0    0    0     
1    1    1    1    1    1     
0    0    0    0    0    0     
1    1    0    0    0    0     
1    1    1    1    1    1     
0    0    0    0    0    0     
0    0    0    0    0    0     
0    0    0    0    0    0     
0    0    0    0    0    0     
1    1    1    0    0    0     
1    1    1    1    0    1     
1    0    0    0    0    0     
1    1    1    0    0    0     
1    1    1    1    0    1     
0    0    0    1    1    1     
0    0    0    0    0    0     
0    0    0    0    0    0     
0    0    0    0    0    0     
0    0    0    0    0    0     
0    1    0    0    0    0     
1    1    1    0    0    0     
1    1    1    1    1    1     
0    0    0    0    0    0     
1    1    0    0    0    0     
1    1    1    1    1    1     
0    0    0    0    0    0     
0    0    0    0    0    0     
0    0    0    0    0    0     
0    0    0    0    0    0     
1    1    1    0    0    0     
1    1    1    1    0    1     
1    1    1    1    0    0     
1    1    1    1    0    1     
1    1    1    0    0    0     
1    1    1    1    1    1     
0    0    0    0    0    0     
0    0    0    0    0    0     
0    0    0    0    0    0     
0    0    0    0    0    0     
1    1    1    0    0    0     
1    1    1    1    0    0     
1    1    1    0    0    0     
1    1    1    1    0    1     
1    0    0    0    0    0     
0    1    1    0    0    0     
1    1    1    1    1    1     
0    0    0    0    0    0     
0    0    0    0    0    0     
0    0    0    0    0    0     
0    1    1    0    0    0     
1    1    1    0    0    0     
1    1    1    1    1    1     
0    0    0    0    0    0     
0    1    0    0    0    0     
1    0    1    0    0    0     
1    1    1    1    1    1     
0    0    0    0    0    0     
0    0    0    0    0    0     
0    0    0    0    0    0     
0    1    1    0    0    0     
1    1    1    0    0    0     
1    1    1    1    1    1     
0    0    0    0    0    0     
0    1    1    0    0    0     
1    1    1    0    0    0     
1    1    1    1    1    1     
0    0    0    0    0    0     
0    0    0    0    0    0     
0    0    0    0    0    0     
0    1    1    0    0    0     
1    1    1    0    0    0     
1    1    1    1    1    1     
0    0    0    0    0    0     
0    1    1    0    0    0     
1    1    1    0    0    0     
1    1    1    1    1    1     
0    0    0    0    0    0     
0    0    0    0    0    0     
0    0    0    0    0    0     
0    1    1    0    0    0     
1    1    1    0    0    0     
1    1    1    1    1    1     
0    0    0    0    0    0     
0    0    0    0    0    0     
0    0    0    0    0    0     
0    0    0    0    0    0     
0    0    0    0    0    0     
0    0    0    0    0    0     
0    0    0    0    0    0     
1    1    1    0    0    0     
1    1    1    1    0    0     
1    1    1    1    1    0     
1    1    1    1    1    0     
0    1    1    1    0    0     
1    0    1    1    1    0     
0    0    0    1    1    0     
0    0    0    0    0    0     
0    0    0    0    0    0     
0    0    0    0    0    0     
0    1    1    0    0    0     
1    1    1    0    0    0     
1    1    1    1    1    1     
0    0    0    0    0    0     
0    1    1    0    0    0     
1    1    1    1    0    0     
1    1    1    1    1    1     
0    0    0    0    0    0     
0    0    0    0    0    0     
0    0    0    0    0    0     
0    1    1    0    0    0     
1    1    1    1    0    0     
1    1    1    1    1    0     
1    1    1    1    1    0     
1    1    1    1    1    0     
0    0    0    1    1    0     
0    0    0    0    0    0     
0    0    0    0    0    0     
0    0    0    0    0    0     
0    0    0    0    0    0     
0    1    1    0    0    0     
1    1    1    1    0    0     
1    1    1    1    1    0     
1    1    1    1    1    0     
1    1    1    1    1    0     
0    0    0    1    1    0     
0    0    0    0    0    0     
0    0    0    0    0    0     
0    0    0    0    0    0     
0    0    0    0    0    0     
0    1    1    0    0    0     
1    1    1    1    0    0     
1    1    1    1    0    0     
1    1    1    1    1    0     
1    1    1    1    1    0     
0    1    0    1    1    0     
0    0    0    1    1    0     
0    0    0    0    0    0     
0    0    0    0    0    0     
0    0    0    0    0    0     
0    1    1    0    0    0     
1    1    1    1    0    0     
1    1    1    1    1    0     
1    1    1    1    1    0     
1    1    1    1    1    0     
0    1    0    1    1    0     
0    0    0    0    0    0     
0    0    0    0    0    0     
0    0    0    0    0    0     
0    0    0    0    0    0     
0    1    1    0    0    0     
1    1    1    1    0    0     
1    1    1    1    0    0     
1    1    1    1    1    1     
0    0    0    0    0    0     
0    0    0    0    0    0     
0    0    0    0    0    0     
0    0    0    0    0    0     
0    0    0    0    0    0     
0    0    0    0    0    0     
1    1    1    0    0    0     
1    1    1    1    0    0     
1    1    1    1    1    1     
0    0    0    0    0    0     
0    1    0    0    0    0     
1    0    1    0    0    0     
1    1    1    1    1    1     
0    0    0    0    0    0     
0    0    0    0    0    0     
0    0    0    0    0    0     
0    1    1    0    0    0     
1    1    1    1    0    0     
1    1    1    1    0    0     
1    1    1    1    1    0     
1    1    1    1    1    0     
0    0    0    1    1    0     
0    0    0    0    0    0     
0    0    0    0    0    0     
0    0    0    0    0    0     
0    0    0    0    0    0     
0    1    1    0    0    0     
1    1    1    1    0    0     
1    1    1    1    0    0     
1    1    1    0    1    0     
1    1    1    1    1    0     
0    0    0    0    1    0     
0    0    0    0    0    0     
0    0    0    0    0    0     
0    0    0    0    0    0     
0    0    0    0    0    0     
0    1    1    0    0    0     
1    1    1    1    0    0     
1    1    1    1    0    0     
1    1    1    1    1    0     
1    1    1    1    1    0     
0    0    0    1    1    0     
0    0    0    0    0    0     
0    0    0    0    0    0     
0    0    0    0    0    0     
0    0    0    0    0    0     
0    1    1    0    0    0     
1    1    1    1    0    0     
1    1    1    1    0    0     
1    1    1    1    1    0     
1    1    1    1    1    0     
0    0    0    1    1    0     
0    0    0    0    0    0     
0    0    0    0    0    0     
0    0    0    0    0    0     
0    0    0    0    0    0     
0    1    1    0    0    0     
1    1    1    1    0    0     
1    1    1    1    0    0     
1    1    1    1    1    0     
1    1    1    1    1    0     
0    1    0    1    1    0     
0    0    0    0    1    0     
0    0    0    0    0    0     
0    0    0    0    0    0     
0    0    0    0    0    0     
0    1    1    0    0    0     
1    1    1    1    0    0     
1    1    1    1    1    0     
1    1    1    1    1    0     
1    1    1    1    1    0     
0    1    0    1    1    0     
0    0    0    0    1    0     
0    0    0    0    0    0     
0    0    0    0    0    0     
0    0    0    0    0    0     
0    1    1    0    0    0     
1    1    1    1    0    0     
1    1    1    1    1    0     
1    1    1    1    1    0     
0    1    1    1    1    0     
0    0    0    1    1    0     
0    0    0    0    0    0     
0    0    0    0    0    0     
0    0    0    0    0    0     
0    0    0    0    0    0     
0    1    1    0    0    0     
1    1    1    1    0    0     
1    1    1    1    1    0     
1    1    1    1    1    0     
0    1    1    1    1    0     
0    0    0    1    1    0     
0    0    0    0    0    0     
0    0    0    0    0    0     
0    0    0    0    0    0     
0    0    0    0    0    0     
0    1    1    0    0    0     
1    1    1    1    0    0     
1    1    1    1    1    0     
1    1    1    1    1    0     
1    1    1    1    1    0     
0    1    0    1    1    0     
0    0    0    0    1    0     
0    0    0    0    0    0     
0    0    0    0    0    0     
0    0    0    0    0    0     
0    1    1    0    0    0     
1    1    1    1    0    0     
1    1    1    1    0    0     
1    1    1    1    1    0     
1    1    1    1    1    0     
0    0    0    1    1    0     
0    0    0    0    0    0     
0    0    0    0    0    0     
0    0    0    0    0    0     
0    0    0    0    0    0     
0    1    1    0    0    0     
1    1    1    1    0    0     
1    1    1    1    0    0     
1    1    1    1    1    0     
1    1    1    1    1    0     
0    0    0    1    1    0     
0    0    0    0    0    0     
0    0    0    0    0    0     
0    0    0    0    0    0     
0    0    0    0    0    0     
0    1    1    0    0    0     
1    1    1    1    0    0     
1    1    1    1    0    0     
1    1    1    0    0    0     
1    1    1    1    1    0     
0    0    0    1    1    0     
0    0    0    0    0    0     
0    0    0    0    0    0     
0    0    0    0    0    0     
0    0    0    0    0    0     
0    1    1    0    0    0     
1    1    1    1    0    0     
1    1    1    1    0    0     
1    1    1    1    1    0     
1    1    1    1    1    0     
0    0    0    1    1    0     
0    0    0    0    0    0     
0    0    0    0    0    0     
0    0    0    0    0    0     
0    0    0    0    0    0     
0    1    1    0    0    0     
1    1    1    1    0    0     
1    1    1    1    0    0     
1    1    1    1    1    0     
0    1    0    1    1    0     
0    0    0    0    1    0     
0    0    0    0    0    0     
0    0    0    0    0    0     
0    0    0    0    0    0     
0    0    0    0    0    0     
0    1    1    0    0    0     
1    1    1    1    0    0     
1    1    1    1    0    0     
1    1    1    1    1    0     
0    1    0    1    1    0     
0    0    0    0    1    0     
0    0    0    0    0    0     
0    0    0    0    0    0     
0    0    0    0    0    0     
0    0    0    0    0    0     
0    1    1    0    0    0     
1    1    1    1    0    0     
1    1    1    1    1    0     
1    1    0    1    1    0     
0    1    1    0    1    0     
1    0    0    1    1    0     
0    0    0    0    1    0     
0    0    0    0    0    0     
0    0    0    0    0    0     
0    0    0    0    0    0     
0    1    0    0    0    0     
1    1    1    0    0    0     
1    1    1    1    0    0     
1    1    1    1    1    1     
0    0    0    0    0    0     
0    0    0    0    0    0     
0    0    0    0    0    0     
0    0    0    0    0    0     
0    0    0    0    0    0     
0    0    0    0    0    0     
1    1    1    0    0    0     
1    1    1    1    0    0     
1    1    1    1    1    1     
0    0    0    0    0    0     
0    1    0    0    0    0     
1    0    1    0    0    0     
1    1    0    1    1    0     
0    0    0    0    1    0     
0    0    0    0    0    0     
0    0    0    0    0    0     
0    1    0    0    0    0     
1    1    1    0    0    0     
1    1    1    1    0    0     
1    1    1    1    1    1     
0    0    0    0    0    0     
0    0    0    0    0    0     
0    0    0    0    0    0     
0    0    0    0    0    0     
0    0    0    0    0    0     
0    0    0    0    0    0     
1    1    1    0    0    0     
1    1    1    1    0    0     
1    1    1    1    1    0     
0    0    0    0    0    0     
1    1    0    0    0    0     
1    1    1    1    1    0     
0    0    0    1    1    0     
0    0    0    0    0    0     
0    0    0    0    0    0     
0    0    0    0    0    0     
0    1    0    0    0    0     
1    1    1    0    0    0     
1    1    1    1    0    0     
1    1    1    1    1    0     
0    1    0    0    1    0     
0    0    0    0    1    0     
0    0    0    0    0    0     
0    0    0    0    0    0     
0    0    0    0    0    0     
0    0    0    0    0    0     
0    1    1    0    0    0     
1    1    1    1    0    0     
1    1    1    1    0    0     
1    1    1    1    1    1     
0    0    0    0    0    0     
0    0    0    0    0    0     
0    0    0    0    0    0     
0    0    0    0    0    0     
0    0    0    0    0    0     
____________________________________
Fri Mar 29 17:50:59 2024


PARAMETERS
NUMBER_NEURON = 6
VOLTAGE_TRESHOLD = 0.5
LEARNING_RATE = 0.1
LEAK_RATE = 1.5
TIME_ITERATION = 500
ITERATION_SPIKE_IN = 5
THRESHOLD_COORDINATES = 0.03
THRESHOLD_GYROSCOPE = 0.05  0.05  1.9   
1    1    0    0    1    1     
1    1    1    1    1    1     
1    1    1    1    1    1     
1    1    1    1    1    1     
1    1    1    1    1    1     
1    1    1    1    1    1     
0    1    0    0    0    1     
1    1    1    1    1    1     
0    1    0    0    0    1     
1    0    1    0    0    1     
1    1    1    0    0    0     
1    1    1    1    1    1     
1    1    0    0    1    1     
1    1    1    0    1    1     
1    1    0    1    1    1     
1    1    0    0    1    1     
1    1    1    1    1    1     
0    1    0    0    0    0     
1    0    1    1    1    1     
0    0    0    0    0    0     
0    0    0    0    0    0     
0    1    0    0    0    0     
1    1    0    0    1    1     
1    1    1    1    1    1     
1    1    0    0    0    0     
1    1    1    0    1    1     
1    0    1    1    1    1     
0    0    0    0    0    0     
0    0    0    0    0    0     
0    0    0    0    0    0     
0    0    0    0    0    0     
1    1    0    0    0    0     
1    1    1    0    1    1     
1    1    0    0    1    1     
1    1    1    1    1    1     
1    1    0    0    0    0     
1    0    1    1    1    1     
0    0    0    0    0    0     
0    0    0    0    0    0     
0    0    0    0    0    0     
0    0    0    0    0    0     
0    1    0    0    0    0     
1    1    0    0    1    1     
1    1    1    1    1    1     
1    1    0    0    0    0     
1    1    1    1    1    1     
0    0    0    0    0    0     
0    0    0    0    0    0     
0    0    0    0    0    0     
0    0    0    0    0    0     
0    0    0    0    0    0     
1    1    0    0    0    0     
1    1    1    0    1    1     
1    1    1    1    1    0     
0    0    0    0    0    0     
1    1    0    0    0    0     
1    1    1    1    1    1     
0    0    0    0    0    0     
0    0    0    0    0    0     
0    0    0    0    0    0     
0    0    0    0    0    0     
1    1    0    0    0    0     
1    1    1    0    1    1     
1    1    0    0    0    0     
1    1    1    1    1    1     
0    0    0    0    0    0     
0    0    0    0    0    0     
0    0    0    0    0    0     
0    0    0    0    0    0     
0    0    0    0    0    0     
0    0    0    0    0    0     
1    1    0    0    0    0     
1    1    1    0    1    1     
1    1    0    0    0    0     
1    1    1    0    1    1     
1    0    0    0    0    0     
0    1    1    0    0    0     
1    0    1    0    1    0     
0    0    0    0    0    0     
0    0    0    0    0    0     
0    0    0    0    0    0     
0    1    0    0    0    0     
1    1    0    0    1    1     
1    1    1    1    1    1     
0    0    0    0    0    0     
1    1    0    0    0    0     
1    1    1    1    1    1     
0    0    0    0    0    0     
0    0    0    0    0    0     
0    0    0    0    0    0     
0    0    0    0    0    0     
1    1    0    0    0    0     
1    1    1    0    1    1     
1    0    0    0    0    0     
1    1    1    0    1    0     
1    1    1    0    1    0     
1    0    1    1    1    1     
0    0    0    0    0    0     
0    0    0    0    0    0     
0    0    0    0    0    0     
0    0    0    0    0    0     
0    1    0    0    0    0     
1    1    1    0    1    1     
1    1    1    0    1    1     
1    1    1    0    1    0     
1    1    1    0    1    1     
1    0    1    0    1    1     
0    0    0    0    0    0     
0    0    0    0    0    0     
0    0    0    0    0    0     
0    0    0    0    0    0     
0    1    0    0    0    0     
1    1    1    0    1    1     
1    1    0    0    1    0     
1    1    1    1    1    1     
0    0    0    0    0    0     
0    0    0    0    0    0     
0    0    0    0    0    0     
0    0    0    0    0    0     
0    0    0    0    0    0     
0    0    0    0    0    0     
1    1    0    0    0    0     
1    1    1    0    1    1     
1    0    0    0    0    0     
1    1    0    0    1    0     
1    1    1    1    1    1     
0    0    0    0    0    0     
0    0    0    0    0    0     
0    0    0    0    0    0     
0    0    0    0    0    0     
0    0    0    0    0    0     
1    1    0    0    0    0     
1    1    1    1    1    1     
0    0    0    0    0    0     
0    0    0    0    0    0     
1    1    0    0    0    0     
1    1    1    1    1    1     
0    0    0    0    0    0     
0    0    0    0    0    0     
0    0    0    0    0    0     
0    0    0    0    0    0     
0    1    0    0    0    0     
1    1    0    0    1    0     
1    1    0    0    1    1     
1    1    0    1    1    1     
1    0    0    0    0    0     
0    1    0    1    1    1     
1    0    0    0    0    0     
0    0    0    1    0    1     
0    0    0    0    0    0     
0    0    0    0    0    0     
0    1    0    0    0    0     
1    1    0    0    1    0     
1    1    0    1    1    1     
1    1    0    1    0    0     
1    1    0    1    1    1     
1    0    0    1    1    0     
0    0    0    1    0    0     
0    0    0    0    0    0     
0    0    0    0    0    0     
0    0    0    0    0    0     
0    1    0    0    0    0     
1    1    0    0    1    0     
1    1    0    1    1    1     
1    1    0    1    1    0     
1    1    0    1    1    1     
1    0    0    1    1    1     
0    0    0    1    0    0     
0    0    0    0    0    0     
0    0    0    0    0    0     
0    0    0    0    0    0     
0    1    0    0    0    0     
1    1    0    1    1    1     
1    1    0    1    1    1     
1    1    0    1    0    0     
1    1    0    1    1    1     
1    0    0    1    0    0     
0    0    0    1    0    0     
0    0    0    0    0    0     
0    0    0    0    0    0     
0    0    0    0    0    0     
0    1    0    0    0    0     
1    1    0    1    1    0     
1    1    0    1    1    1     
1    1    0    1    0    0     
1    1    1    1    1    1     
0    0    0    0    0    0     
0    0    0    0    0    0     
0    0    0    0    0    0     
0    0    0    0    0    0     
0    0    0    0    0    0     
1    1    0    0    0    0     
1    1    1    1    1    1     
0    0    0    0    0    0     
1    1    0    0    0    0     
1    1    0    1    1    1     
1    0    0    1    1    1     
0    0    0    1    0    0     
0    0    0    0    0    0     
0    0    0    0    0    0     
0    0    0    0    0    0     
0    1    0    0    0    0     
1    1    0    1    1    0     
1    1    0    1    1    1     
1    1    0    0    0    0     
1    1    1    1    1    1     
0    0    0    0    0    0     
0    0    0    0    0    0     
0    0    0    0    0    0     
0    0    0    0    0    0     
0    0    0    0    0    0     
1    1    0    0    0    0     
1    1    1    1    1    1     
0    0    0    0    0    0     
1    1    0    0    0    0     
1    1    0    1    1    1     
1    0    0    1    1    1     
0    0    0    0    0    0     
0    0    0    0    0    0     
0    0    0    0    0    0     
0    0    0    0    0    0     
0    1    0    0    0    0     
1    1    0    1    1    0     
1    1    0    1    1    1     
1    1    0    1    1    1     
1    1    0    1    1    1     
1    0    0    1    1    1     
0    0    0    1    0    0     
0    0    0    0    0    0     
0    0    0    0    0    0     
0    0    0    0    0    0     
0    1    0    0    0    0     
1    1    0    1    1    1     
1    1    0    1    1    1     
1    1    0    1    1    1     
1    1    0    1    0    0     
1    1    0    1    1    1     
1    0    0    1    1    1     
0    0    0    0    0    0     
0    0    0    0    0    0     
0    0    0    0    0    0     
0    1    0    0    0    0     
1    1    0    1    1    0     
1    1    0    1    1    1     
1    1    0    0    0    0     
1    1    0    1    1    1     
0    0    0    1    1    1     
0    0    0    0    0    0     
0    0    0    0    0    0     
0    0    0    0    0    0     
0    0    0    0    0    0     
0    1    0    0    0    0     
1    1    0    0    1    0     
1    1    0    1    1    1     
1    1    0    1    0    0     
1    1    0    1    1    1     
0    0    0    1    1    1     
0    0    0    0    0    0     
0    0    0    0    0    0     
0    0    0    0    0    0     
0    0    0    0    0    0     
0    1    0    0    0    0     
1    1    0    0    1    0     
1    1    0    1    1    1     
1    1    0    1    0    0     
1    1    0    1    1    1     
0    0    0    0    0    0     
0    0    0    0    0    0     
0    0    0    0    0    0     
0    0    0    0    0    0     
0    0    0    0    0    0     
1    1    0    0    0    0     
1    1    1    1    1    1     
0    0    0    0    0    0     
0    1    0    0    0    0     
1    1    0    0    0    0     
1    1    1    1    1    1     
0    0    0    0    0    0     
0    0    0    0    0    0     
0    0    0    0    0    0     
0    0    0    0    0    0     
0    1    0    0    0    0     
1    1    0    0    1    0     
1    1    0    1    1    0     
1    1    0    1    1    1     
0    1    0    0    0    0     
1    0    0    1    1    1     
0    0    0    0    0    0     
0    0    0    0    0    0     
0    0    0    0    0    0     
0    0    0    0    0    0     
0    1    0    0    0    0     
1    1    0    0    1    0     
1    1    0    1    1    1     
1    1    0    1    1    1     
0    1    0    0    0    0     
1    0    0    1    1    1     
0    0    0    0    0    0     
0    0    0    0    0    0     
0    0    0    0    0    0     
0    0    0    0    0    0     
0    1    0    0    0    0     
1    1    0    0    1    0     
1    1    0    1    1    1     
1    1    0    1    1    0     
1    1    0    1    1    1     
0    0    0    0    0    0     
0    0    0    0    0    0     
0    0    0    0    0    0     
0    0    0    0    0    0     
0    0    0    0    0    0     
1    1    0    0    0    0     
1    1    1    1    1    1     
0    0    0    0    0    0     
0    1    0    0    0    0     
1    1    0    0    0    0     
1    1    1    1    1    1     
0    0    0    0    0    0     
0    0    0    0    0    0     
0    0    0    0    0    0     
0    0    0    0    0    0     
0    1    0    0    0    0     
1    1    0    0    1    0     
1    1    0    1    1    0     
1    1    0    1    1    0     
1    1    0    1    1    0     
1    0    1    1    1    1     
0    0    0    0    0    0     
0    0    0    0    0    0     
0    0    0    0    0    0     
0    0    0    0    0    0     
0    1    0    0    0    0     
1    1    0    0    1    0     
1    1    0    1    1    0     
1    1    0    1    1    0     
1    1    0    1    1    0     
1    1    1    1    1    1     
0    0    0    0    0    0     
0    0    0    0    0    0     
0    0    0    0    0    0     
0    0    0    0    0    0     
0    1    0    0    0    0     
1    1    0    0    1    0     
1    1    0    1    1    0     
1    1    1    1    1    0     
0    1    0    1    0    0     
1    0    1    1    1    0     
0    0    1    0    0    0     
0    0    0    0    0    0     
0    0    0    0    0    0     
0    0    0    0    0    0     
0    1    0    0    0    0     
1    1    0    1    1    0     
1    1    1    1    1    0     
1    1    1    1    1    0     
1    1    1    1    1    0     
0    0    1    1    1    0     
0    0    0    0    0    0     
0    0    0    0    0    0     
0    0    0    0    0    0     
0    0    0    0    0    0     
0    1    0    0    0    0     
1    1    0    1    1    0     
1    1    1    1    1    0     
1    1    0    0    0    0     
1    1    1    1    1    1     
0    0    0    0    0    0     
0    0    0    0    0    0     
0    0    0    0    0    0     
0    0    0    0    0    0     
0    0    0    0    0    0     
0    1    0    0    0    0     
1    1    0    1    1    0     
1    1    1    1    1    0     
1    1    1    1    1    0     
1    1    1    1    1    0     
0    0    1    1    0    0     
0    0    0    0    0    0     
0    0    0    0    0    0     
0    0    0    0    0    0     
0    0    0    0    0    0     
0    1    0    0    0    0     
1    1    0    0    1    0     
1    1    1    1    1    0     
0    1    1    0    0    0     
1    1    1    0    1    0     
1    1    1    1    1    0     
0    0    1    1    0    0     
0    0    0    0    0    0     
0    0    0    0    0    0     
0    0    0    0    0    0     
0    1    0    0    0    0     
1    1    0    0    1    0     
1    1    1    1    1    0     
0    1    1    1    1    0     
1    1    0    0    0    0     
1    1    1    1    1    1     
0    0    0    0    0    0     
0    0    0    0    0    0     
0    0    0    0    0    0     
0    0    0    0    0    0     
0    1    0    0    0    0     
1    1    0    0    1    0     
1    1    1    1    1    0     
1    1    1    1    1    0     
0    1    1    0    0    0     
1    0    1    0    1    0     
0    0    1    0    0    0     
0    0    0    0    0    0     
0    0    0    0    0    0     
0    0    0    0    0    0     
0    1    0    0    0    0     
1    1    0    0    1    0     
1    1    1    1    1    1     
0    0    0    0    0    0     
0    1    0    0    0    0     
1    0    0    0    1    0     
0    1    1    1    1    1     
0    0    0    0    0    0     
0    0    0    0    0    0     
0    0    0    0    0    0     
0    1    0    0    0    0     
1    1    0    0    1    0     
1    1    1    1    1    1     
0    0    0    0    0    0     
0    1    0    0    0    0     
1    0    0    0    1    0     
0    1    1    1    1    1     
0    0    0    0    0    0     
0    0    0    0    0    0     
0    0    0    0    0    0     
0    1    0    0    0    0     
1    1    0    0    1    0     
1    1    1    1    1    1     
0    0    0    0    0    0     
0    1    0    0    0    0     
1    0    0    0    1    0     
0    1    1    1    1    1     
0    0    0    0    0    0     
0    0    0    0    0    0     
0    0    0    0    0    0     
0    1    0    0    0    0     
1    1    0    0    1    0     
1    1    1    1    1    1     
0    0    0    0    0    0     
0    1    0    0    0    0     
1    0    0    0    1    0     
0    1    1    1    1    1     
0    0    0    0    0    0     
0    0    0    0    0    0     
0    0    0    0    0    0     
0    1    0    0    0    0     
1    1    0    0    1    0     
1    1    1    1    1    1     
0    0    0    0    0    0     
0    1    0    0    0    0     
1    0    0    0    1    0     
0    1    1    1    1    1     
0    0    0    0    0    0     
0    0    0    0    0    0     
0    0    0    0    0    0     
0    1    0    0    0    0     
1    1    0    0    1    0     
1    1    1    1    1    1     
0    0    0    0    0    0     
0    1    0    0    0    0     
1    0    0    0    1    0     
0    1    1    1    1    1     
0    0    0    0    0    0     
0    0    0    0    0    0     
0    0    0    0    0    0     
0    1    0    0    0    0     
1    1    0    0    1    0     
1    1    1    1    1    1     
0    0    0    0    0    0     
0    1    0    0    0    0     
1    0    0    0    1    0     
0    1    1    1    1    1     
0    0    0    0    0    0     
0    0    0    0    0    0     
0    0    0    0    0    0     
0    1    0    0    0    0     
1    1    0    0    1    0     
1    1    1    1    1    1     
0    0    0    0    0    0     
0    1    0    0    0    0     
1    0    0    0    1    0     
0    1    1    1    1    1     
0    0    0    0    0    0     
0    0    0    0    0    0     
0    0    0    0    0    0     
0    1    0    0    0    0     
1    1    0    0    1    0     
1    1    1    1    1    1     
0    0    0    0    0    0     
0    1    0    0    0    0     
1    0    0    0    1    0     
0    1    1    1    1    1     
0    0    0    0    0    0     
0    0    0    0    0    0     
____________________________________
Fri Mar 29 17:56:39 2024


PARAMETERS
NUMBER_NEURON = 6
VOLTAGE_TRESHOLD = 0.7
LEARNING_RATE = 0.1
LEAK_RATE = 1.5
TIME_ITERATION = 500
ITERATION_SPIKE_IN = 5
THRESHOLD_COORDINATES = 0.03
THRESHOLD_GYROSCOPE = 0.05  0.05  1.9   
____________________________________
Fri Mar 29 17:56:39 2024


PARAMETERS
NUMBER_NEURON = 6
VOLTAGE_TRESHOLD = 0.7
LEARNING_RATE = 0.1
LEAK_RATE = 1.5
TIME_ITERATION = 500
ITERATION_SPIKE_IN = 5
THRESHOLD_COORDINATES = 0.03
THRESHOLD_GYROSCOPE = 0.05  0.05  1.9   
0    0    1    0    0    0     
1    1    1    1    1    1     
1    1    1    1    1    1     
1    1    1    1    1    1     
1    1    1    1    1    0     
1    1    1    1    1    0     
1    1    1    1    1    0     
1    1    1    1    1    0     
____________________________________
Mon Apr  1 09:43:51 2024


PARAMETERS
NUMBER_NEURON = 6
VOLTAGE_TRESHOLD = 0.5
LEARNING_RATE = 0.1
LEAK_RATE = 1.5
TIME_ITERATION = 10
ITERATION_SPIKE_IN = 10
THRESHOLD_COORDINATES = 0.03
THRESHOLD_GYROSCOPE = 0.05  0.05  1.9   
____________________________________
Mon Apr  1 09:43:51 2024


PARAMETERS
NUMBER_NEURON = 6
VOLTAGE_TRESHOLD = 0.5
LEARNING_RATE = 0.1
LEAK_RATE = 1.5
TIME_ITERATION = 10
ITERATION_SPIKE_IN = 10
THRESHOLD_COORDINATES = 0.03
THRESHOLD_GYROSCOPE = 0.05  0.05  1.9   
0    1    0    1    1    1     
1    1    1    1    1    1     
1    1    1    1    1    1     
1    1    1    0    0    1     
0    0    0    0    0    1     
0    1    0    1    0    0     
1    1    1    1    0    1     
0    1    1    0    0    1     
1    1    1    1    0    1     
0    1    1    0    0    1     
____________________________________
Mon Apr  1 09:46:16 2024


PARAMETERS
NUMBER_NEURON = 6
VOLTAGE_TRESHOLD = 0.5
LEARNING_RATE = 0.1
LEAK_RATE = 1.5
TIME_ITERATION = 10
ITERATION_SPIKE_IN = 10
THRESHOLD_COORDINATES = 0.03
THRESHOLD_GYROSCOPE = 0.05  0.05  1.9   
0    1    0    0    0    0     
1    1    1    1    1    1     
1    1    1    1    1    1     
1    1    1    1    1    1     
1    1    1    0    1    1     
1    0    0    0    0    0     
____________________________________
Mon Apr  1 10:21:41 2024


PARAMETERS
NUMBER_NEURON = 6
VOLTAGE_TRESHOLD = 0.5
LEARNING_RATE = 0.1
LEAK_RATE = 1.5
TIME_ITERATION = 10
ITERATION_SPIKE_IN = 10
THRESHOLD_COORDINATES = 0.03
THRESHOLD_GYROSCOPE = 0.05  0.05  1.9   
____________________________________
Mon Apr  1 10:21:41 2024


PARAMETERS
NUMBER_NEURON = 6
VOLTAGE_TRESHOLD = 0.5
LEARNING_RATE = 0.1
LEAK_RATE = 1.5
TIME_ITERATION = 10
ITERATION_SPIKE_IN = 10
THRESHOLD_COORDINATES = 0.03
THRESHOLD_GYROSCOPE = 0.05  0.05  1.9   
0    1    0    1    1    1     
1    1    1    1    1    1     
1    1    1    1    0    1     
____________________________________
Mon Apr  1 10:26:17 2024


PARAMETERS
NUMBER_NEURON = 6
VOLTAGE_TRESHOLD = 0.5
LEARNING_RATE = 0.1
LEAK_RATE = 1.5
TIME_ITERATION = 10
ITERATION_SPIKE_IN = 10
THRESHOLD_COORDINATES = 0.03
THRESHOLD_GYROSCOPE = 0.05  0.05  1.9   
____________________________________
Mon Apr  1 10:26:17 2024


PARAMETERS
NUMBER_NEURON = 6
VOLTAGE_TRESHOLD = 0.5
LEARNING_RATE = 0.1
LEAK_RATE = 1.5
TIME_ITERATION = 10
ITERATION_SPIKE_IN = 10
THRESHOLD_COORDINATES = 0.03
THRESHOLD_GYROSCOPE = 0.05  0.05  1.9   
0    1    0    1    1    1     
1    1    1    1    1    1     
1    1    1    1    0    1     
1    1    1    0    0    1     
0    1    0    0    0    0     
0    0    0    0    0    1     
0    1    0    1    0    0     
1    1    1    1    0    1     
1    1    1    0    0    1     
0    1    0    0    0    1     
____________________________________
Mon Apr  1 10:29:15 2024


PARAMETERS
NUMBER_NEURON = 6
VOLTAGE_TRESHOLD = 0.7
LEARNING_RATE = 0.1
LEAK_RATE = 1.5
TIME_ITERATION = 10
ITERATION_SPIKE_IN = 10
THRESHOLD_COORDINATES = 0.03
THRESHOLD_GYROSCOPE = 0.05  0.05  1.9   
____________________________________
Mon Apr  1 10:29:15 2024


PARAMETERS
NUMBER_NEURON = 6
VOLTAGE_TRESHOLD = 0.7
LEARNING_RATE = 0.1
LEAK_RATE = 1.5
TIME_ITERATION = 10
ITERATION_SPIKE_IN = 10
THRESHOLD_COORDINATES = 0.03
THRESHOLD_GYROSCOPE = 0.05  0.05  1.9   
1    1    0    0    0    0     
1    1    1    1    1    1     
1    1    1    1    1    1     
