____________________________________
Tue Apr  2 10:50:59 2024


PARAMETERS
NUMBER_NEURON = 6
VOLTAGE_TRESHOLD = 0.8
LEARNING_RATE = 0.1
LEAK_RATE = 1.5
TIME_ITERATION = 500
ITERATION_SPIKE_IN = 5
THRESHOLD_COORDINATES = 0.03
THRESHOLD_GYROSCOPE = 0.03  0.03  1.9   
____________________________________
Tue Apr  2 10:50:59 2024


PARAMETERS
NUMBER_NEURON = 6
VOLTAGE_TRESHOLD = 0.8
LEARNING_RATE = 0.1
LEAK_RATE = 1.5
TIME_ITERATION = 500
ITERATION_SPIKE_IN = 5
THRESHOLD_COORDINATES = 0.03
THRESHOLD_GYROSCOPE = 0.03  0.03  1.9   
0    1    0    0    0    0     
1    1    1    1    1    1     
1    1    1    1    1    1     
1    1    1    1    0    1     
1    1    1    1    0    1     
1    1    0    0    0    1     
0    1    0    0    0    1     
0    1    1    1    0    1     
0    0    0    0    0    1     
0    1    0    0    0    0     
0    1    1    1    0    1     
0    1    0    0    0    1     
0    1    0    0    0    1     
0    1    0    1    0    1     
1    1    1    1    0    1     
1    1    1    0    0    1     
1    1    0    0    0    1     
0    1    1    0    0    1     
0    0    0    0    0    0     
0    0    0    0    0    0     
0    0    0    0    0    0     
0    1    0    0    0    1     
1    1    0    1    0    1     
1    1    0    0    0    1     
0    1    0    0    0    1     
1    1    0    1    0    1     
0    0    1    0    0    0     
1    0    0    0    0    0     
0    0    0    0    0    0     
0    0    0    0    0    0     
0    0    0    0    0    0     
0    1    0    0    0    0     
0    1    0    1    0    1     
1    1    1    1    0    1     
1    1    0    0    0    1     
0    1    0    0    0    1     
1    1    1    1    0    1     
1    0    0    0    0    0     
0    0    0    0    0    0     
0    0    0    0    0    0     
0    0    0    0    0    0     
0    1    0    0    0    1     
1    1    0    1    0    1     
1    1    0    0    0    1     
0    1    0    0    0    1     
1    1    1    1    0    1     
1    0    1    0    0    0     
1    0    0    0    0    0     
0    0    0    0    0    0     
0    0    0    0    0    0     
0    0    0    0    0    0     
0    1    0    0    0    1     
1    1    0    1    0    1     
1    1    1    0    0    1     
1    1    0    0    0    1     
0    1    0    0    0    1     
0    1    0    1    0    1     
1    0    1    1    0    1     
1    0    0    0    0    0     
0    0    0    0    0    0     
0    0    0    0    0    0     
0    0    0    0    0    0     
1    1    0    0    0    1     
0    1    0    0    0    1     
1    1    0    1    0    1     
1    1    0    0    0    1     
0    0    0    0    0    0     
0    0    0    0    0    0     
0    0    0    0    0    0     
0    0    0    0    0    0     
0    0    0    0    0    0     
0    1    0    0    0    1     
0    1    0    1    1    1     
1    1    0    0    0    1     
0    0    0    0    0    1     
0    1    0    0    0    1     
0    1    1    1    0    1     
1    0    1    0    0    0     
0    0    0    0    0    0     
0    0    0    0    0    0     
0    0    0    0    0    0     
0    0    0    0    0    1     
1    1    0    0    0    1     
0    1    0    0    0    1     
0    1    0    0    0    1     
1    1    0    1    0    1     
0    0    0    0    0    0     
0    0    0    0    0    0     
0    0    0    0    0    0     
0    0    0    0    0    0     
0    0    0    0    0    0     
0    1    0    0    0    1     
1    1    0    1    0    1     
0    0    0    0    0    0     
1    1    0    0    0    1     
0    0    0    0    0    1     
0    1    0    0    0    0     
0    0    0    0    0    1     
0    0    0    0    0    0     
0    0    0    0    0    0     
0    0    0    0    0    0     
0    1    0    0    0    1     
1    1    0    1    0    1     
1    1    0    0    0    1     
1    1    0    0    0    1     
0    0    0    0    0    1     
0    0    0    0    0    0     
0    0    0    0    0    0     
0    0    0    0    0    0     
0    0    0    0    0    0     
0    0    0    0    0    0     
0    1    0    0    0    1     
1    1    0    0    0    1     
0    0    0    0    0    0     
0    1    0    0    0    1     
1    1    0    0    0    1     
0    0    0    0    0    0     
0    0    0    0    0    0     
0    0    0    0    0    0     
0    0    0    0    0    0     
0    0    0    0    0    0     
0    1    0    0    0    1     
0    1    0    0    0    1     
0    1    0    0    0    1     
1    1    0    1    0    1     
0    0    0    0    0    0     
0    0    0    0    0    0     
0    0    0    0    0    0     
0    0    0    0    0    0     
0    0    0    0    0    0     
0    0    0    0    0    0     
0    1    0    0    0    1     
1    1    0    0    0    1     
0    0    0    0    0    0     
0    1    0    0    0    1     
0    1    0    0    0    1     
0    0    0    0    0    1     
0    0    0    0    0    0     
0    0    0    0    0    0     
0    0    0    0    0    0     
0    0    0    0    0    0     
0    1    0    0    0    1     
0    1    0    1    1    1     
1    1    0    0    0    1     
0    0    0    0    0    0     
0    1    0    0    0    1     
0    0    0    0    0    1     
0    0    0    0    0    0     
0    0    0    0    0    0     
0    0    0    0    0    0     
0    0    0    0    0    0     
0    1    0    0    0    1     
1    1    0    0    1    1     
0    0    0    0    0    0     
1    1    0    0    0    1     
0    0    0    0    0    0     
0    0    0    0    0    0     
0    0    0    0    0    0     
0    0    0    0    0    0     
0    0    0    0    0    0     
0    0    0    0    0    0     
0    1    0    0    0    1     
0    1    0    0    0    1     
0    1    0    0    1    1     
1    0    0    0    0    1     
0    0    0    0    0    0     
0    0    0    0    0    0     
0    0    0    0    0    0     
0    0    0    0    0    0     
0    0    0    0    0    0     
0    0    0    0    0    0     
0    1    0    0    0    1     
0    1    0    0    0    1     
1    1    0    1    1    1     
0    0    0    0    0    0     
1    0    0    0    0    0     
0    0    0    0    0    0     
0    0    0    0    0    0     
0    0    0    0    0    0     
0    0    0    0    0    0     
0    0    0    0    0    0     
0    1    0    0    0    0     
0    1    0    0    0    1     
0    1    0    0    0    1     
1    1    0    0    0    1     
0    0    0    0    0    0     
0    0    0    0    0    0     
0    0    0    0    0    0     
0    0    0    0    0    0     
0    0    0    0    0    0     
0    0    0    0    0    0     
0    1    0    0    0    0     
0    1    0    0    0    1     
0    1    0    0    0    1     
1    1    0    1    0    1     
1    0    0    0    0    0     
0    0    0    0    0    0     
0    0    0    0    0    0     
0    0    0    0    0    0     
0    0    0    0    0    0     
0    0    0    0    0    0     
0    1    0    0    0    0     
0    1    0    0    0    1     
1    1    0    1    0    1     
0    0    0    0    0    0     
1    1    0    0    0    0     
0    0    0    0    0    0     
0    0    0    0    0    0     
0    0    0    0    0    0     
0    0    0    0    0    0     
0    0    0    0    0    0     
0    1    0    0    0    1     
1    1    0    0    0    1     
0    0    0    0    0    0     
0    1    0    0    0    0     
0    1    0    0    0    1     
0    1    1    1    1    1     
1    0    1    0    0    0     
0    0    0    0    0    0     
0    0    0    0    0    0     
0    0    0    0    0    0     
0    0    0    0    0    0     
1    1    0    0    0    1     
0    0    0    0    0    0     
0    1    0    0    0    0     
0    1    0    0    0    1     
0    1    1    1    0    1     
0    0    0    0    0    0     
0    0    0    0    0    0     
0    0    0    0    0    0     
0    0    0    0    0    0     
0    1    0    0    0    0     
1    1    0    0    0    1     
0    0    0    0    0    0     
0    1    0    0    0    0     
1    1    0    0    0    1     
0    0    0    0    0    0     
0    0    0    0    0    0     
0    0    0    0    0    0     
0    0    0    0    0    0     
0    0    0    0    0    0     
0    1    0    0    0    0     
0    1    0    0    0    1     
1    1    0    1    0    1     
0    0    0    0    0    0     
0    0    0    0    0    0     
0    0    0    0    0    0     
0    0    0    0    0    0     
0    0    0    0    0    0     
0    0    0    0    0    0     
0    0    0    0    0    0     
0    1    0    0    0    0     
1    1    0    0    0    1     
0    0    0    0    0    0     
1    1    0    0    0    0     
0    0    0    0    0    0     
0    0    0    0    0    0     
0    0    0    0    0    0     
0    0    0    0    0    0     
0    0    0    0    0    0     
0    0    0    0    0    0     
0    1    0    0    0    0     
1    1    0    0    0    1     
0    0    0    0    0    0     
1    1    0    0    0    0     
0    0    0    0    0    0     
0    0    0    0    0    0     
0    0    0    0    0    0     
0    0    0    0    0    0     
0    0    0    0    0    0     
0    0    0    0    0    0     
0    1    0    0    0    0     
1    1    0    0    0    1     
0    0    0    0    0    0     
1    1    0    0    0    0     
0    0    0    0    0    0     
0    0    0    0    0    0     
0    0    0    0    0    0     
0    0    0    0    0    0     
0    0    0    0    0    0     
0    0    0    0    0    0     
0    1    0    0    0    0     
1    1    0    0    0    1     
0    0    0    0    0    0     
1    1    0    0    0    0     
1    0    0    0    0    0     
0    0    0    0    0    0     
0    0    0    0    0    0     
0    0    0    0    0    0     
0    0    0    0    0    0     
0    0    0    0    0    0     
0    1    0    0    0    0     
1    1    0    0    0    1     
0    0    0    0    0    0     
0    1    0    0    0    0     
1    1    0    0    0    1     
0    0    0    0    0    0     
0    0    0    0    0    0     
0    0    0    0    0    0     
0    0    0    0    0    0     
0    0    0    0    0    0     
0    1    0    0    0    0     
1    1    0    1    0    1     
0    0    0    0    0    0     
0    1    0    0    0    0     
1    1    0    0    0    0     
0    0    0    0    0    0     
0    0    0    0    0    0     
0    0    0    0    0    0     
0    0    0    0    0    0     
0    0    0    0    0    0     
0    1    0    0    0    0     
1    1    0    0    0    1     
0    0    0    0    0    0     
1    1    0    0    0    0     
1    0    0    0    0    0     
0    0    0    0    0    0     
0    0    0    0    0    0     
0    0    0    0    0    0     
0    0    0    0    0    0     
0    0    0    0    0    0     
0    1    0    0    0    0     
1    1    0    0    0    1     
0    0    0    0    0    0     
1    1    0    0    0    0     
1    0    0    0    0    0     
0    0    0    0    0    0     
0    0    0    0    0    0     
0    0    0    0    0    0     
0    0    0    0    0    0     
0    0    0    0    0    0     
0    1    0    0    0    0     
1    1    0    0    0    1     
0    0    0    0    0    0     
1    1    0    0    0    0     
1    0    0    0    0    0     
0    0    0    0    0    0     
0    0    0    0    0    0     
0    0    0    0    0    0     
0    0    0    0    0    0     
0    0    0    0    0    0     
0    1    0    0    0    0     
1    1    0    0    0    1     
0    0    0    0    0    0     
1    1    0    0    0    0     
1    0    0    0    0    0     
0    0    0    0    0    0     
0    0    0    0    0    0     
0    0    0    0    0    0     
0    0    0    0    0    0     
0    0    0    0    0    0     
0    1    0    0    0    0     
1    1    0    0    0    1     
0    0    0    0    0    0     
0    1    0    0    0    0     
1    1    0    0    0    0     
1    0    0    0    0    0     
0    0    0    0    0    0     
0    0    0    0    0    0     
0    0    0    0    0    0     
0    0    0    0    0    0     
0    1    0    0    0    0     
1    1    0    0    0    0     
1    0    0    0    0    0     
0    0    0    0    0    0     
1    1    0    0    0    0     
1    0    0    0    0    0     
0    0    0    0    0    0     
0    0    0    0    0    0     
0    0    0    0    0    0     
0    0    0    0    0    0     
0    1    0    0    0    0     
1    1    0    0    0    0     
1    1    0    0    0    0     
1    1    0    0    0    0     
1    1    0    0    0    0     
1    0    0    0    0    0     
0    0    0    0    0    0     
0    0    0    0    0    0     
0    0    0    0    0    0     
0    0    0    0    0    0     
0    1    0    0    0    0     
1    1    0    0    0    0     
1    1    0    0    0    0     
1    1    0    0    0    0     
1    1    0    0    0    0     
1    0    0    0    0    0     
0    0    0    0    0    0     
0    0    0    0    0    0     
0    0    0    0    0    0     
0    0    0    0    0    0     
0    1    0    0    0    0     
1    1    0    0    0    1     
0    0    0    0    0    0     
1    1    0    0    0    0     
1    1    0    0    0    0     
1    0    0    0    0    0     
0    0    0    0    0    0     
0    0    0    0    0    0     
0    0    0    0    0    0     
0    0    0    0    0    0     
0    1    0    0    0    0     
1    1    0    0    0    0     
1    1    0    0    0    0     
1    0    0    0    0    0     
0    0    0    0    0    0     
0    0    0    0    0    0     
0    0    0    0    0    0     
0    0    0    0    0    0     
0    0    0    0    0    0     
0    0    0    0    0    0     
0    1    0    0    0    0     
1    1    0    0    0    0     
1    0    0    0    0    0     
0    0    0    0    0    0     
1    1    0    0    0    0     
1    0    0    0    0    0     
0    0    0    0    0    0     
0    0    0    0    0    0     
0    0    0    0    0    0     
0    0    0    0    0    0     
0    1    0    0    0    0     
1    1    0    0    0    0     
1    0    0    0    0    0     
0    0    0    0    0    0     
1    1    0    0    0    0     
1    0    0    0    0    0     
0    0    0    0    0    0     
0    0    0    0    0    0     
0    0    0    0    0    0     
0    0    0    0    0    0     
0    1    0    0    0    0     
1    1    0    0    0    0     
1    0    0    0    0    0     
0    0    0    0    0    0     
1    1    0    0    0    0     
1    0    0    0    0    0     
0    0    0    0    0    0     
0    0    0    0    0    0     
0    0    0    0    0    0     
0    0    0    0    0    0     
0    1    0    0    0    0     
1    1    0    0    0    0     
1    0    0    0    0    0     
0    0    0    0    0    0     
1    1    0    0    0    0     
1    0    0    0    0    0     
0    0    0    0    0    0     
0    0    0    0    0    0     
0    0    0    0    0    0     
0    0    0    0    0    0     
0    1    0    0    0    0     
1    1    0    1    0    0     
0    0    0    0    0    0     
0    1    0    0    0    0     
1    1    0    0    0    0     
1    0    0    0    0    0     
0    0    0    0    0    0     
0    0    0    0    0    0     
0    0    0    0    0    0     
0    0    0    0    0    0     
0    1    0    0    0    0     
1    1    0    0    0    0     
1    0    0    0    0    0     
0    0    0    0    0    0     
1    1    0    0    0    0     
1    0    0    0    0    0     
0    0    0    0    0    0     
0    0    0    0    0    0     
0    0    0    0    0    0     
0    0    0    0    0    0     
0    1    0    0    0    0     
1    1    0    0    0    0     
1    1    0    0    0    0     
1    1    0    0    0    0     
1    1    0    0    0    0     
1    0    0    0    0    0     
0    0    0    0    0    0     
0    0    0    0    0    0     
0    0    0    0    0    0     
0    0    0    0    0    0     
0    1    0    0    0    0     
1    1    1    1    1    1     
0    0    0    0    0    0     
0    0    0    0    0    0     
1    1    0    0    0    0     
1    0    0    0    0    0     
0    0    0    0    0    0     
0    0    0    0    0    0     
0    0    0    0    0    0     
0    0    0    0    0    0     
0    1    0    0    0    0     
1    1    0    1    0    0     
0    0    0    0    0    0     
1    1    0    0    0    0     
1    1    0    0    0    0     
1    0    0    0    0    0     
0    0    0    0    0    0     
0    0    0    0    0    0     
0    0    0    0    0    0     
____________________________________
Tue Apr  2 11:35:52 2024


PARAMETERS
NUMBER_NEURON = 6
VOLTAGE_TRESHOLD = 0.8
LEARNING_RATE = 0.1
LEAK_RATE = 1.5
TIME_ITERATION = 500
ITERATION_SPIKE_IN = 5
THRESHOLD_COORDINATES = 0.03
THRESHOLD_GYROSCOPE = 0.03  0.03  1.9   
0    1    1    1    0    1     
1    1    1    1    1    1     
1    1    1    1    1    1     
1    1    1    1    1    1     
1    1    1    0    0    1     
1    0    0    1    0    1     
0    1    0    0    0    0     
0    0    0    0    0    0     
0    0    0    0    0    0     
0    0    0    0    0    0     
0    0    0    0    0    0     
0    0    0    0    0    0     
0    0    0    0    0    0     
0    1    0    0    0    0     
0    0    1    1    1    1     
0    0    0    0    0    0     
0    0    0    0    0    0     
0    0    0    0    0    0     
0    0    0    0    0    0     
0    0    0    0    0    0     
0    0    0    0    0    0     
0    0    0    0    0    0     
0    1    0    0    0    0     
0    0    0    1    1    0     
0    0    1    0    1    0     
1    0    0    0    0    0     
0    0    0    0    0    0     
0    0    0    0    0    0     
0    0    0    0    0    0     
0    0    0    0    0    0     
0    0    0    0    0    0     
0    0    0    0    0    0     
0    1    0    1    0    0     
0    0    1    1    1    0     
0    0    0    0    0    0     
0    1    0    0    0    0     
0    0    1    1    0    0     
0    0    0    0    0    0     
0    0    0    0    0    0     
0    0    0    0    0    0     
0    0    0    0    0    0     
0    1    0    1    0    0     
0    1    1    1    1    1     
1    0    1    1    0    0     
0    1    1    0    0    0     
1    1    1    1    1    0     
1    1    1    0    1    0     
0    0    0    0    1    0     
0    0    0    0    0    0     
0    0    0    0    0    0     
0    0    0    0    0    0     
0    0    0    0    0    0     
0    1    1    1    0    0     
1    0    1    0    0    0     
1    1    0    0    1    0     
0    0    1    0    1    0     
0    0    0    0    0    0     
0    0    0    0    0    0     
0    0    0    0    0    0     
0    0    0    0    0    0     
0    0    0    0    0    0     
0    0    0    0    0    0     
0    1    1    1    0    0     
0    0    1    0    0    0     
1    1    0    0    0    0     
0    1    1    1    1    0     
0    0    1    0    0    0     
1    0    0    0    0    0     
0    1    0    0    1    0     
0    0    0    0    0    0     
0    0    0    0    0    0     
0    0    0    0    0    0     
0    1    1    1    1    0     
1    1    1    1    1    0     
1    1    1    0    1    0     
0    0    0    0    1    0     
0    0    0    0    0    0     
0    0    0    0    0    0     
0    0    0    0    0    0     
0    0    0    0    0    0     
0    0    0    0    0    0     
0    0    1    0    0    0     
1    1    1    0    1    0     
0    0    0    0    1    0     
0    0    1    0    0    0     
1    0    0    0    1    0     
0    0    0    0    1    0     
0    0    0    0    0    0     
0    0    0    0    0    0     
0    0    0    0    0    0     
0    0    0    0    0    0     
0    0    1    0    0    0     
1    1    1    0    1    0     
0    0    0    0    1    0     
0    0    1    0    1    0     
1    0    1    0    1    0     
1    1    0    0    1    0     
0    0    0    0    0    0     
0    0    0    0    0    0     
0    0    0    0    0    0     
0    0    0    0    0    0     
0    0    1    0    1    0     
1    0    1    0    1    0     
1    1    1    1    1    0     
1    1    1    1    1    0     
1    1    1    0    1    1     
0    0    0    0    0    0     
0    0    0    0    0    0     
0    0    0    0    0    0     
0    0    0    0    0    0     
0    0    0    0    0    0     
0    0    1    0    1    0     
1    1    1    1    1    0     
1    1    1    0    1    0     
0    0    0    0    1    0     
1    0    1    1    1    0     
1    1    0    0    1    0     
0    0    0    0    0    0     
0    0    0    0    0    0     
0    0    0    0    0    0     
0    0    0    0    0    0     
0    0    1    0    0    0     
1    1    1    0    1    0     
0    0    0    0    0    0     
0    0    1    0    1    0     
1    0    1    0    1    0     
1    1    0    1    0    0     
0    0    0    0    0    0     
0    0    0    0    0    0     
0    0    0    0    0    0     
0    0    0    0    0    0     
0    0    1    0    0    0     
1    1    1    0    1    0     
0    0    0    0    0    0     
0    0    1    0    0    0     
1    1    1    0    1    0     
0    0    0    0    0    0     
0    0    0    0    0    0     
0    0    0    0    0    0     
0    0    0    0    0    0     
0    0    0    0    0    0     
0    0    1    0    0    0     
1    0    1    0    1    0     
1    1    1    0    1    0     
0    0    0    0    0    0     
0    0    1    0    0    0     
1    0    0    0    0    0     
0    1    0    0    0    0     
0    0    0    0    0    0     
0    0    0    0    0    0     
0    0    0    0    0    0     
0    0    1    0    0    0     
1    0    1    1    1    0     
0    0    1    0    0    0     
1    1    1    0    1    0     
0    0    0    0    0    0     
0    0    0    0    0    0     
0    0    0    0    0    0     
0    0    0    0    0    0     
0    0    0    0    0    0     
0    0    0    0    0    0     
0    0    1    0    0    0     
1    0    1    1    0    0     
1    1    0    0    0    0     
0    0    0    0    0    0     
0    0    1    0    0    0     
1    0    0    0    0    0     
0    0    0    0    0    0     
0    0    0    0    0    0     
0    0    0    0    0    0     
0    0    0    0    0    0     
0    0    1    0    0    0     
1    1    1    1    0    0     
0    0    0    0    0    0     
0    0    1    0    0    0     
1    0    1    0    0    0     
1    1    0    0    0    0     
0    0    0    0    0    0     
0    0    0    0    0    0     
0    0    0    0    0    0     
0    0    0    0    0    0     
0    0    1    0    0    0     
1    0    1    0    0    0     
1    1    0    0    0    0     
0    0    0    0    0    0     
0    0    1    0    0    0     
1    0    0    0    0    0     
0    1    0    0    0    0     
0    0    0    0    0    0     
0    0    0    0    0    0     
0    0    0    0    0    0     
0    0    1    0    0    0     
1    0    1    0    1    0     
1    1    1    0    1    0     
0    0    0    0    0    0     
0    0    1    0    0    0     
1    1    0    1    1    0     
0    0    0    0    0    0     
0    0    0    0    0    0     
0    0    0    0    0    0     
0    0    0    0    0    0     
0    0    1    0    0    0     
1    0    1    0    1    0     
1    0    1    0    1    0     
1    1    1    0    1    0     
0    0    0    0    0    0     
0    0    0    0    0    0     
0    0    0    0    0    0     
0    0    0    0    0    0     
0    0    0    0    0    0     
0    0    0    0    0    0     
0    0    1    0    0    0     
1    0    1    1    1    0     
0    0    0    0    0    0     
0    0    1    0    0    0     
1    0    1    0    1    0     
1    1    0    0    1    0     
0    0    0    0    0    0     
0    0    0    0    0    0     
0    0    0    0    0    0     
0    0    0    0    0    0     
0    0    1    0    0    0     
1    0    1    0    1    0     
1    0    1    0    1    0     
1    0    1    0    1    1     
1    0    0    0    0    0     
0    0    0    0    0    0     
0    0    0    0    0    0     
0    0    0    0    0    0     
0    0    0    0    0    0     
0    0    0    0    0    0     
0    0    1    0    0    0     
1    0    1    0    1    0     
1    1    1    0    1    1     
0    0    0    0    0    0     
0    0    1    0    0    0     
1    0    0    1    1    1     
0    0    0    0    0    0     
0    0    0    0    0    0     
0    0    0    0    0    0     
0    0    0    0    0    0     
0    0    1    0    0    0     
1    0    1    1    1    1     
1    0    1    0    0    0     
1    1    1    0    1    1     
0    0    0    0    0    0     
0    0    0    0    0    0     
0    0    0    0    0    0     
0    0    0    0    0    0     
0    0    0    0    0    0     
0    0    0    0    0    0     
0    0    1    0    0    0     
1    0    1    1    1    1     
1    0    1    0    0    0     
1    1    1    0    1    1     
0    0    0    0    0    0     
0    0    0    0    0    0     
0    0    0    0    0    0     
0    0    0    0    0    0     
0    0    0    0    0    0     
0    0    0    0    0    0     
0    0    1    0    0    0     
1    0    1    1    1    1     
1    0    1    0    0    0     
1    1    1    0    1    1     
0    0    0    0    0    0     
0    0    0    0    0    0     
0    0    0    0    0    0     
0    0    0    0    0    0     
0    0    0    0    0    0     
0    0    0    0    0    0     
0    0    1    0    0    0     
1    0    1    1    1    1     
1    0    1    0    0    0     
1    1    1    0    1    1     
0    0    0    0    0    0     
0    0    0    0    0    0     
0    0    0    0    0    0     
0    0    0    0    0    0     
0    0    0    0    0    0     
0    0    0    0    0    0     
0    0    1    0    0    0     
1    0    1    1    1    1     
1    0    1    0    0    0     
1    1    1    0    1    1     
0    0    0    0    0    0     
0    0    0    0    0    0     
0    0    0    0    0    0     
0    0    0    0    0    0     
0    0    0    0    0    0     
0    0    0    0    0    0     
0    0    1    0    0    0     
1    0    1    1    1    1     
1    0    1    0    0    0     
1    1    1    0    1    1     
0    0    0    0    0    0     
0    0    0    0    0    0     
0    0    0    0    0    0     
0    0    0    0    0    0     
0    0    0    0    0    0     
0    0    0    0    0    0     
0    0    1    0    0    0     
1    0    1    1    1    1     
1    0    1    0    0    0     
1    1    1    0    1    1     
0    0    0    0    0    0     
0    0    0    0    0    0     
0    0    0    0    0    0     
0    0    0    0    0    0     
0    0    0    0    0    0     
0    0    0    0    0    0     
0    0    1    0    0    0     
1    0    1    1    1    1     
1    0    1    0    0    0     
1    1    1    0    1    1     
0    0    0    0    0    0     
0    0    0    0    0    0     
0    0    0    0    0    0     
0    0    0    0    0    0     
0    0    0    0    0    0     
0    0    0    0    0    0     
0    0    1    0    0    0     
1    0    1    1    1    1     
1    0    1    0    0    0     
1    1    1    0    1    1     
0    0    0    0    0    0     
0    0    0    0    0    0     
0    0    0    0    0    0     
0    0    0    0    0    0     
0    0    0    0    0    0     
0    0    0    0    0    0     
0    0    1    0    0    0     
1    0    1    1    1    1     
1    0    1    0    0    0     
1    1    1    0    1    1     
0    0    0    0    0    0     
0    0    0    0    0    0     
0    0    0    0    0    0     
0    0    0    0    0    0     
0    0    0    0    0    0     
0    0    0    0    0    0     
0    0    1    0    0    0     
1    0    1    1    1    0     
0    0    1    0    0    0     
1    1    1    0    1    0     
0    0    0    0    0    0     
0    0    0    0    0    0     
0    0    0    0    0    0     
0    0    0    0    0    0     
0    0    0    0    0    0     
0    0    0    0    0    0     
0    0    1    0    0    0     
1    0    1    1    1    0     
0    0    0    0    0    0     
0    0    1    0    0    0     
1    0    1    0    1    0     
0    1    0    0    1    0     
0    0    0    0    0    0     
0    0    0    0    0    0     
0    0    0    0    0    0     
0    0    0    0    0    0     
0    0    1    0    0    0     
1    0    1    0    1    0     
1    1    1    0    1    0     
0    0    0    0    0    0     
0    0    1    0    0    0     
1    0    0    0    1    0     
0    0    0    0    0    0     
0    0    0    0    0    0     
0    0    0    0    0    0     
0    0    0    0    0    0     
0    0    1    0    0    0     
1    0    1    0    1    0     
1    0    1    0    1    0     
1    1    1    0    1    0     
0    0    0    0    0    0     
0    0    0    0    0    0     
0    0    0    0    0    0     
0    0    0    0    0    0     
0    0    0    0    0    0     
0    0    0    0    0    0     
0    0    1    0    0    0     
1    0    1    1    1    0     
0    0    0    0    0    0     
0    0    1    0    0    0     
1    0    1    0    1    0     
1    0    0    0    1    0     
0    0    0    0    0    0     
0    0    0    0    0    0     
0    0    0    0    0    0     
0    0    0    0    0    0     
0    0    1    0    0    0     
1    0    1    0    1    0     
1    0    1    0    1    1     
1    0    0    0    0    0     
0    0    1    0    0    0     
1    1    0    0    1    1     
0    0    0    0    0    0     
0    0    0    0    0    0     
0    0    0    0    0    0     
0    0    0    0    0    0     
0    0    1    0    0    0     
1    0    1    0    1    0     
1    0    1    0    1    0     
1    0    1    0    1    0     
1    0    1    0    1    1     
1    1    0    0    0    0     
0    0    0    0    0    0     
0    0    0    0    0    0     
0    0    0    0    0    0     
0    0    0    0    0    0     
0    0    1    0    0    0     
1    0    1    0    1    0     
1    0    1    0    1    0     
1    0    1    0    1    0     
1    0    1    0    1    0     
1    1    0    1    1    1     
0    0    0    0    0    0     
0    0    0    0    0    0     
0    0    0    0    0    0     
0    0    0    0    0    0     
0    0    1    0    0    0     
1    0    1    1    1    0     
1    0    1    0    0    0     
1    0    1    0    1    1     
1    0    0    0    0    0     
0    0    0    0    0    0     
0    0    0    0    0    0     
0    0    0    0    0    0     
0    0    0    0    0    0     
0    0    0    0    0    0     
0    0    1    0    0    0     
1    0    1    1    1    0     
1    0    0    0    0    0     
0    0    1    0    0    0     
1    0    1    0    0    0     
1    1    0    1    1    1     
0    0    0    0    0    0     
0    0    0    0    0    0     
0    0    0    0    0    0     
0    0    0    0    0    0     
0    0    1    0    0    0     
1    0    1    0    1    0     
1    0    1    0    1    0     
1    0    1    0    1    0     
1    0    1    0    1    0     
1    1    0    0    1    0     
0    0    0    0    0    0     
0    0    0    0    0    0     
0    0    0    0    0    0     
0    0    0    0    0    0     
0    0    1    0    0    0     
1    0    1    0    1    0     
1    0    1    0    1    0     
1    0    1    0    1    0     
1    1    1    0    1    0     
0    0    0    0    0    0     
0    0    0    0    0    0     
0    0    0    0    0    0     
0    0    0    0    0    0     
0    0    0    0    0    0     
0    0    1    0    0    0     
1    0    1    1    1    0     
0    0    0    0    0    0     
0    0    1    0    0    0     
1    0    1    0    1    0     
1    1    0    0    1    0     
0    0    0    0    0    0     
0    0    0    0    0    0     
0    0    0    0    0    0     
0    0    0    0    0    0     
0    0    1    0    0    0     
1    0    1    0    1    0     
1    0    1    0    1    0     
1    1    1    0    1    0     
0    0    0    0    0    0     
0    0    0    0    0    0     
0    0    0    0    0    0     
0    0    0    0    0    0     
0    0    0    0    0    0     
0    0    0    0    0    0     
0    0    1    0    0    0     
1    0    1    1    1    0     
0    0    0    0    0    0     
0    0    1    0    0    0     
1    0    1    0    0    0     
1    1    0    0    1    1     
0    0    0    0    0    0     
0    0    0    0    0    0     
0    0    0    0    0    0     
0    0    0    0    0    0     
0    0    1    0    0    0     
1    0    1    0    1    0     
1    0    1    0    1    0     
1    0    1    0    1    0     
1    0    1    0    1    0     
1    1    0    0    1    0     
0    0    0    0    0    0     
0    0    0    0    0    0     
0    0    0    0    0    0     
____________________________________
Tue Apr  2 12:18:55 2024


PARAMETERS
NUMBER_NEURON = 6
VOLTAGE_TRESHOLD = 0.8
LEARNING_RATE = 0.1
LEAK_RATE = 1.5
TIME_ITERATION = 500
ITERATION_SPIKE_IN = 5
THRESHOLD_COORDINATES = 0.03
THRESHOLD_GYROSCOPE = 0.03  0.03  1.9   
0    0    0    0    0    0     
