____________________________________
Tue Apr  9 11:53:08 2024


PARAMETERS
NUMBER_NEURON = 6
VOLTAGE_TRESHOLD = 1.2
LEARNING_RATE = 0.1
LEAK_RATE = 1.5
TIME_ITERATION = 500
ITERATION_SPIKE_IN = 5
THRESHOLD_COORDINATES = 0.047
THRESHOLD_GYROSCOPE = 0.03  0.03  1.9   
____________________________________
Tue Apr  9 11:53:08 2024


PARAMETERS
NUMBER_NEURON = 6
VOLTAGE_TRESHOLD = 1.2
LEARNING_RATE = 0.1
LEAK_RATE = 1.5
TIME_ITERATION = 500
ITERATION_SPIKE_IN = 5
THRESHOLD_COORDINATES = 0.047
THRESHOLD_GYROSCOPE = 0.03  0.03  1.9   
0    0    0    0    0    0     
0    1    0    1    0    1     
1    1    1    1    1    1     
1    1    1    1    1    1     
1    1    1    0    0    1     
0    1    0    1    0    1     
1    0    1    0    0    1     
0    0    0    0    0    0     
0    0    0    0    0    0     
0    0    0    0    0    0     
0    0    0    0    0    0     
0    1    0    0    0    1     
0    1    1    1    0    1     
1    1    1    0    0    1     
0    1    0    1    0    1     
1    1    1    1    1    1     
1    0    1    0    0    1     
0    0    0    0    0    0     
0    0    0    0    0    0     
0    0    0    0    0    0     
0    0    0    0    0    0     
0    1    0    0    0    1     
0    1    0    1    1    1     
1    1    1    1    1    1     
0    0    0    0    0    1     
0    1    0    0    0    1     
0    0    1    1    0    0     
1    0    1    0    0    1     
0    0    0    0    0    0     
0    0    0    0    0    0     
0    0    0    0    0    0     
0    1    0    0    0    1     
0    1    0    1    0    1     
1    1    1    1    1    1     
1    0    1    0    0    1     
0    0    0    0    0    0     
0    0    0    0    0    0     
0    0    0    0    0    0     
0    0    0    0    0    0     
0    0    0    0    0    0     
0    0    0    0    0    0     
0    1    0    1    0    1     
1    1    1    1    1    1     
1    0    0    0    0    1     
1    1    0    1    0    1     
1    1    1    1    1    1     
1    0    1    0    0    0     
0    0    0    0    0    0     
0    0    0    0    0    0     
0    0    0    0    0    0     
0    0    0    0    0    0     
0    1    0    0    0    1     
1    1    0    1    0    1     
1    1    1    1    0    1     
1    0    0    0    0    1     
1    0    0    1    0    1     
1    0    1    0    0    0     
0    0    0    0    0    0     
0    0    0    0    0    0     
0    0    0    0    0    0     
0    0    0    0    0    0     
0    1    0    0    0    1     
1    1    0    1    0    1     
1    1    1    1    0    1     
1    0    0    0    0    1     
1    0    0    1    0    1     
1    0    1    0    0    0     
0    0    0    0    0    0     
0    0    0    0    0    0     
0    0    0    0    0    0     
0    0    0    0    0    0     
0    1    0    0    0    1     
1    1    0    1    1    1     
1    0    0    0    0    1     
1    1    0    1    0    1     
1    0    1    0    0    1     
0    0    0    0    0    0     
0    0    0    0    0    0     
0    0    0    0    0    0     
0    0    0    0    0    0     
0    0    0    0    0    0     
0    1    0    0    0    1     
1    1    0    1    1    1     
1    0    1    0    0    0     
0    0    0    0    0    1     
1    1    0    1    0    1     
1    0    1    0    0    0     
0    0    0    0    0    0     
0    0    0    0    0    0     
0    0    0    0    0    0     
0    0    0    0    0    0     
0    0    0    0    0    1     
1    1    0    1    0    1     
1    0    0    0    0    1     
1    1    0    1    1    1     
1    0    0    0    0    1     
1    0    1    1    1    0     
0    0    0    0    0    0     
0    0    0    0    0    0     
0    0    0    0    0    0     
0    0    0    0    0    0     
0    0    0    0    0    1     
1    1    0    1    0    1     
1    0    1    0    1    1     
0    0    0    0    0    0     
0    0    0    0    0    1     
1    0    0    1    1    0     
0    0    0    0    0    0     
0    0    0    0    0    0     
0    0    0    0    0    0     
0    0    0    0    0    0     
0    0    0    0    0    1     
1    1    0    1    0    1     
1    0    1    0    1    1     
0    0    0    0    0    0     
0    0    0    0    0    1     
1    0    0    1    1    0     
0    0    0    0    0    0     
0    0    0    0    0    0     
0    0    0    0    0    0     
0    0    0    0    0    0     
0    0    0    0    0    1     
1    1    0    1    0    1     
1    0    0    0    0    1     
1    0    0    1    1    1     
0    0    0    0    0    0     
0    0    0    0    0    0     
0    0    0    0    0    0     
0    0    0    0    0    0     
0    0    0    0    0    0     
0    0    0    0    0    0     
0    0    0    0    0    1     
1    1    0    1    0    1     
0    0    0    0    0    1     
1    0    1    1    1    1     
0    0    0    0    0    0     
0    0    0    0    0    0     
0    0    0    0    0    0     
0    0    0    0    0    0     
0    0    0    0    0    0     
0    0    0    0    0    0     
0    0    0    0    0    1     
1    1    0    1    0    1     
0    0    0    0    0    0     
0    0    0    0    0    1     
1    1    0    1    0    1     
0    0    1    0    0    0     
0    0    0    0    0    0     
0    0    0    0    0    0     
0    0    0    0    0    0     
0    0    0    0    0    0     
0    0    0    0    0    1     
1    1    0    1    0    1     
0    0    0    0    0    0     
0    0    0    0    0    1     
1    0    0    0    0    1     
1    0    1    1    1    0     
0    0    0    0    0    0     
0    0    0    0    0    0     
0    0    0    0    0    0     
0    0    0    0    0    0     
0    0    0    0    0    1     
1    1    0    0    0    1     
1    0    0    1    0    1     
1    0    0    0    0    0     
0    0    0    0    0    1     
1    0    0    1    0    0     
0    0    0    0    0    0     
0    0    0    0    0    0     
0    0    0    0    0    0     
0    0    0    0    0    0     
0    0    0    0    0    1     
1    1    0    1    0    1     
0    0    0    0    0    0     
0    0    0    0    0    1     
1    0    0    1    0    1     
0    0    1    0    0    0     
0    0    0    0    0    0     
0    0    0    0    0    0     
0    0    0    0    0    0     
0    0    0    0    0    0     
0    0    0    0    0    1     
1    1    0    1    0    1     
0    0    0    0    0    0     
0    0    0    0    0    1     
1    0    0    0    0    1     
1    0    1    1    1    0     
0    0    0    0    0    0     
0    0    0    0    0    0     
0    0    0    0    0    0     
0    0    0    0    0    0     
0    0    0    0    0    1     
1    0    0    0    0    1     
1    0    1    1    1    1     
0    0    0    0    0    0     
0    0    0    0    0    1     
1    0    1    0    0    0     
0    0    0    0    0    0     
0    0    0    0    0    0     
0    0    0    0    0    0     
0    0    0    0    0    0     
0    0    0    0    0    1     
1    1    1    1    0    1     
0    0    0    0    0    0     
0    0    0    0    0    1     
1    0    0    0    0    1     
1    0    1    1    1    0     
0    0    0    0    0    0     
0    0    0    0    0    0     
0    0    0    0    0    0     
0    0    0    0    0    0     
0    0    0    0    0    1     
1    1    0    1    0    1     
0    0    0    0    0    1     
1    0    1    1    0    1     
0    0    0    0    0    1     
1    0    1    1    0    0     
0    0    0    0    0    0     
0    0    0    0    0    0     
0    0    0    0    0    0     
0    0    0    0    0    0     
0    0    0    0    0    1     
1    1    1    1    0    1     
0    0    0    0    0    1     
1    0    1    1    0    1     
1    0    1    1    0    1     
1    0    1    1    0    0     
0    0    0    0    0    1     
1    0    1    1    1    0     
0    0    0    0    0    0     
0    0    0    0    0    0     
0    0    0    0    0    1     
1    1    1    1    0    1     
0    0    1    0    0    1     
1    0    1    1    1    1     
0    0    0    0    0    1     
1    0    1    1    1    0     
0    0    0    0    0    0     
0    0    0    0    0    0     
0    0    0    0    0    0     
0    0    0    0    0    0     
0    0    0    0    0    1     
1    1    1    1    1    1     
0    0    0    0    0    1     
1    0    1    1    0    1     
1    0    0    0    0    1     
1    0    1    1    1    0     
0    0    0    0    0    0     
0    0    0    0    0    0     
0    0    0    0    0    0     
0    0    0    0    0    0     
0    0    0    0    0    1     
1    1    1    1    1    1     
0    0    0    0    0    1     
1    0    1    0    0    1     
1    0    0    1    1    1     
0    0    0    0    0    0     
0    0    0    0    0    0     
0    0    0    0    0    0     
0    0    0    0    0    0     
0    0    0    0    0    0     
0    0    0    0    0    1     
1    1    1    1    1    1     
0    0    0    0    0    0     
0    0    0    0    0    1     
1    0    0    0    0    1     
1    0    1    1    1    0     
0    0    0    0    0    0     
0    0    0    0    0    0     
0    0    0    0    0    0     
0    0    0    0    0    0     
0    0    0    0    0    1     
1    1    1    1    0    1     
0    0    0    0    0    1     
1    0    1    1    0    1     
0    0    1    1    0    1     
0    0    1    0    0    0     
0    0    0    0    0    0     
0    0    0    0    0    0     
0    0    0    0    0    0     
0    0    0    0    0    0     
0    0    0    0    0    1     
1    1    1    1    1    1     
0    0    0    0    0    0     
0    0    0    0    0    1     
1    0    0    0    0    1     
1    1    1    1    1    0     
0    0    0    0    0    0     
0    0    0    0    0    0     
0    0    0    0    0    0     
0    0    0    0    0    0     
0    0    0    0    0    1     
1    1    1    1    0    1     
0    0    0    0    0    1     
1    0    1    1    1    1     
0    0    0    0    0    1     
1    0    1    1    1    0     
0    0    0    0    0    0     
0    0    0    0    0    0     
0    0    0    0    0    0     
0    0    0    0    0    0     
0    0    0    0    0    1     
1    1    1    1    0    1     
0    0    0    0    0    1     
1    0    1    1    0    1     
0    0    1    1    0    1     
0    0    1    0    0    0     
0    0    0    0    0    0     
0    0    0    0    0    0     
0    0    0    0    0    0     
0    0    0    0    0    0     
0    0    0    0    0    1     
1    1    1    1    1    1     
0    0    0    0    0    0     
0    0    0    0    0    1     
1    0    1    0    0    1     
1    0    1    1    1    0     
0    0    0    0    0    0     
0    0    0    0    0    0     
0    0    0    0    0    0     
0    0    0    0    0    0     
0    0    0    0    0    1     
1    1    1    1    0    1     
0    0    0    0    0    1     
1    0    1    1    0    1     
0    0    1    1    0    1     
0    0    1    0    0    0     
0    0    0    0    0    0     
0    0    0    0    0    0     
0    0    0    0    0    0     
0    0    0    0    0    0     
0    0    0    0    0    1     
1    1    1    1    1    1     
0    0    0    0    0    0     
0    0    0    0    0    1     
1    0    1    0    0    1     
1    0    1    1    1    0     
0    0    0    0    0    0     
0    0    0    0    0    0     
0    0    0    0    0    0     
0    0    0    0    0    0     
0    0    0    0    0    1     
1    1    1    1    0    1     
0    0    0    0    0    0     
0    0    0    0    0    1     
1    0    1    1    0    1     
0    0    1    1    0    0     
0    0    0    0    0    0     
0    0    0    0    0    0     
0    0    0    0    0    0     
0    0    0    0    0    0     
0    0    0    0    0    1     
1    1    1    1    1    1     
0    0    0    0    0    0     
0    0    0    0    0    1     
1    0    1    0    0    1     
1    0    1    1    1    0     
0    0    0    0    0    0     
0    0    0    0    0    0     
0    0    0    0    0    0     
0    0    0    0    0    0     
0    0    0    0    0    1     
1    1    1    1    0    1     
0    0    0    0    0    1     
1    0    1    1    0    1     
0    0    1    1    0    1     
1    0    1    0    1    0     
0    0    0    0    0    0     
0    0    0    0    0    0     
0    0    0    0    0    0     
0    0    0    0    0    0     
0    0    0    0    0    1     
1    1    1    1    1    1     
0    0    0    0    0    0     
0    0    0    0    0    1     
1    0    1    0    0    1     
1    0    1    1    1    0     
0    0    0    0    0    0     
0    0    0    0    0    0     
0    0    0    0    0    0     
0    0    0    0    0    0     
0    0    0    0    0    1     
1    1    1    1    0    1     
0    0    0    0    0    1     
1    0    1    1    0    1     
0    0    1    1    0    1     
1    0    1    0    1    0     
0    0    0    0    0    0     
0    0    0    0    0    0     
0    0    0    0    0    0     
0    0    0    0    0    0     
0    0    0    0    0    1     
1    1    1    1    1    1     
0    0    0    0    0    0     
0    0    0    0    0    1     
1    0    1    0    0    1     
1    1    1    1    1    0     
0    0    0    0    0    0     
0    0    0    0    0    0     
0    0    0    0    0    0     
0    0    0    0    0    0     
0    0    0    0    0    1     
1    0    1    1    0    1     
1    0    1    1    0    1     
1    0    1    1    0    1     
1    0    1    1    0    1     
1    1    1    1    1    0     
0    0    0    0    0    0     
0    0    0    0    0    0     
0    0    0    0    0    0     
0    0    0    0    0    0     
0    0    0    0    0    1     
1    1    1    1    1    1     
0    0    0    0    0    1     
1    0    1    0    0    1     
1    1    1    1    1    1     
0    0    0    0    0    0     
0    0    0    0    0    0     
0    0    0    0    0    0     
0    0    0    0    0    0     
0    0    0    0    0    0     
0    0    0    0    0    1     
1    1    1    1    1    1     
0    0    0    0    0    0     
0    0    0    0    0    1     
1    0    1    0    0    1     
1    1    1    1    1    0     
0    0    0    0    0    0     
0    0    0    0    0    0     
0    0    0    0    0    0     
0    0    0    0    0    0     
0    0    0    0    0    1     
1    0    1    1    0    1     
1    0    1    1    0    1     
1    0    1    1    0    1     
1    0    1    1    0    1     
1    1    1    1    1    1     
0    0    0    0    0    0     
0    0    0    0    0    0     
0    0    0    0    0    0     
0    0    0    0    0    0     
0    0    0    0    0    1     
1    1    1    1    1    1     
0    0    0    0    0    1     
1    0    1    0    0    1     
1    0    1    1    1    1     
0    0    0    0    0    0     
0    0    0    0    0    0     
0    0    0    0    0    0     
0    0    0    0    0    0     
0    0    0    0    0    0     
0    0    0    0    0    1     
1    1    1    1    1    1     
0    0    0    0    0    0     
0    0    0    0    0    1     
1    0    1    0    0    1     
1    1    1    1    1    0     
0    0    0    0    0    0     
0    0    0    0    0    0     
0    0    0    0    0    0     
0    0    0    0    0    0     
0    0    0    0    0    1     
1    0    1    1    0    1     
1    0    1    1    0    1     
1    0    1    1    0    1     
1    1    1    1    0    1     
0    0    0    0    0    0     
0    0    0    0    0    0     
0    0    0    0    0    0     
0    0    0    0    0    0     
0    0    0    0    0    0     
0    0    0    0    0    1     
1    1    1    1    1    1     
0    0    0    0    0    0     
0    0    0    0    0    1     
1    0    1    0    0    1     
1    1    1    1    1    0     
0    0    0    0    0    0     
0    0    0    0    0    0     
0    0    0    0    0    0     
0    0    0    0    0    0     
0    0    0    0    0    1     
1    0    1    1    0    1     
1    0    1    1    0    1     
1    0    1    1    0    1     
1    1    1    1    1    1     
0    0    0    0    0    0     
0    0    0    0    0    0     
0    0    0    0    0    0     
0    0    0    0    0    0     
0    0    0    0    0    0     
0    0    0    0    0    1     
1    1    1    1    1    1     
0    0    0    0    0    0     
0    0    0    0    0    1     
1    0    1    0    0    1     
1    1    1    1    1    1     
0    0    0    0    0    0     
0    0    0    0    0    0     
0    0    0    0    0    0     
____________________________________
Tue Apr  9 12:41:02 2024


PARAMETERS
NUMBER_NEURON = 6
VOLTAGE_TRESHOLD = 1.2
LEARNING_RATE = 0.1
LEAK_RATE = 1.5
TIME_ITERATION = 500
ITERATION_SPIKE_IN = 5
THRESHOLD_COORDINATES = 0.047
THRESHOLD_GYROSCOPE = 0.03  0.03  1.9   
0    0    0    0    0    0     
0    0    0    0    0    0     
0    0    0    1    0    0     
0    1    0    0    0    1     
1    1    1    1    1    1     
1    1    1    1    1    1     
1    1    1    0    0    1     
0    0    0    1    1    0     
0    0    1    0    0    0     
0    0    0    0    0    0     
0    0    0    0    0    0     
0    0    0    0    0    0     
0    0    0    0    0    0     
0    0    0    0    0    0     
0    0    0    0    0    0     
0    0    0    1    0    0     
0    0    0    0    0    0     
0    0    0    0    0    0     
0    0    0    0    0    0     
0    0    0    0    0    0     
0    0    0    0    0    0     
0    0    0    0    0    0     
0    0    0    0    0    0     
0    0    0    1    0    0     
0    0    0    0    0    0     
0    0    0    1    0    0     
0    1    0    0    0    0     
0    0    0    0    0    0     
0    0    0    0    0    0     
0    0    0    0    0    0     
0    0    0    0    0    0     
0    0    0    0    0    0     
0    0    0    1    0    0     
0    1    0    1    0    0     
1    1    1    1    1    1     
1    1    1    0    0    0     
0    0    0    0    0    0     
0    0    0    0    0    0     
0    0    0    0    0    0     
0    0    0    0    0    0     
0    0    0    0    0    0     
0    0    0    0    0    0     
0    0    0    1    0    0     
1    0    0    0    0    0     
0    0    0    1    0    0     
1    1    0    1    0    0     
0    0    0    0    1    0     
0    0    0    0    0    0     
0    0    0    0    0    0     
0    0    0    0    0    0     
0    0    0    0    0    0     
0    0    0    0    0    0     
0    0    0    1    0    0     
1    0    0    1    0    0     
1    0    0    1    1    0     
1    0    0    1    0    0     
0    1    0    0    1    0     
1    0    1    1    0    1     
0    0    0    0    1    0     
1    0    1    0    0    0     
0    0    0    0    0    0     
0    0    0    0    0    0     
0    0    0    1    0    0     
1    1    0    1    1    0     
1    1    1    1    1    1     
1    1    1    1    1    1     
0    1    1    0    0    1     
0    0    0    0    0    0     
0    0    0    0    0    0     
0    0    0    0    0    0     
0    0    0    0    0    0     
0    0    0    1    0    0     
0    1    0    1    1    0     
1    1    1    1    1    0     
0    0    0    0    0    0     
0    0    0    1    1    0     
1    1    1    0    0    1     
0    0    0    0    0    0     
0    0    0    0    0    0     
0    0    0    0    0    0     
0    0    0    0    0    0     
0    0    0    1    0    0     
0    0    0    1    1    0     
1    1    0    1    1    0     
1    0    1    1    1    0     
0    1    0    0    0    0     
0    0    0    0    0    0     
0    0    0    0    0    0     
0    0    0    0    0    0     
0    0    0    0    0    0     
0    0    0    0    0    0     
0    0    0    1    0    0     
0    0    0    1    1    0     
1    1    0    1    1    0     
1    1    1    1    1    1     
0    0    0    1    1    0     
1    1    1    0    0    1     
0    0    0    0    0    0     
0    0    0    0    0    0     
0    0    0    0    0    0     
0    0    0    0    0    0     
0    0    0    1    0    0     
0    1    0    1    1    0     
1    1    0    1    1    1     
0    0    0    1    1    0     
1    1    1    1    1    1     
0    0    0    0    0    0     
0    0    0    0    0    0     
0    0    0    0    0    0     
0    0    0    0    0    0     
0    0    0    0    0    0     
0    0    0    1    0    0     
0    0    0    1    1    0     
1    1    0    1    0    0     
0    0    0    1    1    0     
1    1    1    1    1    1     
0    0    0    0    0    0     
0    0    0    0    0    0     
0    0    0    0    0    0     
0    0    0    0    0    0     
0    0    0    0    0    0     
0    0    0    1    0    0     
0    0    0    1    1    0     
1    1    0    1    1    0     
1    1    1    1    1    1     
0    0    0    0    0    0     
0    0    0    0    0    0     
0    0    0    0    0    0     
0    0    0    0    0    0     
0    0    0    0    0    0     
0    0    0    0    0    0     
0    0    0    1    0    0     
1    0    0    1    1    0     
1    1    0    1    1    0     
1    0    0    1    0    0     
1    0    0    1    1    0     
1    1    1    0    0    1     
0    0    0    0    0    0     
0    0    0    0    0    0     
0    0    0    0    0    0     
0    0    0    0    0    0     
0    0    0    1    0    0     
1    0    0    1    1    0     
1    0    0    1    0    0     
1    0    0    1    1    0     
1    0    0    1    0    0     
1    1    0    0    1    1     
0    0    0    0    0    0     
0    0    0    0    0    0     
0    0    0    0    0    0     
0    0    0    0    0    0     
0    0    0    1    0    0     
1    0    0    1    1    0     
1    1    0    1    0    0     
0    0    0    1    1    0     
1    1    0    1    0    1     
0    0    0    0    1    0     
0    0    0    0    0    1     
0    0    0    0    0    0     
0    0    0    0    0    0     
0    0    0    0    0    0     
0    0    0    1    0    0     
1    0    0    1    1    0     
1    1    0    1    0    0     
0    0    0    1    1    0     
1    1    0    1    1    1     
1    0    0    0    0    1     
0    0    0    0    0    0     
0    0    0    0    0    0     
0    0    0    0    0    0     
0    0    0    0    0    0     
0    0    0    1    1    0     
1    1    0    1    1    1     
1    0    0    1    1    0     
1    1    0    1    1    1     
1    0    0    1    1    0     
1    1    0    0    0    1     
0    0    0    0    0    0     
0    0    0    0    0    0     
0    0    0    0    0    0     
0    0    0    0    0    0     
0    0    0    1    0    0     
1    0    0    1    1    0     
1    1    0    1    0    0     
0    0    0    1    1    0     
1    0    0    1    0    0     
1    1    0    0    1    1     
0    0    0    0    0    0     
0    0    0    0    0    0     
0    0    0    0    0    0     
0    0    0    0    0    0     
0    0    0    1    0    0     
1    0    0    1    1    0     
1    0    0    1    0    0     
1    1    0    1    1    0     
0    0    0    1    0    0     
1    1    0    0    1    1     
0    0    0    0    0    0     
0    0    0    0    0    0     
0    0    0    0    0    0     
0    0    0    0    0    0     
0    0    0    1    0    0     
1    0    0    1    1    0     
1    1    0    1    0    0     
0    0    0    1    1    0     
1    0    0    1    0    1     
1    1    0    0    1    0     
0    0    0    0    0    0     
0    0    0    0    0    0     
0    0    0    0    0    0     
0    0    0    0    0    0     
0    0    0    1    0    0     
1    1    0    1    1    0     
1    1    0    1    1    1     
1    0    0    1    0    0     
1    0    0    1    1    0     
1    1    1    0    0    1     
0    0    0    0    0    0     
0    0    0    0    0    0     
0    0    0    0    0    0     
0    0    0    0    0    0     
0    0    0    1    0    0     
1    0    0    1    1    0     
1    1    0    1    0    0     
0    0    0    1    1    0     
1    0    1    1    0    1     
0    0    0    0    0    0     
0    0    0    0    0    0     
0    0    0    0    0    0     
0    0    0    0    0    0     
0    0    0    0    0    0     
0    0    0    1    0    0     
1    0    0    1    1    0     
1    1    0    1    0    0     
0    0    0    1    1    0     
1    0    1    1    0    0     
0    0    0    0    0    0     
0    0    0    0    0    0     
0    0    0    0    0    0     
0    0    0    0    0    0     
0    0    0    0    0    0     
0    0    0    1    0    0     
1    0    0    1    1    0     
1    0    0    1    0    0     
1    1    0    1    1    0     
1    0    0    1    0    0     
1    0    1    0    1    0     
0    0    0    0    0    0     
0    0    0    0    0    0     
0    0    0    0    0    0     
0    0    0    0    0    0     
0    0    0    1    0    0     
1    0    0    1    1    0     
1    1    1    1    0    0     
0    0    0    0    1    0     
1    0    0    1    0    0     
1    0    0    0    1    0     
1    0    1    0    0    0     
0    0    0    0    0    0     
0    0    0    0    0    0     
0    0    0    0    0    0     
0    0    0    1    0    0     
1    0    0    1    1    0     
1    1    1    1    1    0     
1    0    0    0    0    0     
0    0    0    1    0    0     
1    0    1    0    1    0     
0    0    0    0    0    0     
0    0    0    0    0    0     
0    0    0    0    0    0     
0    0    0    0    0    0     
0    0    0    1    0    0     
1    0    0    1    1    0     
