____________________________________
Thu Apr 11 11:18:49 2024


PARAMETERS
NUMBER_NEURON = 6
VOLTAGE_TRESHOLD = 1.1
LEARNING_RATE = 0.1
LEAK_RATE_TEST = 1
TIME_ITERATION = 300
ITERATION_SPIKE_IN = 5
THRESHOLD_COORDINATES = 0.047
THRESHOLD_GYROSCOPE = 0.03  0.03  1.9   
____________________________________
Thu Apr 11 11:18:49 2024


PARAMETERS
NUMBER_NEURON = 6
VOLTAGE_TRESHOLD = 1.1
LEARNING_RATE = 0.1
LEAK_RATE_TEST = 1
TIME_ITERATION = 300
ITERATION_SPIKE_IN = 5
THRESHOLD_COORDINATES = 0.047
THRESHOLD_GYROSCOPE = 0.03  0.03  1.9   
-0
3.00667
-3.01333
-3.02
-2.02667
-2.03333
1.96
2.95333
-0.0533333
-0.06
-0.0666667
2.07333
1.92
-1.91333
2.90667
1.9
1.89333
1.88667
2.12
2.12667
-2.13333
1.86
-2.14667
1.84667
-2.16
1.83333
-2.17333
1.82
-2.18667
1.80667
-2.2
1.79333
1.78667
1.78
-2.22667
1.76667
2.24
1.75333
-2.25333
1.74
1.73333
-2.27333
1.72
2.28667
-2.29333
1.7
-2.30667
1.68667
-2.32
1.67333
-2.33333
1.66
-2.34667
1.64667
1.64
-2.36667
1.62667
-2.38
1.61333
-1.60667
1.6
2.40667
-2.41333
1.58
1.57333
-2.43333
1.56
-2.44667
1.54667
1.54
-2.46667
1.52667
1.52
2.48667
1.50667
1.5
-1.49333
1.48667
-2.52
1.47333
2.53333
-1.46
1.45333
1.44667
2.44
2.43333
-2.57333
1.42
-2.58667
-2.59333
1.4
-2.60667
1.38667
-1.38
1.37333
3.63333
-3.64
1.35333
-2.65333
1.34
2.66667
2.32667
-1.32
1.31333
-2.69333
1.3
-2.70667
2.71333
1.28
-2.72667
2.73333
1.26
1.25333
1.24667
-2.76
1.23333
-2.77333
-2.78
-2.78667
1.20667
-2.8
2.80667
1.18667
2.18
1.17333
1.16667
1.16
-2.84667
-2.85333
1.14
-2.86667
1.12667
1.12
1.11333
2.89333
1.1
2.90667
-2.91333
1.08
-2.92667
1.06667
-2.94
1.05333
2.04667
1.04
2.03333
-2.97333
1.02
1.01333
-2.99333
1
0.993333
0.986667
0.98
3.02667
-3.03333
0.96
-1.04667
-1.05333
-1.06
-1.06667
0.926667
0.92
3.08667
0.906667
-3.1
0.893333
1.11333
-1.12
-1.12667
-1.13333
0.86
0.853333
0.846667
-3.16
0.833333
-3.17333
0.82
-1.18667
-1.19333
-1.2
-1.20667
0.786667
0.78
0.773333
0.766667
-3.24
0.753333
-1.25333
-1.26
-1.26667
3.27333
0.72
0.713333
0.706667
3.3
-3.30667
0.686667
1.32
-1.32667
-1.33333
0.66
0.653333
0.646667
0.64
-3.36667
0.626667
-1.38
-1.38667
-1.39333
-1.4
0.593333
0.586667
3.42
0.573333
-3.43333
-3.44
0.553333
0.546667
0.54
-1.46667
0.526667
1.52
0.513333
0.506667
-3.5
0.493333
-1.51333
-1.52
-1.52667
-1.53333
0.46
0.453333
3.55333
0.44
0.433333
-3.57333
0.42
-1.58667
-1.59333
-1.6
1.39333
0.386667
0.38
0.373333
0.366667
-3.64
0.353333
-1.65333
-1.66
-1.66667
-1.67333
3.68
0.313333
0.306667
0.3
0.293333
0.286667
-3.72
0.273333
-1.73333
-1.74
-1.74667
0.246667
0.24
3.76667
0.226667
3.78
-3.78667
0.206667
0.2
0.193333
0.186667
0.18
0.173333
3.83333
-3.84
0.153333
-3.85333
-1.86
-1.86667
0.126667
0.12
0.113333
0.106667
0.1
0.0933333
-3.91333
-1.92
-1.92667
-1.93333
0.06
0.0533333
0.0466667
0.04
0.0333333
0.0266667
0.02
-3.98667
-1.99333
____________________________________
Thu Apr 11 12:00:46 2024


PARAMETERS
NUMBER_NEURON = 6
VOLTAGE_TRESHOLD = 1.1
LEARNING_RATE = 0.1
LEAK_RATE_TEST = 1.5
TIME_ITERATION = 300
ITERATION_SPIKE_IN = 5
THRESHOLD_COORDINATES = 0.047
THRESHOLD_GYROSCOPE = 0.03  0.03  1.9   
____________________________________
Thu Apr 11 12:00:46 2024


PARAMETERS
NUMBER_NEURON = 6
VOLTAGE_TRESHOLD = 1.1
LEARNING_RATE = 0.1
LEAK_RATE_TEST = 1.5
TIME_ITERATION = 300
ITERATION_SPIKE_IN = 5
THRESHOLD_COORDINATES = 0.047
THRESHOLD_GYROSCOPE = 0.03  0.03  1.9   
-0
2.99333
-3.01333
-3.02
-3.02667
3.03333
-2.04
1.95333
-0.0533333
-0.06
-0.0666667
-0.0733333
2.08
2.08667
1.90667
2.1
1.89333
1.88667
3.12
1.87333
-2.13333
-2.14
-1.85333
2.84667
-1.84
1.83333
2.17333
1.82
3.18667
2.19333
1.8
-2.20667
1.78667
-2.22
1.77333
-1.76667
1.76
2.24667
1.74667
1.74
2.26667
1.72667
-3.28
-2.28667
2.70667
1.7
-2.30667
-0.313333
-0.32
-0.326667
-0.333333
-0.34
1.65333
1.64667
3.36
-3.36667
1.62667
-0.38
-0.386667
-0.393333
-0.4
-0.406667
-0.413333
1.58
1.57333
3.43333
-2.44
2.44667
____________________________________
Thu Apr 11 12:16:12 2024


PARAMETERS
NUMBER_NEURON = 6
VOLTAGE_TRESHOLD = 1.1
LEARNING_RATE = 0.1
LEAK_RATE_TEST = 1
TIME_ITERATION = 300
ITERATION_SPIKE_IN = 5
THRESHOLD_COORDINATES = 0.047
THRESHOLD_GYROSCOPE = 0.03  0.03  1.9   
____________________________________
Thu Apr 11 12:16:12 2024


PARAMETERS
NUMBER_NEURON = 6
VOLTAGE_TRESHOLD = 1.1
LEARNING_RATE = 0.1
LEAK_RATE_TEST = 1
TIME_ITERATION = 300
ITERATION_SPIKE_IN = 5
THRESHOLD_COORDINATES = 0.047
THRESHOLD_GYROSCOPE = 0.03  0.03  1.9   
-0
3.00667
-3.01333
-3.02
-2.02667
-2.03333
2.04
2.95333
-0.0533333
-0.06
-0.0666667
2.07333
1.92
-2.08667
2.90667
1.9
1.89333
1.88667
1.88
2.12667
-2.13333
1.86
-1.85333
1.84667
-2.16
1.83333
-1.82667
1.82
-2.18667
2.80667
1.8
-2.20667
-2.21333
1.78
-2.22667
1.76667
-2.24
1.75333
1.74667
1.74
1.73333
1.72667
1.72
-2.28667
1.70667
-2.3
1.69333
1.68667
1.68
1.67333
1.66667
1.66
-2.34667
1.64667
-2.36
1.63333
1.62667
1.62
-2.38667
1.60667
1.6
1.59333
1.58667
-2.42
1.57333
-1.56667
1.56
1.55333
2.45333
1.54
-2.46667
1.52667
1.52
1.51333
-2.49333
1.5
-1.49333
1.48667
1.48
1.47333
1.46667
1.46
-2.54667
1.44667
-2.56
1.43333
1.42667
1.42
1.41333
1.40667
1.4
-2.60667
-2.61333
1.38
-2.62667
1.36667
-2.64
1.35333
2.34667
-2.66
1.33333
-2.67333
1.32
1.31333
1.30667
-2.7
1.29333
-2.71333
1.28
1.27333
-2.73333
1.26
1.25333
1.24667
1.24
1.23333
1.22667
-2.78
1.21333
2.20667
-2.8
1.19333
1.18667
2.18
-2.82667
1.16667
3.84
-2.84667
-2.85333
1.14
-2.86667
1.12667
-2.88
1.11333
-2.89333
1.1
1.09333
-2.91333
-0.92
-0.926667
-0.933333
1.06
-2.94667
1.04667
-2.96
1.03333
1.02667
1.02
-0.986667
-0.993333
-1
3.00667
0.986667
0.98
0.973333
0.966667
0.96
-0.953333
-1.05333
-1.06
-1.06667
0.926667
0.92
0.913333
-3.09333
0.9
0.893333
-3.11333
-1.12
-1.12667
-1.13333
0.86
0.853333
0.846667
0.84
3.16667
-3.17333
-1.18
-1.18667
-1.19333
-1.2
0.793333
3.21333
0.78
-0.773333
0.766667
-3.24
0.753333
-1.25333
-1.26
-1.26667
3.27333
0.72
0.713333
-3.29333
0.7
0.693333
-3.31333
-1.32
-1.32667
-1.33333
1.66
0.653333
0.646667
3.36
0.633333
0.626667
0.62
0.613333
-3.39333
0.6
0.593333
0.586667
0.58
0.573333
3.43333
0.56
3.44667
-3.45333
0.54
-1.46667
3.47333
0.52
1.51333
0.506667
-3.5
-1.50667
-1.51333
-1.52
-1.52667
-1.53333
0.46
0.453333
-3.55333
0.44
0.433333
0.426667
-3.58
-1.58667
-1.59333
-1.6
-1.60667
0.386667
0.38
0.373333
0.366667
0.36
3.64667
-3.65333
-1.66
-1.66667
-1.67333
0.32
0.313333
0.306667
0.3
0.293333
0.286667
-3.72
-1.72667
-1.73333
-1.74
0.253333
0.246667
0.24
0.233333
1.22667
0.22
0.213333
-1.79333
-1.8
0.193333
0.186667
1.18
0.173333
0.166667
0.16
0.153333
-3.85333
-1.86
-1.86667
-1.87333
3.88
0.113333
0.106667
0.1
0.0933333
-3.91333
-1.92
-1.92667
-1.93333
-1.94
3.94667
0.0466667
0.04
3.96667
0.0266667
0.02
0.0133333
-3.99333
____________________________________
Thu Apr 11 12:58:09 2024


PARAMETERS
NUMBER_NEURON = 6
VOLTAGE_TRESHOLD = 1.1
LEARNING_RATE = 0.1
LEAK_RATE_TEST = 1.5
TIME_ITERATION = 300
ITERATION_SPIKE_IN = 5
THRESHOLD_COORDINATES = 0.047
THRESHOLD_GYROSCOPE = 0.03  0.03  1.9   
____________________________________
Thu Apr 11 12:58:09 2024


PARAMETERS
NUMBER_NEURON = 6
VOLTAGE_TRESHOLD = 1.1
LEARNING_RATE = 0.1
LEAK_RATE_TEST = 1.5
TIME_ITERATION = 300
ITERATION_SPIKE_IN = 5
THRESHOLD_COORDINATES = 0.047
THRESHOLD_GYROSCOPE = 0.03  0.03  1.9   
-0
1.99333
-3.01333
-3.02
-2.02667
1.96667
-2.04
-0.0466667
-0.0533333
-0.06
-0.0666667
-0.0733333
1.92
1.91333
1.90667
-2.1
2.89333
2.11333
-0.12
-0.126667
-0.133333
1.86
1.85333
-2.15333
2.84
-2.16667
-2.17333
-0.18
-0.186667
-0.193333
-0.2
-0.206667
1.78667
1.78
-2.22667
2.23333
1.76
3.24667
1.74667
0.26
-0.266667
-0.273333
1.72
-1.71333
-2.29333
2.3
2.69333
1.68667
1.68
-0.326667
-0.333333
1.66
1.65333
-3.35333
1.64
1.63333
1.62667
1.62
-0.386667
-0.393333
-0.4
1.59333
-1.58667
-2.42
2.42667
-1.56667
1.56
0.446667
-0.453333
-0.46
-0.466667
-0.473333
1.52
-3.48667
1.50667
-0.5
-0.506667
-0.513333
-0.52
-0.526667
-0.533333
-0.54
1.45333
-2.55333
-0.56
-0.566667
-0.573333
-0.58
-0.586667
-0.593333
-0.6
-0.606667
1.38667
1.38
-2.62667
-0.633333
-0.64
-0.646667
-0.653333
-0.66
-0.666667
-0.673333
1.32
1.31333
-2.69333
-0.7
-0.706667
-0.713333
-0.72
-0.726667
-0.733333
-0.74
1.25333
1.24667
1.24
-1.23333
-0.773333
-0.78
-0.786667
-0.793333
-0.8
-0.806667
1.18667
1.18
1.17333
1.16667
-2.84
-0.846667
-0.853333
-0.86
-0.866667
-0.873333
-0.88
1.11333
1.10667
1.1
-2.90667
-0.913333
-0.92
-0.926667
-0.933333
-0.94
-0.946667
1.04667
1.04
2.96667
-2.97333
-0.98
-0.986667
-0.993333
-1
-1.00667
-1.01333
0.98
0.973333
0.966667
-3.04
-1.04667
-1.05333
-1.06
-1.06667
-1.07333
-1.08
0.913333
3.09333
-3.1
-1.10667
-1.11333
-1.12
-1.12667
-1.13333
-1.14
0.853333
3.15333
-3.16
0.833333
0.826667
-1.18
-1.18667
-1.19333
-1.2
-1.20667
0.786667
3.22
-3.22667
3.23333
-1.24
-1.24667
-1.25333
-1.26
-1.26667
3.27333
0.72
3.28667
-3.29333
-1.3
-1.30667
-1.31333
-1.32
-1.32667
-1.33333
3.34
3.34667
0.646667
-3.36
-1.36667
-1.37333
-1.38
-1.38667
-1.39333
-1.4
3.40667
0.586667
-3.42
3.42667
3.43333
-3.44
-1.44667
-1.45333
-1.46
-1.46667
3.47333
0.52
0.513333
4.49333
0.5
1.50667
-1.51333
-1.52
-1.52667
-1.53333
3.54
0.453333
0.446667
-3.56
-1.56667
-1.57333
-1.58
-1.58667
-1.59333
-1.6
3.60667
0.386667
0.38
4.62667
0.366667
-1.64
-1.64667
-1.65333
-1.66
-1.66667
3.67333
0.32
-3.68667
0.306667
0.3
0.293333
3.71333
-1.72
-1.72667
-1.73333
3.74
3.74667
-3.75333
3.76
3.76667
1.22667
3.78
-1.78667
-1.79333
-1.8
0.193333
0.186667
0.18
-3.82667
0.166667
0.16
-1.84667
-1.85333
-1.86
-1.86667
0.126667
3.88
-3.88667
3.89333
0.1
-0.0933333
3.91333
-1.92
-1.92667
-1.93333
0.06
0.0533333
-3.95333
3.96
0.0333333
-0.0266667
-1.98
-1.98667
-1.99333
____________________________________
Thu Apr 11 13:31:41 2024


PARAMETERS
NUMBER_NEURON = 6
VOLTAGE_TRESHOLD = 1.1
LEARNING_RATE = 0.1
LEAK_RATE_TEST = 1.8
TIME_ITERATION = 300
ITERATION_SPIKE_IN = 5
THRESHOLD_COORDINATES = 0.047
THRESHOLD_GYROSCOPE = 0.03  0.03  1.9   
____________________________________
Thu Apr 11 13:31:41 2024


PARAMETERS
NUMBER_NEURON = 6
VOLTAGE_TRESHOLD = 1.1
LEARNING_RATE = 0.1
LEAK_RATE_TEST = 1.8
TIME_ITERATION = 300
ITERATION_SPIKE_IN = 5
THRESHOLD_COORDINATES = 0.047
THRESHOLD_GYROSCOPE = 0.03  0.03  1.9   
-0
2.99333
-2.01333
-3.02
-1.97333
2.96667
-3.04
2.04667
-0.0533333
-0.06
-0.0666667
1.92667
1.92
1.91333
-2.09333
2.9
1.89333
1.88667
3.12
1.87333
1.86667
1.86
1.85333
-3.15333
-2.16
1.83333
1.82667
1.82
1.81333
1.80667
1.8
-2.20667
-2.21333
-2.22
1.77333
-0.233333
-0.24
-0.246667
-0.253333
-0.26
-0.266667
-0.273333
2.72
2.71333
-2.29333
3.3
1.69333
2.31333
1.68
1.67333
1.66667
1.66
-3.34667
-3.35333
1.64
-2.36667
1.62667
2.38
-0.386667
-0.393333
-0.4
2.40667
2.41333
-2.42
2.42667
2.43333
-2.44
-0.446667
-0.453333
-0.46
-0.466667
2.47333
1.52
1.51333
1.50667
-1.5
-2.50667
-0.513333
-0.52
-0.526667
-0.533333
2.46
2.45333
-1.44667
1.44
-2.56667
1.42667
1.42
-0.586667
-0.593333
-0.6
2.39333
-2.61333
-1.38
-0.626667
2.36667
1.36
1.35333
1.34667
1.34
1.33333
2.32667
3.68
-3.68667
1.30667
1.3
1.29333
1.28667
-0.72
-0.726667
-0.733333
2.26
3.74667
-3.75333
1.24
1.23333
1.22667
2.22
-0.786667
-0.793333
-0.8
2.19333
-2.81333
-1.18
1.17333
1.16667
1.16
-0.846667
-0.853333
-0.86
-0.866667
2.12667
-2.88
2.11333
-0.893333
1.1
1.09333
2.08667
-0.92
-0.926667
-0.933333
2.06
-1.05333
-3.95333
1.04
2.03333
1.02667
1.02
-0.986667
-0.993333
-1
1.99333
-3.01333
0.98
-1.02667
1.96667
0.96
3.04667
-1.05333
-1.06
-1.06667
1.92667
-3.08
0.913333
0.906667
0.9
-1.10667
-1.11333
-1.12
-1.12667
-1.13333
1.86
-3.14667
0.846667
1.84
-0.833333
-3.17333
-1.18
-1.18667
-1.19333
-1.2
1.79333
-3.21333
0.78
-1.22667
4.23333
-3.24
-1.24667
-1.25333
-1.26
-1.26667
3.27333
0.72
0.713333
0.706667
0.7
-0.693333
-1.31333
-1.32
-1.32667
-1.33333
1.66
-0.653333
0.646667
-1.36
1.63333
-3.37333
-1.38
-1.38667
-1.39333
-1.4
1.59333
-3.41333
0.58
-1.42667
4.43333
-3.44
-1.44667
-1.45333
-1.46
-1.46667
0.526667
0.52
3.48667
-3.49333
0.5
-1.50667
-1.51333
-1.52
-1.52667
-1.53333
0.46
0.453333
0.446667
0.44
0.433333
3.57333
-1.58
-1.58667
-1.59333
-1.6
0.393333
-3.61333
0.38
-1.62667
0.366667
4.64
-1.64667
-1.65333
-1.66
-1.66667
1.32667
-3.68
0.313333
-1.69333
0.3
0.293333
-1.71333
-1.72
-1.72667
-1.73333
3.74
0.253333
-1.75333
3.76
0.233333
-1.77333
-1.78
-1.78667
-1.79333
-1.8
3.80667
-3.81333
0.18
-1.82667
1.16667
0.16
-1.84667
-1.85333
-1.86
-1.86667
0.126667
-3.88
0.113333
-1.89333
0.1
0.0933333
-1.91333
-1.92
-1.92667
-1.93333
0.06
0.0533333
-1.95333
0.04
3.96667
0.0266667
-1.98
-1.98667
-1.99333
____________________________________
Thu Apr 11 14:08:30 2024


PARAMETERS
NUMBER_NEURON = 6
VOLTAGE_TRESHOLD = 1.1
LEARNING_RATE = 0.1
LEAK_RATE_TEST = 2
TIME_ITERATION = 300
ITERATION_SPIKE_IN = 5
THRESHOLD_COORDINATES = 0.047
THRESHOLD_GYROSCOPE = 0.03  0.03  1.9   
____________________________________
Thu Apr 11 14:08:30 2024


PARAMETERS
NUMBER_NEURON = 6
VOLTAGE_TRESHOLD = 1.1
LEARNING_RATE = 0.1
LEAK_RATE_TEST = 2
TIME_ITERATION = 300
ITERATION_SPIKE_IN = 5
THRESHOLD_COORDINATES = 0.047
THRESHOLD_GYROSCOPE = 0.03  0.03  1.9   
-0
1.99333
-2.01333
-3.02
-1.97333
1.96667
2.96
2.95333
2.94667
-0.06
-0.0666667
2.07333
1.92
-2.08667
-2.09333
2.9
-2.10667
1.88667
1.88
2.87333
1.86667
-2.14
2.85333
-3.15333
-2.16
-2.16667
-0.173333
-0.18
-0.186667
-0.193333
-0.2
-0.206667
2.21333
1.78
1.77333
-2.23333
2.24
2.24667
-0.253333
-0.26
-0.266667
2.27333
1.72
1.71333
2.70667
-3.3
1.69333
0.313333
-0.32
-0.326667
-0.333333
1.66
-1.65333
1.64667
2.64
-2.36667
2.62667
1.62
2.38667
1.60667
0.4
1.59333
1.58667
1.58
-3.42667
1.56667
-1.56
2.55333
1.54667
1.54
1.53333
-1.52667
-2.48
1.51333
-2.49333
1.5
-2.50667
1.48667
-0.52
-0.526667
-0.533333
2.54
2.45333
-2.55333
1.44
-2.56667
-0.573333
-0.58
-0.586667
-0.593333
-0.6
1.39333
-1.38667
3.62
1.37333
1.36667
1.36
2.64667
1.34667
-0.66
-0.666667
-0.673333
1.32
2.68667
-3.69333
-2.7
1.29333
1.28667
2.72
1.27333
1.26667
-2.74
-2.74667
2.75333
3.76
-1.23333
-2.77333
1.22
2.78667
1.20667
1.2
2.19333
-2.81333
1.18
-2.82667
1.16667
1.16
-0.846667
-0.853333
-0.86
-0.866667
1.12667
-2.88
1.11333
2.10667
1.1
1.09333
1.08667
2.92
2.92667
-0.933333
1.06
-2.94667
1.04667
-2.96
1.03333
-0.973333
-0.98
-0.986667
-0.993333
-1
0.993333
-0.986667
0.98
1.97333
0.966667
0.96
-1.04667
-1.05333
-1.06
-1.06667
0.926667
-3.08
3.08667
1.90667
1.9
-3.10667
-1.11333
-1.12
-1.12667
-1.13333
3.14
0.853333
1.84667
0.84
-0.833333
0.826667
-1.18
-1.18667
-1.19333
-1.2
0.793333
-0.786667
0.78
-3.22667
0.766667
0.76
-1.24667
-1.25333
-1.26
-1.26667
3.27333
-3.28
-1.28667
0.706667
4.3
0.693333
0.686667
-1.32
-1.32667
-1.33333
0.66
3.34667
4.35333
0.64
-3.36667
0.626667
-1.38
-1.38667
-1.39333
-1.4
3.40667
-3.41333
0.58
0.573333
1.56667
4.44
0.553333
-1.45333
-1.46
-1.46667
3.47333
-3.48
0.513333
0.506667
0.5
0.493333
0.486667
0.48
-1.52667
-1.53333
0.46
-3.54667
0.446667
0.44
1.43333
4.57333
0.42
-1.58667
-1.59333
-1.6
3.60667
-0.386667
4.62
-0.373333
-3.63333
0.36
0.353333
0.346667
-1.66
-1.66667
0.326667
-3.68
0.313333
3.69333
-3.7
0.293333
-1.71333
-1.72
-1.72667
-1.73333
0.26
-3.74667
0.246667
0.24
0.233333
0.226667
0.22
0.213333
-1.79333
-1.8
0.193333
1.18667
1.18
0.173333
-3.83333
0.16
-1.84667
-1.85333
-1.86
-1.86667
3.87333
-3.88
0.113333
1.10667
0.1
0.0933333
1.91333
-1.92
-1.92667
-1.93333
0.06
-0.0533333
0.0466667
0.04
1.03333
0.0266667
1.02
0.0133333
-1.99333
____________________________________
Thu Apr 11 14:49:58 2024


PARAMETERS
NUMBER_NEURON = 6
VOLTAGE_TRESHOLD = 1.1
LEARNING_RATE = 0.1
LEAK_RATE_TEST = 2.5
TIME_ITERATION = 300
ITERATION_SPIKE_IN = 5
THRESHOLD_COORDINATES = 0.047
THRESHOLD_GYROSCOPE = 0.03  0.03  1.9   
____________________________________
Thu Apr 11 14:49:58 2024


PARAMETERS
NUMBER_NEURON = 6
VOLTAGE_TRESHOLD = 1.1
LEARNING_RATE = 0.1
LEAK_RATE_TEST = 2.5
TIME_ITERATION = 300
ITERATION_SPIKE_IN = 5
THRESHOLD_COORDINATES = 0.047
THRESHOLD_GYROSCOPE = 0.03  0.03  1.9   
-0
-0.00666667
-0.0133333
-0.02
2.02667
2.96667
-2.04
-3.04667
-3.05333
2.94
-2.06667
1.92667
2.08
1.91333
1.90667
1.9
-2.10667
2.11333
1.88
1.87333
-2.13333
1.86
1.85333
-2.15333
-3.16
2.83333
2.82667
-1.82
-2.18667
1.80667
1.8
-0.206667
-0.213333
-0.22
-0.226667
-0.233333
-0.24
-0.246667
-0.253333
-0.26
-0.266667
-0.273333
-0.28
-0.286667
-0.293333
-0.3
-0.306667
-0.313333
-0.32
-0.326667
-0.333333
-0.34
-0.346667
-0.353333
-0.36
-0.366667
-0.373333
-0.38
-0.386667
-0.393333
-0.4
-0.406667
-0.413333
-0.42
-0.426667
-0.433333
-0.44
-0.446667
-0.453333
-0.46
-0.466667
-0.473333
-0.48
-0.486667
-0.493333
-0.5
-0.506667
-0.513333
-0.52
-0.526667
-0.533333
-0.54
-0.546667
-0.553333
-0.56
-0.566667
-0.573333
-0.58
-0.586667
-0.593333
-0.6
-0.606667
-0.613333
-0.62
-0.626667
-0.633333
-0.64
-0.646667
-0.653333
-0.66
-0.666667
-0.673333
-0.68
-0.686667
-0.693333
-0.7
-0.706667
-0.713333
-0.72
-0.726667
-0.733333
-0.74
-0.746667
-0.753333
-0.76
-0.766667
-0.773333
-0.78
-0.786667
-0.793333
-0.8
-0.806667
-0.813333
-0.82
-0.826667
-0.833333
-0.84
-0.846667
-0.853333
-0.86
-0.866667
-0.873333
-0.88
-0.886667
-0.893333
-0.9
-0.906667
-0.913333
-0.92
-0.926667
-0.933333
-0.94
-0.946667
-0.953333
-0.96
-0.966667
-0.973333
-0.98
-0.986667
-0.993333
-1
-1.00667
-1.01333
-1.02
-1.02667
-1.03333
-1.04
-1.04667
-1.05333
-1.06
-1.06667
-1.07333
-1.08
-1.08667
-1.09333
-1.1
-1.10667
-1.11333
-1.12
-1.12667
-1.13333
-1.14
-1.14667
-1.15333
-1.16
-1.16667
-1.17333
-1.18
-1.18667
-1.19333
-1.2
-1.20667
-1.21333
-1.22
-1.22667
-1.23333
-1.24
-1.24667
-1.25333
-1.26
-1.26667
-1.27333
-1.28
-1.28667
-1.29333
-1.3
-1.30667
-1.31333
-1.32
-1.32667
-1.33333
-1.34
-1.34667
-1.35333
-1.36
-1.36667
-1.37333
-1.38
-1.38667
-1.39333
-1.4
-1.40667
-1.41333
-1.42
-1.42667
-1.43333
-1.44
-1.44667
-1.45333
-1.46
-1.46667
-1.47333
-1.48
-1.48667
-1.49333
-1.5
-1.50667
-1.51333
-1.52
-1.52667
-1.53333
-1.54
-1.54667
-1.55333
-1.56
-1.56667
-1.57333
-1.58
-1.58667
-1.59333
-1.6
-1.60667
-1.61333
-1.62
-1.62667
-1.63333
-1.64
-1.64667
-1.65333
-1.66
-1.66667
-1.67333
-1.68
-1.68667
-1.69333
-1.7
-1.70667
-1.71333
-1.72
-1.72667
-1.73333
-1.74
-1.74667
-1.75333
-1.76
-1.76667
-1.77333
-1.78
-1.78667
-1.79333
-1.8
-1.80667
-1.81333
-1.82
-1.82667
-1.83333
-1.84
-1.84667
-1.85333
-1.86
-1.86667
-1.87333
-1.88
-1.88667
-1.89333
-1.9
-1.90667
-1.91333
-1.92
-1.92667
-1.93333
-1.94
-1.94667
-1.95333
-1.96
-1.96667
-1.97333
-1.98
-1.98667
-1.99333
