____________________________________
Wed Apr  3 14:22:51 2024


PARAMETERS
NUMBER_NEURON = 6
VOLTAGE_TRESHOLD = 1.2
LEARNING_RATE = 0.1
LEAK_RATE = 1.5
TIME_ITERATION = 500
ITERATION_SPIKE_IN = 5
THRESHOLD_COORDINATES = 0.03
THRESHOLD_GYROSCOPE = 0.03  0.03  1.9   
____________________________________
Wed Apr  3 14:22:51 2024


PARAMETERS
NUMBER_NEURON = 6
VOLTAGE_TRESHOLD = 1.2
LEARNING_RATE = 0.1
LEAK_RATE = 1.5
TIME_ITERATION = 500
ITERATION_SPIKE_IN = 5
THRESHOLD_COORDINATES = 0.03
THRESHOLD_GYROSCOPE = 0.03  0.03  1.9   
0
2.996
-3.008
0
-3.016
-2.02
0
0
0
0
0
0
-2.048
-2.052
-2.056
-2.06
0
0
0
0
0
0
0
0
-2.096
0
0
0
0
0
0
0
0
0
-2.136
0
0
0
0
0
0
0
0
-2.172
0
0
0
0
0
0
0
0
0
0
2.784
0
0
0
0
0
0
0
0
0
5
-2.26
0
0
0
0
0
0
0
0
-2.296
-2.3
0
0
0
0
0
0
0
-2.332
-2.336
0
0
0
0
0
0
0
0
0
0
2.62
0
0
0
0
0
0
0
2.588
0
-2.42
0
0
0
0
0
0
-2.448
0
0
0
0
0
0
0
0
0
2.512
0
-2.496
-2.5
0
0
0
0
0
0
0
0
2.464
0
0
0
0
0
0
0
0
2.428
0
0
0
0
0
0
0
0
0
0
0
0
0
0
0
0
0
0
-2.648
0
0
0
0
0
0
0
0
0
0
-2.692
0
0
0
0
0
0
0
0
0
0
2.264
0
0
0
0
0
0
0
0
0
2.224
-2.78
0
0
0
0
0
0
0
-2.812
0
0
0
0
0
0
0
0
0
0
-2.856
0
0
0
0
0
0
0
0
0
2.104
0
0
0
0
0
0
0
0
0
-2.936
0
0
0
0
0
0
0
0
0
-2.976
0
0
0
0
0
0
0
0
0
-3.016
0
0
0
0
0
0
0
0
0
-3.056
0
0
0
0
0
0
0
0
0
-3.096
0
0
0
0
0
0
0
0
0
-3.136
0
0
0
0
0
0
0
0
0
-3.176
0
0
0
0
0
0
0
0
0
-3.216
0
0
0
0
0
0
0
0
0
-3.256
0
0
0
0
0
0
0
0
0
-3.296
0
0
0
0
0
0
0
0
0
-3.336
0
0
0
0
0
0
0
0
0
-3.376
0
0
0
0
0
0
0
0
0
0
0
0
0
0
0
0
0
0
0
0
0
0
0
0
0
0
0
0
0
1.504
0
0
0
0
0
0
0
0
0
0
0
0
0
0
0
0
0
0
0
1.424
0
0
0
0
0
0
0
0
0
5
0
0
0
0
0
0
0
0
0
-3.656
0
