____________________________________
Fri Mar 29 17:38:26 2024


PARAMETERS
NUMBER_NEURON = 6
VOLTAGE_TRESHOLD = 0.5
LEARNING_RATE = 0.1
LEAK_RATE = 1.5
TIME_ITERATION = 500
ITERATION_SPIKE_IN = 5
THRESHOLD_COORDINATES = 0.03
THRESHOLD_GYROSCOPE = 0.05  0.05  1.9   
____________________________________
Fri Mar 29 17:38:26 2024


PARAMETERS
NUMBER_NEURON = 6
VOLTAGE_TRESHOLD = 0.5
LEARNING_RATE = 0.1
LEAK_RATE = 1.5
TIME_ITERATION = 500
ITERATION_SPIKE_IN = 5
THRESHOLD_COORDINATES = 0.03
THRESHOLD_GYROSCOPE = 0.05  0.05  1.9   
0
-2
-2.004
-2.008
0
-2.016
2.98
0
2.972
0
-2.036
-2.04
2.956
0
-2.052
2.944
2.94
-2.064
2.932
-2.072
-2.076
-2.08
-2.084
2.912
2.908
0
2.9
0
2.892
-2.112
2.884
-2.12
2.876
-2.128
2.868
0
-2.14
2.856
2.852
2.848
-2.156
2.84
-2.164
0
-2.172
2.824
-2.18
2.816
5
0
2.804
-2.2
0
0
-2.212
2.784
0
-2.224
2.772
5
2.764
2.76
-2.244
-2.248
-2.252
2.744
-2.26
2.736
2.732
-0.268
-0.268
2.72
-2.284
2.712
-2.292
2.704
-2.3
-0.3
-0.3
-0.3
-0.3
2.68
5
-2.328
-0.328
2.664
-2.34
-0.34
-0.34
-0.34
-0.34
2.64
2.636
-2.368
-2.372
2.624
-2.38
-0.38
-0.38
-0.38
-0.38
-0.38
2.596
5
-2.412
-0.412
-0.412
-0.412
-0.412
-0.412
-0.412
2.56
2.556
-2.448
-2.452
2.544
-2.46
-0.46
-0.46
-0.46
-0.46
2.52
2.516
0
-2.492
2.504
-2.5
2.496
-0.504
-0.504
-0.504
2.48
5
0
-2.532
2.464
0
2.456
-0.544
-0.544
-0.544
2.44
-2.564
-2.568
5
2.424
-2.58
-0.58
-0.58
-0.58
-0.58
2.4
2.396
2.392
-2.612
-0.612
-0.612
-0.612
-0.612
-0.612
-0.612
2.36
5
0
-2.652
-2.656
2.34
2.336
-0.664
-0.664
-0.664
2.32
2.316
-2.688
2.308
5
0
-2.704
-0.704
-0.704
-0.704
2.28
5
-2.728
2.268
2.264
-2.74
-2.744
-0.744
-0.744
-0.744
2.24
2.236
0
-2.772
-2.776
2.22
-0.78
-0.78
-0.78
-0.78
2.2
2.196
-2.808
-0.808
-0.808
-0.808
-0.808
-0.808
-0.808
-0.808
2.16
0
-2.848
-0.848
-0.848
-0.848
-0.848
-0.848
-0.848
-0.848
2.12
0
-2.888
2.108
5
0
2.096
5
2.088
2.084
5
2.076
-2.928
-2.932
0
-2.94
-2.944
-2.948
2.048
2.044
-0.956
2.036
2.032
2.028
5
-2.98
-0.98
-0.98
-0.98
-0.98
2
5
-3.008
-1.008
-1.008
-1.008
-1.008
-1.008
-1.008
-1.008
1.96
0
-3.048
-1.048
-1.048
-1.048
-1.048
-1.048
-1.048
-1.048
1.92
5
-3.088
-1.088
-1.088
-1.088
-1.088
-1.088
-1.088
-1.088
1.88
5
-3.128
-1.128
-1.128
-1.128
-1.128
-1.128
-1.128
-1.128
1.84
0
-3.168
-1.168
-1.168
-1.168
-1.168
-1.168
-1.168
-1.168
1.8
5
-3.208
-1.208
-1.208
-1.208
-1.208
-1.208
-1.208
-1.208
1.76
5
-3.248
-1.248
-1.248
-1.248
-1.248
-1.248
-1.248
-1.248
1.72
5
-3.288
-1.288
-1.288
-1.288
-1.288
-1.288
-1.288
-1.288
1.68
5
-3.328
-1.328
-1.328
-1.328
-1.328
-1.328
-1.328
-1.328
1.64
5
-3.368
-1.368
-1.368
-1.368
-1.368
-1.368
-1.368
-1.368
1.6
5
-3.408
-1.408
-1.408
-1.408
-1.408
-1.408
-1.408
-1.408
1.56
-3.444
-1.444
-1.444
1.544
-3.46
-3.464
-3.468
-1.468
-1.468
-1.468
-1.468
1.512
5
1.504
-3.5
-1.5
-1.5
-1.5
-1.5
-1.5
1.476
5
0
-3.536
-3.54
1.456
1.452
1.448
-1.552
-1.552
-1.552
1.432
5
-3.576
1.42
1.416
1.412
-1.588
-1.588
-1.588
1.396
1.392
1.388
0
-3.62
-3.624
-1.624
-1.624
-1.624
1.36
5
5
-3.652
-1.652
-1.652
-1.652
-1.652
-1.652
-1.652
1.32
5
-3.688
-1.688
-1.688
-1.688
-1.688
-1.688
-1.688
-1.688
1.28
5
-3.728
-1.728
-1.728
-1.728
-1.728
-1.728
-1.728
-1.728
1.24
5
-3.768
-1.768
-1.768
-1.768
-1.768
-1.768
-1.768
-1.768
1.2
5
-3.808
-1.808
-1.808
-1.808
-1.808
-1.808
-1.808
-1.808
1.16
5
-3.848
-1.848
-1.848
-1.848
-1.848
-1.848
-1.848
-1.848
1.12
5
-3.888
-1.888
-1.888
-1.888
-1.888
-1.888
-1.888
-1.888
1.08
5
-3.928
-1.928
-1.928
-1.928
-1.928
-1.928
-1.928
-1.928
1.04
5
-3.968
-1.968
-1.968
-1.968
-1.968
-1.968
-1.968
____________________________________
Fri Mar 29 17:44:41 2024


PARAMETERS
NUMBER_NEURON = 6
VOLTAGE_TRESHOLD = 0.5
LEARNING_RATE = 0.1
LEAK_RATE = 1.5
TIME_ITERATION = 500
ITERATION_SPIKE_IN = 5
THRESHOLD_COORDINATES = 0.03
THRESHOLD_GYROSCOPE = 0.05  0.05  1.9   
1.004
-2
-2.004
-2.008
-2.012
0
2.98
-2.024
2.972
-2.032
2.964
-2.04
2.956
-2.048
2.948
-2.056
-2.06
2.936
5
2.928
2.924
0
2.916
-2.088
2.908
-2.096
0
-2.104
2.892
2.888
0
2.88
2.876
-2.128
2.868
-2.136
-2.14
2.856
-2.148
2.848
5
0
-2.164
2.832
-2.172
-2.176
-2.18
-0.18
-0.18
-0.18
-0.18
2.8
-2.204
2.792
-2.212
2.784
5
2.776
2.772
-0.228
-0.228
2.76
-2.244
2.752
-2.252
2.744
2.74
0
2.732
0
2.724
-2.28
2.716
-2.288
2.708
2.704
-2.3
-0.3
-0.3
-0.3
-0.3
2.68
0
2.672
-2.332
2.664
2.66
-2.344
-0.344
-0.344
-0.344
2.64
0
2.632
-2.372
3
-2.38
-0.38
-0.38
-0.38
-0.38
2.6
-2.404
-2.408
2.588
-2.416
2.58
2.576
-0.424
-0.424
-0.424
2.56
2.556
-2.448
-0.448
2.544
-2.46
-0.46
-0.46
-0.46
-0.46
2.52
-2.484
2.512
2.508
-2.496
2.5
-0.5
-0.5
-0.5
-0.5
2.48
2.476
-2.528
-0.528
2.464
-2.54
-0.54
-0.54
-0.54
-0.54
2.44
0
2.432
-2.572
2.424
-2.58
-0.58
-0.58
-0.58
-0.58
2.4
0
2.392
-2.612
2.384
2.38
-2.624
-0.624
-0.624
-0.624
2.36
5
-2.648
-0.648
2.344
5
-2.664
-0.664
-0.664
-0.664
2.32
2.316
-2.688
-0.688
2.304
2.3
-2.704
-0.704
-0.704
-0.704
2.28
5
-2.728
-0.728
2.264
2.26
-2.744
-0.744
-0.744
-0.744
2.24
2.236
-2.768
-0.768
-0.768
-0.768
-0.768
-0.768
-0.768
-0.768
2.2
2.196
0
-2.812
2.184
2.18
5
2
2
2
2.16
2.156
-2.848
-0.848
2.144
5
-2.864
-0.864
-0.864
-0.864
2.12
5
-2.888
-2.892
-2.896
2.1
-0.9
-0.9
-0.9
-0.9
2.08
5
-2.928
-2.932
-2.936
2.06
-0.94
-0.94
-0.94
-0.94
2.04
5
2.032
-2.972
-2.976
5
2.016
-0.984
-0.984
-0.984
2
5
0
-3.012
-3.016
-3.02
-1.02
-1.02
-1.02
-1.02
1.96
1.956
1.952
-3.052
-1.052
-1.052
-1.052
-1.052
-1.052
-1.052
1.92
0
-3.088
-1.088
1.904
1.9
-3.104
-1.104
-1.104
-1.104
1.88
5
1.872
-3.132
-3.136
5
2
2
2
2
1.84
1.836
-3.168
1.828
-3.176
1.82
-1.18
-1.18
-1.18
-1.18
1.8
5
1.792
-3.212
-3.216
1.78
-1.22
-1.22
-1.22
-1.22
1.76
5
1.752
-3.252
-3.256
1.74
-1.26
-1.26
-1.26
-1.26
1.72
5
1.712
-3.292
-3.296
5
1.696
-1.304
-1.304
-1.304
1.68
5
0
-3.332
-3.336
1.66
1.656
-1.344
-1.344
-1.344
1.64
5
-3.368
-3.372
1.624
1.62
-1.38
-1.38
-1.38
-1.38
1.6
5
-3.408
-3.412
1.584
1.58
-1.42
-1.42
-1.42
-1.42
1.56
5
-3.448
-3.452
-3.456
1.54
1.536
-1.464
-1.464
-1.464
1.52
1.516
5
-3.492
-3.496
1.5
-1.5
-1.5
-1.5
-1.5
1.48
5
1.472
-3.532
-3.536
5
2
2
2
2
1.44
1.436
-3.568
1.428
0
1.42
-1.58
-1.58
-1.58
-1.58
1.4
5
1.392
-3.612
-3.616
1.38
-1.62
-1.62
-1.62
-1.62
1.36
1.356
1.352
-3.652
1.344
1.34
-1.66
-1.66
-1.66
-1.66
1.32
5
1.312
-3.692
1.304
1.3
-1.7
-1.7
-1.7
-1.7
1.28
5
-3.728
1.268
-3.736
1.26
3
2
2
2
1.24
1.236
5
-3.772
-1.772
-1.772
-1.772
-1.772
-1.772
-1.772
1.2
1.196
-3.808
-1.808
1.184
1.18
1.176
1.172
-1.828
-1.828
1.16
1.156
1.152
-3.852
-1.852
-1.852
-1.852
-1.852
-1.852
-1.852
1.12
-3.884
-3.888
-1.888
1.104
-3.9
1.096
-1.904
-1.904
-1.904
1.08
5
5
-3.932
1.064
1.06
-1.94
-1.94
-1.94
-1.94
1.04
5
1.032
-3.972
-1.972
-1.972
-1.972
-1.972
-1.972
____________________________________
Fri Mar 29 17:50:59 2024


PARAMETERS
NUMBER_NEURON = 6
VOLTAGE_TRESHOLD = 0.5
LEARNING_RATE = 0.1
LEAK_RATE = 1.5
TIME_ITERATION = 500
ITERATION_SPIKE_IN = 5
THRESHOLD_COORDINATES = 0.03
THRESHOLD_GYROSCOPE = 0.05  0.05  1.9   
1.004
-2
-2.004
-2.008
-2.012
-2.016
2.98
-2.024
2.972
2.968
2.964
-2.04
2.956
-2.048
-2.052
2.944
-2.06
2.936
-2.068
-0.068
-0.068
2.92
5
-2.088
2.908
-2.096
-2.1
-0.1
-0.1
-0.1
-0.1
2.88
0
2.872
-2.132
2.864
-2.14
-0.14
-0.14
-0.14
-0.14
2.84
5
-2.168
2.828
-2.176
-0.176
-0.176
-0.176
-0.176
-0.176
2.8
0
-2.208
-0.208
2.784
-2.22
-0.22
-0.22
-0.22
-0.22
2.76
-2.244
2.752
-2.252
-0.252
-0.252
-0.252
-0.252
-0.252
-0.252
2.72
-2.284
2.712
-2.292
2.704
2.7
5
2
2
2
2.68
2.676
-2.328
-0.328
2.664
-2.34
-0.34
-0.34
-0.34
-0.34
2.64
-2.364
2.632
2.628
2.624
0
2
2
2
2
2.6
0
-2.408
2.588
-2.416
2.58
-0.42
-0.42
-0.42
-0.42
2.56
-2.444
2.552
-2.452
-0.452
-0.452
-0.452
-0.452
-0.452
-0.452
2.52
-2.484
2.512
2.508
-2.496
-0.496
-0.496
-0.496
-0.496
-0.496
2.48
-2.524
-0.524
-0.524
2.464
-2.54
-0.54
-0.54
-0.54
-0.54
2.44
2.436
2.432
-2.572
2.424
2.42
2.416
5
2
2
2.4
2.396
-2.608
2.388
-2.616
2.38
5
2
2
2
2.36
2.356
0
2.348
0
2.34
2.336
-0.664
-0.664
-0.664
2.32
-2.684
-2.688
2.308
0
2.3
5
2
2
2
2.28
2.276
0
2.268
-2.736
-0.736
-0.736
-0.736
-0.736
-0.736
2.24
-2.764
-0.764
2.228
-2.776
2.22
5
2
2
2
2.2
2.196
0
5
-2.816
-0.816
-0.816
-0.816
-0.816
-0.816
2.16
-2.844
-0.844
2.148
-2.856
2.14
-0.86
-0.86
-0.86
-0.86
2.12
5
0
-2.892
-2.896
5
2.096
-0.904
-0.904
-0.904
2.08
0
-2.928
-2.932
2.064
0
2.056
0.056
-0.944
-0.944
2.04
2.036
-2.968
2.028
-2.976
2.02
0.02
-0.98
-0.98
-0.98
2
1.996
-3.008
1.988
0
1.98
-1.02
-1.02
-1.02
-1.02
1.96
1.956
-3.048
1.948
0
2
2
2
2
2
1.92
-3.084
-1.084
1.908
1.904
-3.1
-1.1
-1.1
-1.1
-1.1
1.88
5
1.872
-3.132
1.864
1.86
-1.14
-1.14
-1.14
-1.14
1.84
1.836
0
-3.172
1.824
1.82
-1.18
-1.18
-1.18
-1.18
1.8
5
-3.208
1.788
-3.216
-1.216
-1.216
-1.216
-1.216
-1.216
1.76
-3.244
-1.244
1.748
1.744
-3.26
-1.26
-1.26
-1.26
-1.26
1.72
1.716
1.712
1.708
-3.296
0
2
2
2
2
1.68
1.676
1.672
0
1.664
-3.34
-1.34
-1.34
-1.34
-1.34
1.64
1.636
1.632
-3.372
1.624
5
1.616
-1.384
-1.384
-1.384
1.6
5
0
-3.412
-3.416
5
2
2
2
2
1.56
1.556
0
1.548
-3.456
-1.456
-1.456
-1.456
-1.456
-1.456
1.52
5
0
-3.492
-3.496
5
2
2
2
2
1.48
1.476
-3.528
1.468
1.464
0
1.456
-1.544
-1.544
-1.544
1.44
5
-3.568
1.428
1.424
-3.58
-1.58
-1.58
-1.58
-1.58
1.4
5
0
-3.612
1.384
5
1.376
-1.624
-1.624
-1.624
1.36
5
-3.648
-1.648
1.344
5
0
2
2
2
1.32
5
-3.688
-1.688
1.304
5
0
2
2
2
1.28
5
-3.728
-1.728
1.264
5
0
2
2
2
1.24
5
-3.768
-1.768
1.224
1.22
0
2
2
2
1.2
1.196
-3.808
-1.808
1.184
5
0
2
2
2
1.16
5
-3.848
-1.848
1.144
1.14
0
2
2
2
1.12
5
-3.888
-1.888
1.104
1.1
0
2
2
2
1.08
1.076
-3.928
-1.928
1.064
1.06
0
2
2
2
1.04
1.036
-3.968
-1.968
1.024
1.02
0
2
2
____________________________________
Fri Mar 29 17:56:39 2024


PARAMETERS
NUMBER_NEURON = 6
VOLTAGE_TRESHOLD = 0.7
LEARNING_RATE = 0.1
LEAK_RATE = 1.5
TIME_ITERATION = 500
ITERATION_SPIKE_IN = 5
THRESHOLD_COORDINATES = 0.03
THRESHOLD_GYROSCOPE = 0.05  0.05  1.9   
____________________________________
Fri Mar 29 17:56:39 2024


PARAMETERS
NUMBER_NEURON = 6
VOLTAGE_TRESHOLD = 0.7
LEARNING_RATE = 0.1
LEAK_RATE = 1.5
TIME_ITERATION = 500
ITERATION_SPIKE_IN = 5
THRESHOLD_COORDINATES = 0.03
THRESHOLD_GYROSCOPE = 0.05  0.05  1.9   
1.004
-2
-2.004
-2.008
0
0
0
-2.024
____________________________________
Mon Apr  1 09:43:51 2024


PARAMETERS
NUMBER_NEURON = 6
VOLTAGE_TRESHOLD = 0.5
LEARNING_RATE = 0.1
LEAK_RATE = 1.5
TIME_ITERATION = 10
ITERATION_SPIKE_IN = 10
THRESHOLD_COORDINATES = 0.03
THRESHOLD_GYROSCOPE = 0.05  0.05  1.9   
____________________________________
Mon Apr  1 09:43:51 2024


PARAMETERS
NUMBER_NEURON = 6
VOLTAGE_TRESHOLD = 0.5
LEARNING_RATE = 0.1
LEAK_RATE = 1.5
TIME_ITERATION = 10
ITERATION_SPIKE_IN = 10
THRESHOLD_COORDINATES = 0.03
THRESHOLD_GYROSCOPE = 0.05  0.05  1.9   
-2
-2.4
-2.8
-3.2
5
1.2
-2
5
-2.6
2
____________________________________
Mon Apr  1 09:46:16 2024


PARAMETERS
NUMBER_NEURON = 6
VOLTAGE_TRESHOLD = 0.5
LEARNING_RATE = 0.1
LEAK_RATE = 1.5
TIME_ITERATION = 10
ITERATION_SPIKE_IN = 10
THRESHOLD_COORDINATES = 0.03
THRESHOLD_GYROSCOPE = 0.05  0.05  1.9   
1.6
-3.6
-2
-2.4
-2.8
1.8
____________________________________
Mon Apr  1 10:21:41 2024


PARAMETERS
NUMBER_NEURON = 6
VOLTAGE_TRESHOLD = 0.5
LEARNING_RATE = 0.1
LEAK_RATE = 1.5
TIME_ITERATION = 10
ITERATION_SPIKE_IN = 10
THRESHOLD_COORDINATES = 0.03
THRESHOLD_GYROSCOPE = 0.05  0.05  1.9   
____________________________________
Mon Apr  1 10:21:41 2024


PARAMETERS
NUMBER_NEURON = 6
VOLTAGE_TRESHOLD = 0.5
LEARNING_RATE = 0.1
LEAK_RATE = 1.5
TIME_ITERATION = 10
ITERATION_SPIKE_IN = 10
THRESHOLD_COORDINATES = 0.03
THRESHOLD_GYROSCOPE = 0.05  0.05  1.9   
-2
-3.2
-3.4
____________________________________
Mon Apr  1 10:26:17 2024


PARAMETERS
NUMBER_NEURON = 6
VOLTAGE_TRESHOLD = 0.5
LEARNING_RATE = 0.1
LEAK_RATE = 1.5
TIME_ITERATION = 10
ITERATION_SPIKE_IN = 10
THRESHOLD_COORDINATES = 0.03
THRESHOLD_GYROSCOPE = 0.05  0.05  1.9   
____________________________________
Mon Apr  1 10:26:17 2024


PARAMETERS
NUMBER_NEURON = 6
VOLTAGE_TRESHOLD = 0.5
LEARNING_RATE = 0.1
LEAK_RATE = 1.5
TIME_ITERATION = 10
ITERATION_SPIKE_IN = 10
THRESHOLD_COORDINATES = 0.03
THRESHOLD_GYROSCOPE = 0.05  0.05  1.9   
-2
-3.2
-3.4
-2.6
2.2
2
1.8
1.6
-3.6
1.2
____________________________________
Mon Apr  1 10:29:15 2024


PARAMETERS
NUMBER_NEURON = 6
VOLTAGE_TRESHOLD = 0.7
LEARNING_RATE = 0.1
LEAK_RATE = 1.5
TIME_ITERATION = 10
ITERATION_SPIKE_IN = 10
THRESHOLD_COORDINATES = 0.03
THRESHOLD_GYROSCOPE = 0.05  0.05  1.9   
____________________________________
Mon Apr  1 10:29:15 2024


PARAMETERS
NUMBER_NEURON = 6
VOLTAGE_TRESHOLD = 0.7
LEARNING_RATE = 0.1
LEAK_RATE = 1.5
TIME_ITERATION = 10
ITERATION_SPIKE_IN = 10
THRESHOLD_COORDINATES = 0.03
THRESHOLD_GYROSCOPE = 0.05  0.05  1.9   
3
-3.2
-3.4
