____________________________________
Mon Apr  8 23:22:23 2024


PARAMETERS
NUMBER_NEURON = 6
VOLTAGE_TRESHOLD = 1.2
LEARNING_RATE = 0.1
LEAK_RATE = 1.5
TIME_ITERATION = 500
ITERATION_SPIKE_IN = 5
THRESHOLD_COORDINATES = 0.047
THRESHOLD_GYROSCOPE = 0.03  0.03  1.9   
____________________________________
Mon Apr  8 23:22:23 2024


PARAMETERS
NUMBER_NEURON = 6
VOLTAGE_TRESHOLD = 1.2
LEARNING_RATE = 0.1
LEAK_RATE = 1.5
TIME_ITERATION = 500
ITERATION_SPIKE_IN = 5
THRESHOLD_COORDINATES = 0.047
THRESHOLD_GYROSCOPE = 0.03  0.03  1.9   
0
7
-3
-3
-2
7
-2
-2
0
0
0
2
-3
-2
2
2
2
-2
0
0
0
2
-2
-2
2
7
-3
0
0
0
0
2
-2
-2
2
7
-3
2
0
0
0
2
7
-3
4.824
-2
7
-2
0
0
0
2
-2
-2
4.784
-2
-2
0
0
0
0
2
-2
-2
0
7
-3
2
0
0
0
2
-2
-2
0
7
-3
2
0
0
0
2
-2
-2
0
2
2
2
0
0
0
2
-2
-2
0
2
7
-2
0
0
0
2
-2
-2
0
2
2
4.572
2
0
0
2
-2
-2
0
2
7
4.532
2
0
0
2
-2
-2
4.504
-2
-2
2
0
0
0
7
-3
7
-2
-2
2
0
0
0
0
7
-3
-2
2
2
-2
7
2
0
0
2
-2
-2
2
2
-2
2
7
0
0
2
-2
-2
7
-2
7
0
0
0
0
2
-2
-2
4.304
-2
7
2
7
2
-2
4.276
-2
-2
-2
7
-3
-2
2
2
-2
4.236
-2
-2
-2
-2
2
0
0
0
0
2
-2
2
-2
2
-2
0
0
0
0
2
-2
-2
7
-2
7
2
2
-2
7
2
-3
4.108
-2
4.1
-3
2
2
-2
2
-2
4.072
-3
4.064
-2
-2
2
2
2
-2
2
7
-3
2
-2
-2
2
-2
0
0
2
7
-3
2
7
-3
2
0
0
0
2
-2
-2
0
2
-2
0
0
0
0
2
-2
-2
0
2
2
2
0
0
0
2
-2
-2
0
2
2
2
0
0
0
2
-2
-2
0
2
2
2
0
0
0
2
-2
-2
0
2
2
2
0
0
0
2
-2
-2
0
2
2
2
0
0
0
2
7
-3
0
2
2
2
2
2
0
2
-2
-2
0
2
2
2
2
2
0
2
-2
-2
0
2
-2
0
0
0
0
2
-2
-2
0
2
2
2
0
0
0
2
-2
-2
0
2
7
2
0
0
0
2
-2
-2
0
2
-2
0
0
0
0
2
-2
-2
7
7
-2
2
0
0
0
2
-2
-2
3.424
-2
2
0
0
0
0
2
-2
-2
7
-2
-2
0
0
0
0
2
-2
-2
0
7
-2
0
0
0
0
2
-2
-2
0
2
-2
0
0
0
0
2
-2
-2
2
-2
0
0
0
0
0
2
-2
-2
2
-2
0
0
0
0
0
2
-2
-2
2
-2
-2
0
0
0
0
2
-2
-2
7
-2
7
0
0
0
0
2
-2
-2
3.104
-2
0
0
0
0
0
2
-2
-2
7
-2
0
0
0
0
0
2
7
-2
0
2
2
0
0
0
____________________________________
Tue Apr  9 00:18:28 2024


PARAMETERS
NUMBER_NEURON = 6
VOLTAGE_TRESHOLD = 1.2
LEARNING_RATE = 0.1
LEAK_RATE = 1.5
TIME_ITERATION = 500
ITERATION_SPIKE_IN = 5
THRESHOLD_COORDINATES = 0.047
THRESHOLD_GYROSCOPE = 0.03  0.03  1.9   
0
2
-3
-3
-2
2
-2
0
0
0
0
0
2
-2
7
-3
2
0
0
0
0
2
-2
-2
2
2
2
2
0
0
0
2
-2
-2
2
2
2
0
0
0
0
2
-2
-2
2
-2
2
2
0
0
0
2
-2
-2
2
4.78
2
2
0
0
0
2
-2
-2
-2
2
2
0
0
0
0
2
-2
-2
2
2
2
0
0
0
0
2
-2
7
-2
-2
2
0
0
0
0
2
-2
2
2
-2
2
0
0
0
0
2
2
2
2
2
2
2
0
0
0
2
-2
-2
-2
-2
0
0
0
0
0
2
2
7
-2
-2
2
2
0
0
0
2
2
4.468
-2
-2
-2
0
0
0
0
2
2
4.428
4.424
-2
2
2
0
0
0
2
-2
-2
2
2
-2
2
0
0
0
2
-2
2
2
-2
2
0
0
0
0
2
-2
2
2
-2
2
2
0
0
0
2
-2
2
2
-2
2
2
0
0
0
2
-2
2
2
-2
-2
2
0
0
0
2
7
-3
-2
-2
7
2
0
0
0
2
-2
-2
-2
2
2
7
2
2
2
2
-3
-2
-2
2
2
-2
2
2
2
7
-3
2
-2
-2
2
7
-2
-2
2
7
-2
-2
2
4.02
-3
2
2
2
2
2
2
-3
2
2
-2
2
7
0
0
0
2
2
-3
2
-3
2
-2
0
0
0
2
2
7
-3
2
-2
0
0
0
0
2
2
-3
0
0
0
0
0
0
0
2
2
-2
2
-2
0
0
0
0
0
2
2
-2
2
-2
0
0
0
0
0
2
2
-2
2
-2
0
0
0
0
0
2
2
-2
2
-2
0
0
0
0
0
2
2
7
-3
0
0
0
0
0
0
2
2
3.624
-3
0
0
0
0
0
0
2
-2
-3
0
0
0
0
0
0
0
2
2
7
-3
0
0
0
0
0
0
2
2
-2
-2
0
0
0
0
0
0
2
2
7
-3
0
0
0
0
0
0
2
2
3.424
-3
0
0
0
0
0
0
2
2
3.384
-3
0
0
0
0
0
0
2
-2
-3
0
0
0
0
0
0
0
2
2
7
-3
0
0
0
0
0
0
2
7
-3
0
0
0
0
0
0
2
-2
2
7
-3
0
0
0
0
0
2
-2
2
7
-3
0
0
0
0
0
2
-2
2
3.144
-3
0
0
0
0
0
2
7
-3
0
2
-2
-2
0
0
0
0
2
7
-3
2
-2
0
0
0
0
2
-2
-3
0
2
-2
-2
0
0
____________________________________
Tue Apr  9 01:12:05 2024


PARAMETERS
NUMBER_NEURON = 6
VOLTAGE_TRESHOLD = 1.2
LEARNING_RATE = 0.1
LEAK_RATE = 1.5
TIME_ITERATION = 500
ITERATION_SPIKE_IN = 5
THRESHOLD_COORDINATES = 0.047
THRESHOLD_GYROSCOPE = 0.03  0.03  1.9   
0
2
-2
-2
-3
7
-3
-2
7
-3
-2
-2
0
2
0
0
0
0
0
0
0
0
2
0
2
0
0
0
0
0
0
0
2
0
2
0
0
0
0
0
0
0
2
0
2
0
0
0
0
0
0
2
2
-2
-2
2
2
2
0
0
0
2
2
-2
-2
-2
0
0
0
0
0
0
2
2
-2
0
0
0
0
0
0
2
2
-2
2
7
4.656
2
0
0
0
2
-2
4.628
-2
-2
-2
0
0
0
0
2
-2
2
-2
2
7
-2
2
0
0
2
-2
-2
2
-2
2
2
0
0
0
2
-2
-2
2
7
-2
0
0
0
0
2
7
-3
4.464
4.46
-3
2
2
2
2
2
7
-3
-2
-2
-3
0
0
0
0
2
-2
-2
4.384
-2
2
0
0
0
0
2
-2
2
-2
7
7
-2
0
0
0
2
-2
7
-2
4.3
-3
7
2
2
2
2
-2
-3
-2
-2
-2
2
0
0
0
2
-2
-2
-2
-2
7
2
0
0
0
2
-2
-2
-2
-2
4.176
2
0
0
0
2
-2
-2
2
7
-2
0
0
0
0
2
-2
-2
2
4.1
-2
0
0
0
0
2
-2
-2
2
2
-2
0
0
0
0
2
-2
-2
2
7
-2
0
0
0
0
2
7
-2
3.984
-2
0
0
0
0
0
2
7
-2
2
2
2
2
2
0
0
2
-2
-2
0
2
-2
0
0
0
0
2
-2
2
-2
0
0
0
0
0
0
2
-2
7
-2
0
0
0
0
0
0
2
7
-2
0
2
-2
0
0
0
0
2
-2
-2
2
2
7
2
0
0
0
2
-2
0
2
7
-2
0
0
0
0
2
-2
2
2
-2
-2
0
0
0
0
2
-2
2
2
-2
-2
0
0
0
0
2
7
-2
2
2
-2
0
0
0
0
2
-2
2
2
-2
-2
0
0
0
0
2
-2
2
7
-2
-2
0
0
0
0
2
-2
-2
2
2
7
0
0
0
0
2
-2
2
2
-2
-2
0
0
0
0
2
-2
2
7
-2
-2
0
0
0
0
2
-2
0
2
-2
0
0
0
0
0
2
-2
0
2
7
-3
0
0
0
0
2
-2
0
2
7
-2
0
0
0
0
2
7
-2
0
2
-2
0
0
0
0
2
-2
-2
2
-2
-2
0
0
0
0
2
-2
-2
0
2
-2
0
0
0
0
2
-2
-2
-2
-2
-2
0
0
0
0
2
7
-2
2
2
-2
0
0
0
0
2
7
-3
0
2
2
2
0
0
____________________________________
Tue Apr  9 02:03:47 2024


PARAMETERS
NUMBER_NEURON = 6
VOLTAGE_TRESHOLD = 1.5
LEARNING_RATE = 0.1
LEAK_RATE = 1.5
TIME_ITERATION = 500
ITERATION_SPIKE_IN = 5
THRESHOLD_COORDINATES = 0.047
THRESHOLD_GYROSCOPE = 0.03  0.03  1.9   
____________________________________
Tue Apr  9 02:03:47 2024


PARAMETERS
NUMBER_NEURON = 6
VOLTAGE_TRESHOLD = 1.5
LEARNING_RATE = 0.1
LEAK_RATE = 1.5
TIME_ITERATION = 500
ITERATION_SPIKE_IN = 5
THRESHOLD_COORDINATES = 0.047
THRESHOLD_GYROSCOPE = 0.03  0.03  1.9   
0
0
0
2
2
-2
-2
-2
2
2
2
2
0
0
0
2
0
0
0
0
0
0
0
2
2
2
-2
-2
-2
2
0
0
2
-2
-2
2
2
0
0
0
0
0
2
7
4.824
-2
-2
-2
2
2
2
2
-2
-2
2
-2
2
2
0
0
0
0
2
-2
-2
2
2
0
0
0
0
2
-2
-2
2
2
2
2
0
0
0
2
-2
2
2
-2
2
0
0
0
0
2
-2
2
2
-2
2
0
0
0
0
2
-2
2
7
-2
2
0
0
0
0
0
2
-2
-2
2
2
0
0
0
0
0
2
-2
-2
0
0
0
0
0
0
0
2
-2
2
0
0
0
0
0
0
0
2
-2
2
0
0
0
0
0
0
0
2
7
-2
0
0
0
0
0
0
0
2
7
-3
0
0
0
0
0
0
2
-2
2
2
4.3
-2
0
0
0
0
2
7
-2
0
2
4.256
0
0
0
0
2
-2
-2
2
2
-2
0
0
0
0
2
7
-3
0
2
-2
0
0
0
0
2
4.152
-3
0
2
-2
0
0
0
0
2
7
-3
0
2
2
2
0
0
0
2
-2
-2
0
2
-2
0
0
0
0
2
7
-3
0
2
-2
0
0
0
0
2
-2
-2
-2
0
0
0
0
0
0
2
7
-3
0
2
2
2
0
0
0
2
7
-3
0
2
2
0
0
0
0
2
-2
2
-3
0
0
0
0
0
0
2
7
-3
0
2
2
-2
0
0
0
2
-2
2
-2
2
-2
0
0
0
0
2
7
-3
0
2
2
-2
0
0
0
2
-2
-2
7
-3
0
0
0
0
0
2
7
-3
0
0
0
0
0
0
0
2
7
-3
0
0
0
0
0
0
0
2
-2
-2
0
2
-2
0
0
0
0
2
7
-3
0
0
0
0
0
0
0
2
-2
3.508
-3
0
0
0
0
0
0
2
3.472
-3
0
0
0
0
0
0
0
2
3.432
-3
0
0
0
0
0
0
0
2
7
-3
0
0
0
0
0
0
0
2
3.352
-3
0
0
0
0
0
0
0
2
3.312
-3
0
0
0
0
0
0
0
2
3.272
-3
0
0
0
0
0
0
0
2
7
-2
0
0
0
0
0
0
0
2
3.192
-3
0
0
0
0
0
0
0
2
3.152
-3
0
0
0
0
0
0
0
2
3.112
-3
0
0
0
0
0
0
0
2
3.072
-3
0
0
0
0
0
0
0
2
3.032
-3
0
0
0
0
0
0
____________________________________
Tue Apr  9 02:45:29 2024


PARAMETERS
NUMBER_NEURON = 6
VOLTAGE_TRESHOLD = 1.5
LEARNING_RATE = 0.1
LEAK_RATE = 1.5
TIME_ITERATION = 500
ITERATION_SPIKE_IN = 5
THRESHOLD_COORDINATES = 0.047
THRESHOLD_GYROSCOPE = 0.03  0.03  1.9   
0
0
2
4.988
-3
-3
-3
-2
2
2
0
0
0
0
0
0
0
0
0
0
0
0
0
0
0
0
0
0
0
0
0
0
0
0
0
0
0
0
0
0
0
0
0
0
0
0
0
0
0
0
0
0
0
0
0
0
0
0
0
0
0
0
0
0
0
0
0
0
0
0
0
0
0
0
0
0
0
0
0
0
0
0
0
0
0
0
0
0
0
0
0
0
0
0
0
0
0
0
0
0
0
0
0
0
0
0
0
0
0
0
0
0
0
0
0
0
0
0
0
0
0
0
0
0
0
0
0
0
0
0
0
0
0
0
0
0
0
0
0
0
0
0
0
0
0
0
0
0
0
0
0
0
0
0
0
0
0
0
0
0
0
0
0
0
0
0
0
0
0
0
0
0
0
0
0
0
0
0
0
0
0
0
0
0
0
0
0
0
0
0
0
0
0
0
0
0
0
0
0
0
0
0
0
0
0
0
0
0
0
0
0
0
0
0
0
0
0
0
0
0
0
0
0
0
0
0
0
0
0
0
0
0
0
0
0
0
0
0
0
0
0
0
0
0
0
0
0
0
0
0
0
0
0
0
0
0
0
0
0
0
0
0
0
0
0
0
0
0
0
0
0
0
0
0
0
0
0
0
0
0
0
0
0
0
0
0
0
0
0
0
0
0
0
0
0
0
0
0
0
0
0
0
0
0
0
0
0
0
0
0
0
0
0
0
0
0
0
0
0
0
0
0
0
0
0
0
0
0
0
0
0
0
0
0
0
0
0
0
0
0
0
0
0
0
0
0
0
0
0
0
0
0
0
0
0
0
0
0
0
0
0
0
0
0
0
0
0
0
0
0
0
0
0
0
0
0
0
0
0
0
0
0
0
0
0
0
0
0
0
0
0
0
0
0
0
0
0
0
0
0
0
0
0
0
0
0
0
0
0
0
0
0
0
0
0
0
0
0
0
0
0
0
0
0
0
0
0
0
0
0
0
0
0
0
0
0
0
0
0
0
0
0
0
0
0
0
0
0
0
0
0
0
0
0
0
0
0
0
0
0
0
0
0
0
0
0
0
0
0
0
0
0
0
0
0
0
0
0
0
0
0
0
0
0
0
0
0
0
0
0
0
0
0
0
0
0
0
0
0
0
____________________________________
Tue Apr  9 02:46:58 2024


PARAMETERS
NUMBER_NEURON = 6
VOLTAGE_TRESHOLD = 1.5
LEARNING_RATE = 0.1
LEAK_RATE = 1.5
TIME_ITERATION = 500
ITERATION_SPIKE_IN = 5
THRESHOLD_COORDINATES = 0.047
THRESHOLD_GYROSCOPE = 0.03  0.03  1.9   
0
4.996
-2
-2
-2
-2
-2
0
0
0
0
0
0
2
2
2
0
0
0
0
0
0
2
-2
2
-2
2
0
0
0
0
0
2
2
2
-2
-2
0
0
0
0
0
2
-2
2
-2
2
0
0
0
0
0
2
-2
2
2
2
0
0
0
0
0
2
-2
7
-2
-2
-2
2
0
0
0
2
2
2
2
-2
2
0
0
0
0
2
2
-2
2
7
-3
2
-3
2
2
2
-3
2
-2
-2
0
0
0
0
2
2
2
-3
0
0
0
0
0
0
2
2
7
-2
2
-3
0
0
0
0
2
7
-2
2
-2
2
0
0
0
0
2
4.472
-2
2
-2
2
0
0
0
0
2
7
-2
-2
-2
2
0
0
0
0
2
4.392
-2
4.384
2
4.376
2
0
0
0
2
-2
-2
4.344
2
-2
2
0
0
0
2
-2
-2
-2
-2
4.296
0
0
0
0
2
-2
-2
-2
2
2
0
0
0
0
2
7
-3
0
2
-2
2
0
0
0
2
7
-2
2
4.18
-2
0
0
0
0
2
-2
-2
2
2
-2
0
0
0
0
2
-2
-2
7
-3
2
0
0
0
0
2
7
-3
0
2
-2
0
0
0
0
2
-2
4.028
-2
-2
7
2
0
0
0
2
-2
-2
-2
-2
-2
0
0
0
0
2
-2
-2
7
-2
-2
0
0
0
0
2
3.912
-2
0
2
-2
0
0
0
0
2
7
-2
0
2
-2
0
0
0
0
2
7
-3
0
2
-2
0
0
0
0
2
7
-3
0
2
-2
0
0
0
0
2
7
-3
0
2
-2
0
0
0
0
2
7
-3
0
2
-2
0
0
0
0
2
7
-3
0
2
-2
0
0
0
0
2
7
-3
0
2
3.616
2
0
0
0
2
7
-3
0
2
-2
0
0
0
0
2
7
-3
0
2
-2
0
0
0
0
2
7
-3
0
2
-2
0
0
0
0
2
7
-3
0
2
-2
0
0
0
0
2
7
-3
0
2
-2
0
0
0
0
2
7
-3
0
2
3.376
2
0
0
0
2
7
-3
0
2
-2
0
0
0
0
2
7
-3
2
-2
-2
0
0
0
0
2
7
-3
0
2
-2
0
0
0
0
2
7
-3
2
-2
-2
0
0
0
0
2
7
-3
0
2
-2
0
0
0
0
2
7
-3
0
2
-2
0
0
0
0
2
7
-3
0
2
-2
0
0
0
0
2
7
-3
0
2
-2
0
0
0
0
2
7
-3
0
2
-2
0
0
0
____________________________________
Tue Apr  9 03:37:25 2024


PARAMETERS
NUMBER_NEURON = 6
VOLTAGE_TRESHOLD = 1.6
LEARNING_RATE = 0.1
LEAK_RATE = 1.5
TIME_ITERATION = 500
ITERATION_SPIKE_IN = 5
THRESHOLD_COORDINATES = 0.047
THRESHOLD_GYROSCOPE = 0.03  0.03  1.9   
____________________________________
Tue Apr  9 03:37:25 2024


PARAMETERS
NUMBER_NEURON = 6
VOLTAGE_TRESHOLD = 1.6
LEARNING_RATE = 0.1
LEAK_RATE = 1.5
TIME_ITERATION = 500
ITERATION_SPIKE_IN = 5
THRESHOLD_COORDINATES = 0.047
THRESHOLD_GYROSCOPE = 0.03  0.03  1.9   
0
0
0
0
0
0
0
0
0
0
0
0
0
0
0
0
0
0
0
0
0
0
0
0
0
0
0
0
0
0
0
0
0
0
0
0
0
0
0
0
0
0
0
0
0
0
0
0
0
0
0
0
0
0
0
0
0
0
0
0
0
0
0
0
0
0
0
0
0
0
0
