____________________________________
Wed Apr  3 15:12:12 2024


PARAMETERS
NUMBER_NEURON = 6
VOLTAGE_TRESHOLD = 1.2
LEARNING_RATE = 0.1
LEAK_RATE = 1.5
TIME_ITERATION = 500
ITERATION_SPIKE_IN = 5
THRESHOLD_COORDINATES = 0.03
THRESHOLD_GYROSCOPE = 0.03  0.03  1.9   
____________________________________
Wed Apr  3 15:12:12 2024


PARAMETERS
NUMBER_NEURON = 6
VOLTAGE_TRESHOLD = 1.2
LEARNING_RATE = 0.1
LEAK_RATE = 1.5
TIME_ITERATION = 500
ITERATION_SPIKE_IN = 5
THRESHOLD_COORDINATES = 0.03
THRESHOLD_GYROSCOPE = 0.03  0.03  1.9   
0
2.996
-3.008
0
-3.016
0
0.976
3
2.968
0
0
3
-2.048
0
0
-2.06
2.936
-2.068
3
0
0
3
0
0
-2.096
-2.1
5
0.892
0
0
0
0
3
0
0
-2.14
0.856
0
0
0
0
0
3
0
2.824
0
-2.184
0.812
0
0
0
3
0.792
0
0
-2.22
-2.224
2.772
0
0
0
0
3
0
-2.256
3
0.736
2.732
2.728
0
0
0.716
3
0
-3.296
2.7
0
0
0
0
0
3
3
0
0
0.66
-2.344
5
0
0
0
3
0
0
-2.376
3
0
0.612
-2.392
0
0
3
-2.408
-2.412
3
-2.42
-2.424
0
0
0
0
3
0.552
-2.452
3
0
-2.464
0
0
0
0
3
-2.488
0.508
0.504
0
3
0
0
0
0
3
-2.528
0
0.464
0.46
0
0
0
0
0
3
0.432
-2.572
0
0.42
0.416
0
0
0
0
3
0.392
0.388
0.384
0.38
3
0
0
0
0
3
-2.648
3
0
0.34
0.336
0
0
0
0
3
0
-2.692
0.304
0.3
3
0
0
0
0
3
0
0
0.264
2.26
0
0
0
0
0
0.236
0
0
0.224
-2.78
0.216
0
0
0
0
3
0
5
-2.816
-2.82
0
0
0
0
0
3
-2.848
3
0
0
3
0
0
0
0
3
-2.888
0.108
0
-2.9
0
0
0
0
0
0.076
0
0.068
-2.936
3
0
0
0
0
0
3
3
0
3
0
-2.984
0
0
0
0
3
0
3
0
-0.02
-3.024
0
0
0
0
3
-3.048
1.948
-3.056
3
0
0
0
0
0
3
-0.088
-3.092
-0.096
3
0
0
0
0
0
3
-0.128
0
-0.136
-3.14
3
0
0
0
0
3
-0.168
-3.172
-0.176
3
-3.184
0
0
0
0
3
-0.208
-0.212
-3.216
3
0
0
0
0
0
-0.244
-0.248
-0.252
-0.256
3
-3.264
0
0
0
0
3
-0.288
-0.292
-0.296
-0.3
-3.304
0
0
0
0
-0.324
-0.328
-0.332
-0.336
3
-3.344
0
0
0
0
-0.364
3
-0.372
-0.376
3
-3.384
0
0
0
0
3
-0.408
-0.412
-0.416
3
-3.424
0
0
0
0
-0.444
-0.448
-0.452
-0.456
-0.46
-3.464
0
0
0
0
3
-0.488
3
-0.496
-0.5
3
0
0
0
0
3
-3.528
3
3
3
0
0
0
0
0
-0.564
-0.568
-0.572
0
-0.58
0
3
0
0
0
3
-0.608
0
3
3
0
0
0
0
0
-0.644
-3.648
-0.652
3
0
1.336
0
0
0
0
5
-3.688
3
1.304
-3.7
5
0
0
0
0
3
0
-3.732
3
3
0
0
0
0
0
-0.764
0
-0.772
-3.776
-0.78
-3.784
0
0
0
0
-0.804
-0.808
-0.812
3
3
-3.824
0
0
0
0
3
-0.848
-0.852
-0.856
3
0
0
0
0
0
3
-0.888
0
-0.896
-0.9
-3.904
0
0
0
0
3
-0.928
3
-0.936
-0.94
0
0
0
0
0
3
0
-0.972
-0.976
-0.98
-3.984
-0.988
0
0
____________________________________
Wed Apr  3 15:58:46 2024


PARAMETERS
NUMBER_NEURON = 6
VOLTAGE_TRESHOLD = 1.2
LEARNING_RATE = 0.1
LEAK_RATE = 1.5
TIME_ITERATION = 500
ITERATION_SPIKE_IN = 5
THRESHOLD_COORDINATES = 0.03
THRESHOLD_GYROSCOPE = 0.03  0.03  1.9   
0
-0.004
-3.008
-3.012
-3.016
0.98
0
0
0
0
0
0
2.952
3
2.944
0
2.936
3
3
0.924
5
-2.084
-2.088
-2.092
-2.096
-2.1
2.896
0
0
0
0
0
0
2.868
0.864
-2.14
0.856
0
0
0
0
0
3
-2.172
2.824
3
2.816
0
0
0
0
0
0.792
-2.212
0
-2.22
1
1
0
0
0
0
0.752
-2.252
0.744
0.74
0
0
0
0
0
0
2.712
0.708
0.704
0.7
0.696
0
0
0
0
0
3
-2.332
3
0
-2.344
0
0
0
0
0
3
-2.372
0.624
0.62
0.616
0
0
0
0
0.596
3
0
2.584
-2.42
0
0
0
0
0
0.556
2.552
-3.452
0
3
0.536
0
0
0
0
3
2.512
-3.492
0
0.5
3
0
0
0
0
0.476
5
-3.532
0
3
0.456
0
0
0
0
3
2.432
-3.572
0
0.42
0.416
0
0
0
0
3
5
-3.612
0
0.38
3
0.372
0
0
0
0.356
2.352
-2.652
0.344
0
-2.664
0
0
0
0
0.316
2.312
-2.692
0.304
0.3
0
0
0
0
0
0.276
2.272
-2.732
0.264
0.26
0
0
0
0
0
3
2.232
-2.772
3
-2.78
0.216
0
0
0
0
0.196
2.192
-2.812
0
3
-2.824
0
0
0
0
3
2.152
-2.852
0.144
-2.86
0
0
0
0
0
0.116
5
2.108
-3.896
0
0
0
0
0
0
3
2.072
5
-3.936
0
0
0
0
0
0
0.036
2.032
2.028
-3.976
0
0
0
0
0
0
3
1.992
5
-4.016
0
0
0
0
0
0
-0.044
1.952
1.948
-4.056
0
0
0
0
0
0
3
1.912
1.908
0
0
0
0
0
0
0
-0.124
1.872
-3.132
0
3
-3.144
0
0
0
0
3
1.832
1.828
-4.176
0
0
0
0
0
0
-0.204
1.792
1.788
-4.216
0
0
0
0
0
0
3
1.752
1.748
-4.256
0
0
0
0
0
0
3
5
1.708
-4.296
0
0
0
0
0
0
-0.324
1.672
5
-4.336
0
0
0
0
0
0
-0.364
1.632
1.628
-4.376
0
0
0
0
0
0
5
5
1.588
-4.416
0
0
0
0
0
0
-0.444
1.552
1.548
-4.456
0
0
0
0
0
0
1.516
1.512
1.508
-3.496
0
0
0
0
0
0
3
5
1.468
-3.536
0
0
0
0
0
0
1.436
1.432
1.428
-3.576
0
0
0
0
0
0
1.396
1.392
1.388
5
-4.62
0
0
0
0
0
-0.644
1.352
1.348
-3.656
3
0
0
0
0
0
1.316
5
1.308
-4.696
0
0
0
0
0
0
-0.724
1.272
1.268
-3.736
0
0
0
0
0
0
3
1.232
1.228
-3.776
0
0
0
0
0
0
3
1.192
1.188
1.184
-3.82
0
0
0
0
0
3
5
1.148
-4.856
0
0
0
0
0
0
-0.884
5
1.108
1.104
0
0
0
0
0
0
-0.924
-0.928
1.068
0
0
0
0
0
0
0
-0.964
1.032
1.028
-4.976
0
0
0
0
0
____________________________________
Wed Apr  3 16:39:15 2024


PARAMETERS
NUMBER_NEURON = 6
VOLTAGE_TRESHOLD = 1.2
LEARNING_RATE = 0.1
LEAK_RATE = 1.5
TIME_ITERATION = 500
ITERATION_SPIKE_IN = 5
THRESHOLD_COORDINATES = 0.03
THRESHOLD_GYROSCOPE = 0.03  0.03  1.9   
0
0.996
-2.008
0
0
-3.02
2.976
-2.028
0.968
0.964
0
0.956
-2.048
0
2.944
-3.06
0.936
3
0
0
0
3
3
0
-3.096
2.9
-2.104
0.892
0
0
0
3
0
0
-2.136
-2.14
3
0
0
0
0
3
3
0
-2.176
0
-2.184
0
0
0
0
3
0
0
-2.216
0.78
-2.224
0
0
0
0
0.756
3
-2.252
0
0.74
-2.264
0
0
0
0
3
3
2.708
-2.296
0
0
0
0
0
0
3
-2.328
0
3
0
0
0
0
0
0
3
-2.368
2.628
-2.376
0
0
0
0
0
0
0.596
-2.408
2.588
-2.416
0
0
0
0
0
0
0.556
-2.448
0.548
0
0
0
0
0
0
0
0.516
-2.488
3
0
0
0
0
0
0
0
3
-2.528
3
0
0
0
0
0
0
0
0.436
-2.568
3
-2.576
0
0
0
0
0
0
0.396
-2.608
3
-2.616
3
-2.624
1
0
1
0
3
3
0.348
0.344
0
0
0
0
0
0
3
-2.688
1
3
0.3
0.296
0
0
0
0
3
-2.728
0
3
0.26
0.256
1
0
0
0
3
-2.768
3
0
0.22
0.216
0
0
0
0
0.196
-2.808
0.188
0
3
0.176
0
0
0
0
3
-2.848
3
0.144
0.14
0.136
0
0
0
0
3
0
3
-2.896
5
0
0
0
0
0
3
0
3
0
0.06
0
0
0
0
0
3
0
0
0.024
-2.98
3
0
0
0
0
-0.004
0
-0.012
-3.016
-0.02
3
0
0
0
0
3
-3.048
3
-3.056
-0.06
-3.064
0
0
0
0
-0.084
-0.088
-0.092
-0.096
3
0
0
0
0
0
3
0
-0.132
-0.136
-3.14
1.856
0
0
0
0
-0.164
-3.168
-0.172
-0.176
-0.18
-0.184
0
0
0
0
3
-0.208
-0.212
3
-0.22
-3.224
0
0
0
0
3
-0.248
-0.252
-0.256
-0.26
0
0
0
0
0
3
0
-0.292
-0.296
-0.3
0
0
0
0
0
3
-3.328
-0.332
3
-0.34
-3.344
3
0
0
0
-0.364
-0.368
-0.372
-0.376
-0.38
-0.384
0
0
0
0
3
-0.408
3
-0.416
3
0
0
0
0
0
3
-3.448
3
3
3
0
0
0
0
0
-0.484
0
0
3
-0.5
-4.504
0
0
0
0
3
-0.528
-3.532
3
-0.54
0
0
0
0
0
-0.564
-0.568
-3.572
3
-0.58
0
-0.588
0
0
0
-0.604
-0.608
-0.612
-0.616
-0.62
1.376
0
0
0
0
3
0
-0.652
-0.656
-0.66
0
3
0
0
0
-0.684
-0.688
-0.692
-0.696
-0.7
-3.704
0
0
0
0
3
-0.728
-0.732
-0.736
3
-0.744
0
5
0
0
-0.764
3
-0.772
-0.776
1.22
3
0
0
0
0
3
3
-3.812
-0.816
3
1.176
0
0
0
0
-0.844
-3.848
-0.852
3
-0.86
-3.864
0
0
0
0
3
-0.888
-0.892
-0.896
-0.9
3
0
0
0
0
3
3
1.068
1.064
3
0
0
0
0
0
-0.964
-3.968
-0.972
3
3
0
0
0
0
____________________________________
Wed Apr  3 17:25:37 2024


PARAMETERS
NUMBER_NEURON = 6
VOLTAGE_TRESHOLD = 1.3
LEARNING_RATE = 0.1
LEAK_RATE = 1.5
TIME_ITERATION = 500
ITERATION_SPIKE_IN = 5
THRESHOLD_COORDINATES = 0.03
THRESHOLD_GYROSCOPE = 0.03  0.03  1.9   
____________________________________
Wed Apr  3 17:25:37 2024


PARAMETERS
NUMBER_NEURON = 6
VOLTAGE_TRESHOLD = 1.3
LEARNING_RATE = 0.1
LEAK_RATE = 1.5
TIME_ITERATION = 500
ITERATION_SPIKE_IN = 5
THRESHOLD_COORDINATES = 0.03
THRESHOLD_GYROSCOPE = 0.03  0.03  1.9   
0
2.996
0
-3.012
0
-3.02
0.976
0
0
0
0
0
2.952
0
-2.056
-2.06
0.936
0
0
0
0
0
0.912
2.908
-2.096
0.9
0
0
0
0
0
0
2.872
2.868
0
0.86
0.856
0
0
0
0
2.836
-2.168
0.828
0
-2.18
2.816
0
0
0
0
0.796
0
-2.212
3
0
0
0.772
0
0
0
0.756
-2.248
0
-2.256
0.74
2.736
0
0
0
0
3
2.712
-2.292
0.704
0
0
0
0
0
0
0.676
2.672
-2.332
0.664
0.66
0
0
0
0
0
3
2.632
-3.372
3
-2.38
3
0
0
0
0
0.596
0
0.588
0
0.58
0.576
0
0
0
0
0.556
0
2.548
0.544
0
3
0
0
0
0
3
0
0.508
0
0.5
0
0
0
0
0
0.476
-2.528
0.468
3
0.46
0
0
0
0
0
0.436
0
0.428
-3.576
0.42
3
0
0
0
0
3
-2.608
2.388
-2.616
0.38
-2.624
0
0
0
0
3
-2.648
3
0
3
5
0
0
0
0
3
0
0.308
0
0.3
-2.704
0
0
0
0
0.276
-2.728
0.268
0
3
3
0
0
0
0
0.236
-2.768
0.228
0
3
3
0
0
0
0
3
0
0.188
-2.816
-2.82
0.176
0
0
0
0
3
-2.848
0
3
-2.86
0
0
0
0
0
3
-2.888
0
0.104
-2.9
0
0
0
0
0
3
-2.928
0
3
-2.94
0
0
0
0
0
3
-2.968
0
3
-2.98
0
0
0
0
0
3
-3.008
0
3
-3.02
0
0
0
0
0
-0.044
-3.048
0
-0.056
-0.06
0
0
0
0
0
3
-3.088
0
3
-0.1
-0.104
0
0
0
0
-0.124
-3.128
0
0
-0.14
1.856
0
0
0
0
3
-3.168
0
0
-0.18
3
0
0
0
0
3
-3.208
0
0
3
-0.224
0
0
0
0
3
3
3
-0.256
-3.26
0
0
0
0
0
-0.284
-0.288
-0.292
5
0
0
0
0
0
0
3
-0.328
-0.332
-0.336
3
-0.344
0
0
0
0
3
3
-0.372
-3.376
0
0
0
0
0
0
3
0
3
3
-0.42
3
0
0
0
0
3
0
-0.452
-3.456
0
0
0
0
0
0
-0.484
0
3
-3.496
0
0
0
0
0
0
3
0
-0.532
-0.536
3
3
0
0
0
0
3
0
-0.572
-3.576
0
0
0
0
0
0
3
0
3
-3.616
0
0
0
0
0
0
3
0
3
-3.656
0
0
0
0
0
0
-0.684
0
3
3
-3.7
0
0
0
0
0
3
-3.728
0
3
-0.74
3
0
0
0
0
-0.764
-3.768
-0.772
-0.776
3
3
0
0
0
0
3
-3.808
3
-0.816
-0.82
3
0
0
0
0
-0.844
3
3
-3.856
0
0
0
0
0
0
-0.884
-3.888
0
-0.896
3
3
0
0
0
0
-0.924
-0.928
-3.932
0
-0.94
-3.944
0
0
0
0
3
3
-0.972
-3.976
0
0
0
0
0
____________________________________
Wed Apr  3 18:08:50 2024


PARAMETERS
NUMBER_NEURON = 6
VOLTAGE_TRESHOLD = 1.3
LEARNING_RATE = 0.1
LEAK_RATE = 1.5
TIME_ITERATION = 500
ITERATION_SPIKE_IN = 5
THRESHOLD_COORDINATES = 0.03
THRESHOLD_GYROSCOPE = 0.03  0.03  1.9   
0
0.996
-2.008
-3.012
-2.016
2.98
3
0
0
0
0
0
3
0.948
0
-2.06
0
0.932
-2.072
3
0
0.916
-2.088
0
-2.096
3
2.896
0
0
0
0
0
0.872
-2.132
0.864
3
-2.144
0
0
0
0
0
0.832
-2.172
3
0
3
3
0
0
0
3
-2.208
0
0.784
-2.22
0.776
0
0
0
0
3
0
-2.252
3
-2.26
0
0
0
0
0
0
0.712
0.708
0.704
0.7
0
3
0
-2.316
-2.32
3
3
2.668
3
3
-2.344
-2.348
0.648
-2.356
3
-2.364
3
-2.372
3
0.62
2.616
-2.388
0
0
0
0
3
0.588
0.584
-2.42
3
0
3
0.564
3
0
0.552
0.548
-2.456
0.54
0
0
3
0
0.52
0.516
-2.488
0.508
0.504
0.5
-2.504
0.492
-3.512
3
-2.52
3
0.472
0.468
3
0.46
-2.544
0.452
-2.552
0
0
0.436
0.432
0.428
0.424
3
-2.584
3
-2.592
0
0
3
0.392
3
-2.616
0.38
0
3
-2.632
0
0
3
0.352
3
0.344
0.34
0
3
0
0
0
3
0.312
-2.692
-2.696
0.3
-2.704
0
0
0
0
0.276
3
2.268
2.264
-2.74
0
0
0
0
0
0.236
3
-2.772
0.224
0.22
-2.784
0
0
0
0
0.196
0.192
0.188
0.184
3
0
0.172
0
0
0
0.156
0.152
0.148
-2.856
0.14
-2.864
0
0
0
0
3
0.112
0.108
3
0.1
0
0
3
-3.916
0
3
0.072
0.068
0.064
3
-2.944
-2.948
0
0
0
0.036
3
0.028
0.024
3
-2.984
0
0
0
0
-0.004
3
3
3
3
0
0
0
0
0
3
0
-0.052
-0.056
0
-3.064
-0.068
-3.072
0
0
3
-0.088
3
0
-0.1
0
0
0
0
0
-0.124
0
3
-0.136
0
-3.144
-0.148
0
0
0
3
3
0
-0.176
0
-3.184
3
0
0
0
-0.204
-3.208
3
-0.216
0
-0.224
-4.228
0
0
0
3
-0.248
3
-3.256
3
-3.264
-0.268
-4.272
0
0
3
-0.288
-0.292
-0.296
-0.3
-3.304
3
-3.312
0
0
-0.324
-0.328
-0.332
3
3
3
-4.348
0
0
0
-0.364
-0.368
-0.372
-0.376
-0.38
-0.384
-4.388
0
0
0
3
-0.408
-0.412
-0.416
-0.42
-0.424
-0.428
0
0
0
3
-0.448
-0.452
-0.456
3
-0.464
-3.468
0
0
0
-0.484
-0.488
3
-0.496
-0.5
-0.504
3
0
0
0
-0.524
-0.528
-0.532
3
-0.54
-0.544
-3.548
0
0
0
-0.564
-0.568
3
-0.576
-0.58
3
-3.588
0
0
0
3
-0.608
-0.612
-0.616
-0.62
-0.624
-3.628
0
0
0
-0.644
-0.648
-0.652
-0.656
-0.66
-0.664
3
-0.672
-3.676
0
0
-0.688
3
-0.696
-0.7
-0.704
-0.708
-0.712
-3.716
0
0
-0.728
-0.732
-0.736
-0.74
-0.744
0
0
0
0
-0.764
3
-0.772
-0.776
-0.78
-0.784
0
0
0
0
-0.804
-0.808
-0.812
-0.816
-0.82
3
0
0
0
0
3
-0.848
-0.852
-0.856
-0.86
-0.864
0
0
0
0
3
3
-0.892
-0.896
1.1
3
0
0
0
0
3
1.072
-0.932
-0.936
-0.94
-0.944
0
0
0
0
3
-0.968
-0.972
-0.976
-0.98
1.016
0
0
0
____________________________________
Wed Apr  3 19:00:51 2024


PARAMETERS
NUMBER_NEURON = 6
VOLTAGE_TRESHOLD = 1.3
LEARNING_RATE = 0.1
LEAK_RATE = 1.5
TIME_ITERATION = 500
ITERATION_SPIKE_IN = 5
THRESHOLD_COORDINATES = 0.03
THRESHOLD_GYROSCOPE = 0.03  0.03  1.9   
0
0.996
-2.008
-3.012
-3.016
2.98
0
3
0.968
3
-2.04
-2.044
-2.048
3
-2.056
0.94
0.936
0.932
0.928
-2.076
3
-2.084
0.912
0.908
0.904
-2.1
0.896
0.892
0.888
3
0
3
-2.128
0
-3.136
0
0
0
0
0
0
0
0
0
0
0
0
0
0
0
0
0
0
0
0
0
0
0
0
0
0
0
0
0
0
0
0
0
0
0
0
0
0
0
0
0
0
0
0
0
0
0
0
0
0
0
0
0
0
0
0
0
0
0
0
0
0
0
0
0
0
0
0
0
0
0
0
0
0
0
0
0
0
0
0
0
0
0
0
0
0
0
0
0
0
0
0
0
0
0
0
0
0
0
0
0
0
0
0
0
0
0
0
0
0
0
0
0
0
0
0
0
0
0
0
0
0
0
0
0
0
0
0
0
0
0
0
0
0
0
0
0
0
0
0
0
0
0
0
0
0
0
0
0
0
0
0
0
0
0
0
0
0
0
0
0
0
0
0
0
0
0
0
0
0
0
0
0
0
0
0
0
0
0
0
0
0
0
0
0
0
0
0
0
0
0
0
0
0
0
0
0
0
0
0
0
0
0
0
0
0
0
0
0
0
0
0
0
0
0
0
0
0
0
0
0
0
0
0
0
0
0
0
0
0
0
0
0
0
0
0
0
0
0
0
0
0
0
0
0
0
0
0
0
0
0
0
0
0
0
0
0
0
0
0
0
0
0
0
0
0
0
0
0
0
0
0
0
0
0
0
0
0
0
0
0
0
0
0
0
0
0
0
0
0
0
0
0
0
0
0
0
0
0
0
0
0
0
0
0
0
0
0
0
0
0
0
0
0
0
0
0
0
0
0
0
0
0
0
0
0
0
0
0
0
0
0
0
0
0
0
0
0
0
0
0
0
0
0
0
0
0
0
0
0
0
0
0
0
0
0
0
0
0
0
0
0
0
0
0
0
0
0
0
0
0
0
0
0
0
0
0
0
0
0
0
0
0
0
0
0
0
0
0
0
0
0
0
0
0
0
0
0
0
0
0
0
0
0
0
0
0
0
0
0
0
0
0
0
0
0
0
0
0
0
0
0
0
0
0
0
0
0
0
0
0
0
0
0
0
0
0
0
0
0
0
0
0
0
0
0
0
0
0
0
0
0
0
0
0
0
0
0
0
0
0
0
0
0
0
____________________________________
Wed Apr  3 19:30:11 2024


PARAMETERS
NUMBER_NEURON = 6
VOLTAGE_TRESHOLD = 1.4
LEARNING_RATE = 0.1
LEAK_RATE = 1.5
TIME_ITERATION = 500
ITERATION_SPIKE_IN = 5
THRESHOLD_COORDINATES = 0.03
THRESHOLD_GYROSCOPE = 0.03  0.03  1.9   
____________________________________
Wed Apr  3 19:30:11 2024


PARAMETERS
NUMBER_NEURON = 6
VOLTAGE_TRESHOLD = 1.4
LEARNING_RATE = 0.1
LEAK_RATE = 1.5
TIME_ITERATION = 500
ITERATION_SPIKE_IN = 5
THRESHOLD_COORDINATES = 0.03
THRESHOLD_GYROSCOPE = 0.03  0.03  1.9   
0
3
-2.008
-3.012
-3.016
-2.02
0
0
0
0
0
0
0
0
0
0
0
0
0
0
0
0
0
0
0
0
0
0
0
0
0
0
0
0
0
0
0
0
0
0
0
0
0
0
0
0
0
0
0
0
0
0
0
0
0
0
0
0
0
0
0
0
0
0
0
0
0
0
0
0
0
0
0
0
0
0
0
0
0
0
0
0
0
0
0
0
0
0
0
0
0
0
0
0
0
0
0
0
0
0
0
0
0
0
0
0
0
0
0
0
0
0
0
0
0
0
0
0
0
0
0
0
0
0
0
0
0
0
0
0
0
0
0
0
0
0
0
0
0
0
0
0
0
0
0
0
0
0
0
0
0
0
0
0
0
0
0
0
0
0
0
0
0
0
0
0
0
0
0
0
0
0
0
0
0
0
0
0
0
0
0
0
0
0
0
0
0
0
0
0
0
0
0
0
0
0
0
0
0
0
0
0
0
0
0
0
0
0
0
0
0
0
0
0
0
0
0
0
0
0
0
0
0
0
0
0
0
0
0
0
0
0
0
0
0
0
0
0
0
0
0
0
0
0
0
0
0
0
0
0
0
0
0
0
0
0
0
0
0
0
0
0
0
0
0
0
0
0
0
0
0
0
0
0
0
0
0
0
0
0
0
0
0
0
0
0
0
0
0
0
0
0
0
0
0
0
0
0
0
0
0
0
0
0
0
0
0
0
0
0
0
0
0
0
0
0
0
0
0
0
0
0
0
0
0
0
0
0
0
0
0
0
0
0
0
0
0
0
0
0
0
0
0
0
0
0
0
0
0
0
0
0
0
0
0
0
0
0
0
0
0
0
0
0
0
0
0
0
0
0
0
0
0
0
0
0
0
0
0
0
0
0
0
0
0
0
0
0
0
0
0
0
0
0
0
0
0
0
0
0
0
0
0
0
0
0
0
0
0
0
0
0
0
0
0
0
0
0
0
0
0
0
0
0
0
0
0
0
0
0
0
0
0
0
0
0
0
0
0
0
0
0
0
0
0
0
0
0
0
0
0
0
0
0
0
0
0
0
0
0
0
0
0
0
0
0
0
0
0
0
0
0
0
0
0
0
0
0
0
0
0
0
0
0
0
0
0
0
0
0
0
0
0
0
0
0
0
0
0
0
____________________________________
Wed Apr  3 19:57:24 2024


PARAMETERS
NUMBER_NEURON = 6
VOLTAGE_TRESHOLD = 1.4
LEARNING_RATE = 0.1
LEAK_RATE = 1.5
TIME_ITERATION = 500
ITERATION_SPIKE_IN = 5
THRESHOLD_COORDINATES = 0.03
THRESHOLD_GYROSCOPE = 0.03  0.03  1.9   
0
0
0.992
2.988
-3.016
-3.02
-2.024
0
0
0
0
0
0
0.948
2.944
0
0
0
0
0
0
0
5
0.908
5
-2.1
3
-2.108
3
2.884
0
0.876
0
0
0
-2.14
3
3
0.848
-2.156
-2.16
0
2.832
0
2.824
-3.18
-2.184
3
0
0
0
0.796
2.792
-2.212
3
0
0
2.772
3
0
0
3
2.752
-2.252
0
-2.26
0
0.732
0
0
0
3
2.712
-2.292
2.704
-3.3
3
3
0
0
0
3
0.672
0
-2.336
3
3
2.652
0.648
3
3
3
-2.368
-2.372
3
0.62
2.616
0.612
-2.392
0
0
0.596
-2.408
0
-2.416
-2.42
-2.424
0
0
0
0
0.556
2.552
2.548
0
2.54
-2.464
0
0
0
0
0.516
2.512
-2.492
3
-2.5
0.496
0
0
0
0
5
0.472
0.468
2.464
-2.54
0.456
0
0
0
0
0.436
2.432
0
0.424
0
0.416
0
0
0
0
2.396
-2.608
2.388
-2.616
0.38
-2.624
0
0
0
0
0.356
2.352
-2.652
0
5
3
0
0
0
0
5
-2.688
0
5
-2.7
0.296
0
0
0
0
0.276
5
-2.732
0
0.26
3
0
0
0
0
3
-2.768
0
2.224
-2.78
3
0
0
0
0
0.196
0.192
0
0
2.18
-2.824
0
0
0
0
0.156
0.152
-2.852
0
2.14
-2.864
0
0
0
0
0.116
2.112
-2.892
0
3
3
0
0
0
0
2.076
2.072
-2.932
0
5
3
0
0
0
0
3
0.032
0
0
3
-2.984
0
0
0
0
3
-0.008
0
0
-0.02
-3.024
0
0
0
0
-0.044
-0.048
0
5
3
0
0
0
0
0
-0.084
1.912
-4.092
0
3
3
0
0
0
0
3
-0.128
-4.132
0
-0.14
3
0
0
0
0
3
-0.168
0
0
-0.18
3
0
0
0
0
3
1.792
0
0
-0.22
3
0
0
0
0
-0.244
-0.248
0
0
-0.26
3
0
0
0
0
-0.284
-0.288
0
0
-0.3
3
0
0
0
0
-0.324
1.672
-3.332
0
-0.34
3
0
0
0
0
-0.364
1.632
0
0
-0.38
3
0
0
0
0
3
3
-4.412
0
-0.42
3
0
0
0
0
3
0
0
1.544
-3.46
0
0
0
0
0
3
1.512
-3.492
-0.496
0
0
0
0
0
0
-0.524
1.472
-3.532
0
3
3
0
0
0
0
3
1.432
-3.572
-0.576
0
3
0
0
0
0
3
1.392
-3.612
3
-3.62
-0.624
0
0
0
0
1.356
1.352
0
3
-3.66
1.336
0
0
0
0
-0.684
-0.688
1.308
-0.696
-0.7
0
0
0
0
0
1.276
1.272
0
0
1.26
1.256
0
0
0
0
-0.764
1.232
-3.772
0
-0.78
3
0
0
0
0
-0.804
-0.808
-3.812
0
-0.82
3
0
0
0
0
1.156
-0.848
1.148
-0.856
0
0
0
0
0
0
3
-0.888
-3.892
0
3
3
0
0
0
0
3
1.072
-0.932
3
3
3
0
0
0
0
-0.964
-3.968
0
3
1.02
3
0
0
0
____________________________________
Wed Apr  3 20:41:35 2024


PARAMETERS
NUMBER_NEURON = 6
VOLTAGE_TRESHOLD = 1.4
LEARNING_RATE = 0.1
LEAK_RATE = 1.5
TIME_ITERATION = 500
ITERATION_SPIKE_IN = 5
THRESHOLD_COORDINATES = 0.03
THRESHOLD_GYROSCOPE = 0.03  0.03  1.9   
0
0.996
0
-3.012
-3.016
2.98
2.976
2.972
0.968
3
3
0
-3.048
0
-3.056
3
3
0
0
0
0
0
0.912
2.908
3
-2.1
0.896
3
5
0.884
0
0.876
2.872
0
0
-3.14
0.856
1
1
0
0
3
2.832
-2.172
-2.176
5
-2.184
3
3
0
0
3
2.792
-3.212
3
2.78
-2.224
0
0
0
0
0.756
0.752
0
0.744
-2.26
-2.264
0
0
0
0
0.716
2.712
-2.292
0.704
2.7
0
0
0
0
0
3
0.672
0
0.664
2.66
0
0
0
0
0
0.636
0.632
-3.372
0.624
2.62
0
0
0
0
0
0.596
2.592
2.588
-2.416
0
3
0
0
0
0
0.556
0
-3.452
0.544
2.54
0
0
0
0
0
0.516
0
-2.492
-2.496
0.5
0
0
0
0
0
3
3
0
2.464
-3.54
0
0
0
0
0
3
0
2.428
-3.576
0
0
0
0
0
0
3
2.392
-2.612
2.384
-3.62
0
0
0
0
0
0.356
2.352
0
2.344
-3.66
0
0
0
0
0
3
2.312
0
2.304
-3.7
0
0
0
0
0
0.276
2.272
0
2.264
-2.74
0
0
0
0
0
3
0.232
-2.772
0.224
0
0
0
0
0
0
5
2.192
0
0.184
-3.82
0
0
0
0
0
5
3
0
2.144
-3.86
0
0
0
0
0
0.116
2.112
-2.892
2.104
2.1
2.096
0
0
0
0
3
2.072
0
0
0.06
3
0
0
0
0
0.036
5
-2.972
-2.976
0
0.016
0
0
0
0
3
0
-0.012
-4.016
0
0
0
0
0
0
-0.044
-0.048
-3.052
0
3
1.936
0
0
0
0
-0.084
-3.088
5
3
1.9
0
0
0
0
0
-0.124
1.872
1.868
0
3
-3.144
0
0
0
0
3
-3.168
1.828
-4.176
0
0
0
0
0
0
-0.204
0
5
3
0
5
0
0
0
0
-0.244
-3.248
-0.252
0
0
0
0
0
0
0
3
-3.288
-0.292
5
-3.3
3
0
0
0
0
-0.324
1.672
0
0
-0.34
-0.344
0
0
0
0
3
1.632
0
0
-0.38
3
0
0
0
0
3
0
3
3
-3.42
0
0
0
0
0
-0.444
1.552
0
0
-0.46
3
0
0
0
0
-0.484
-3.488
3
5
-3.5
-3.504
0
0
0
0
1.476
-0.528
-4.532
0
0
0
0
0
0
0
-0.564
-0.568
-3.572
0
-0.58
-0.584
0
0
0
0
-0.604
1.392
-0.612
-4.616
0
0
0
0
0
0
3
1.352
1.348
-3.656
0
0
0
0
0
0
-0.684
-0.688
1.308
1.304
-3.7
0
0
0
0
0
-0.724
-0.728
1.268
3
-0.74
0
0
0
0
0
-0.764
-0.768
3
1.224
-0.78
0
0
0
0
0
-0.804
1.192
1.188
1.184
-3.82
0
0
0
0
0
3
1.152
-0.852
1.144
-3.86
-0.864
0
0
0
0
-0.884
1.112
-0.892
-0.896
3
-3.904
0
0
0
0
3
1.072
1.068
1.064
1.06
0
0
0
0
0
-0.964
-0.968
3
3
1.02
0
0
0
0
____________________________________
Wed Apr  3 21:25:24 2024


PARAMETERS
NUMBER_NEURON = 6
VOLTAGE_TRESHOLD = 1.5
LEARNING_RATE = 0.1
LEAK_RATE = 1.5
TIME_ITERATION = 500
ITERATION_SPIKE_IN = 5
THRESHOLD_COORDINATES = 0.03
THRESHOLD_GYROSCOPE = 0.03  0.03  1.9   
____________________________________
Wed Apr  3 21:25:24 2024


PARAMETERS
NUMBER_NEURON = 6
VOLTAGE_TRESHOLD = 1.5
LEARNING_RATE = 0.1
LEAK_RATE = 1.5
TIME_ITERATION = 500
ITERATION_SPIKE_IN = 5
THRESHOLD_COORDINATES = 0.03
THRESHOLD_GYROSCOPE = 0.03  0.03  1.9   
0
3
-2.008
0
-3.016
-3.02
2.976
2.972
0.968
3
0
0
3
-2.052
0
-2.06
3
0.932
3
0.924
0.92
-2.084
0
0
-3.096
-2.1
3
0
0
0
0
0
0
0
-2.136
0
0
0
0
0
0
0
0
0
3
0.82
0
0
0
0
0
0
0
0
0.784
0.78
0
0
0
0
0
0
0
0
2.744
3
3
0.732
3
-2.276
-2.28
-2.284
3
-2.292
2.704
-2.3
3
3
0
0
0
0
0
2.668
-2.336
0.66
3
3
3
0
0
0
0
2.628
-2.376
2.62
-2.384
0
0
0
0
0
0
0
0.584
-2.42
0
0
0
0
0
0
0
0
2.544
-2.46
0
0
0
0
0
0
0
0
0.504
-2.5
0
0
0
0
0
0
0
0
0.464
0.46
0
0
0
0
0
0
0
0
0.424
-2.58
0
0
0
0
0
0
0
0
2.384
0.38
0
0
0
0
0
0
0
0
2.344
-2.66
0
0
0
0
0
0
0
0
0.304
0.3
0
0
0
0
0
0
0
0
0.264
0.26
0
0
0
0
0
0
0
0
0.224
0.22
0
0
0
0
0
0
0
0
2.184
0.18
0
0
0
0
0
0
0
0
0.144
3
0
0
0
0
0
0
0
0
0.104
0.1
0
0
0
0
0
0
0
0
2.064
0.06
0
0
0
0
0
0
0
0
2.024
-2.98
0
0
0
0
0
0
0
0
1.984
3
0
0
0
0
0
0
0
0
5
-3.06
0
0
0
0
0
0
0
0
1.904
3
3
0
0
0
0
0
0
0
-0.136
-0.14
0
0
0
0
0
0
0
0
1.824
0
0
0
0
0
0
0
0
0
-0.216
-3.22
0
0
0
0
0
0
0
0
3
-0.26
0
0
0
0
0
0
0
0
5
-3.3
0
0
0
0
0
0
0
0
-0.336
3
0
0
0
0
0
0
0
0
-0.376
3
-0.384
0
0
0
0
0
0
0
-0.416
3
5
0
0
0
0
0
0
0
-0.456
3
-0.464
0
0
0
0
0
0
0
1.504
3
3
5
0
0
0
0
0
3
5
-3.54
0
0
0
0
0
0
0
-0.572
-0.576
-3.58
0
0
0
0
0
0
0
0
1.384
-3.62
0
0
0
0
0
0
0
0
1.344
-3.66
0
0
0
0
0
0
0
0
-0.696
3
0
0
0
0
0
0
0
0
1.264
-3.74
0
0
0
0
0
0
0
0
-0.776
3
0
0
0
0
0
0
0
0
-0.816
-0.82
0
0
0
0
0
0
0
0
3
3
0
0
0
0
0
0
0
0
-0.896
-3.9
1
0
0
0
0
0
0
0
-0.936
-0.94
0
0
0
0
0
0
0
0
-0.976
3
0
0
0
0
____________________________________
Wed Apr  3 22:01:38 2024


PARAMETERS
NUMBER_NEURON = 6
VOLTAGE_TRESHOLD = 1.5
LEARNING_RATE = 0.1
LEAK_RATE = 1.5
TIME_ITERATION = 500
ITERATION_SPIKE_IN = 5
THRESHOLD_COORDINATES = 0.03
THRESHOLD_GYROSCOPE = 0.03  0.03  1.9   
0
0
3
2.988
-3.016
-3.02
-2.024
3
0.968
0
0
0
0.952
0.948
-2.056
0
3
0
0
0
0
0
3
0.908
2.904
-2.1
0.896
-2.108
0
0
0
3
2.872
0.868
0
-3.14
2.856
0
0
0
0
0
0.832
-2.172
3
0
-2.184
0
0
0
0
0.796
2.792
3
-2.216
0
-3.224
0
0
0
0
0
3
0
-2.256
-2.26
0
0
0
0
0
0
3
0
0.704
0
3
0
0
0
0
3
-2.328
2.668
-2.336
0
0
0
0
0
0
3
0
-2.372
3
-2.38
-2.384
0
0
0
0
0
3
-2.412
0.584
0
0
0
0
0
0
3
0
-2.452
0
3
3
0
0
0
0
3
3
-2.492
3
0.5
-2.504
0
0
0
0
0.476
0
-2.532
0
3
2.456
0.452
0
0
0
3
0
0
3
3
-2.584
3
0
0
0
0.396
0
-2.612
3
0.38
-2.624
0
0
0
0
0.356
-2.648
3
0
0.34
0.336
1
1
0
0
0.316
0
3
0
3
0.296
1
1
0
0
3
0
-2.732
0.264
3
-2.744
0
0
0
0
3
0
2.228
-3.776
0
0
0
0
0
0
3
-2.808
0
5
3
-2.824
0
0
0
0
3
-2.848
0.148
3
0
3
0
0
0
0
3
-2.888
-2.892
5
0.1
0.096
0
0
0
0
0.076
3
-3.932
0
0
0
0
0
0
0
3
3
-2.972
5
0
0
0
0
0
0
-0.004
-0.008
3
0
0
0
0
0
0
0
3
-3.048
3
-3.056
3
0
0
0
0
0
3
3
0
0
-0.1
3
0
0
0
0
-0.124
-0.128
-4.132
0
0
0
0
0
0
0
3
-0.168
0
-3.176
3
0
0
0
0
0
3
-0.208
-3.212
-0.216
3
3
0
0
0
0
3
-0.248
-0.252
-3.256
0
0
0
0
0
0
3
-0.288
-0.292
-0.296
3
0
0
0
0
0
0
-0.328
3
-0.336
-3.34
3
0
0
0
0
0
3
-0.372
-0.376
-3.38
0
0
0
0
0
0
3
-0.412
3
-3.42
0
0
0
0
0
-0.444
-0.448
-0.452
-3.456
3
0
0
0
0
0
-0.484
-0.488
-0.492
-0.496
3
1.496
0
0
0
0
0
-0.528
-0.532
-0.536
3
-3.544
0
0
0
0
0
3
-0.572
3
-0.58
1.416
0
0
0
0
0
-0.608
-0.612
-0.616
3
0
0
0
0
0
3
-0.648
0
-0.656
-0.66
0
0
0
0
0
-0.684
-0.688
3
0
0
0
0
0
0
0
3
-0.728
0
0
3
3
-4.748
0
0
0
0
3
-0.772
3
0
0
0
0
0
0
3
-0.808
0
0
3
-0.824
-4.828
0
0
0
0
3
-0.852
-0.856
-3.86
1.136
0
0
0
0
-0.884
-0.888
3
-3.896
-0.9
0
0
0
0
0
3
3
-0.932
-3.936
0
0
0
0
0
0
3
-0.968
-0.972
-3.976
3
0
0
0
0
____________________________________
Wed Apr  3 22:45:25 2024


PARAMETERS
NUMBER_NEURON = 6
VOLTAGE_TRESHOLD = 1.5
LEARNING_RATE = 0.1
LEAK_RATE = 1.5
TIME_ITERATION = 500
ITERATION_SPIKE_IN = 5
THRESHOLD_COORDINATES = 0.03
THRESHOLD_GYROSCOPE = 0.03  0.03  1.9   
0
0
0.992
0
-3.016
-2.02
0
0
0
0
0
0
0
0.948
0.944
0.94
0
0
0
0
0
0
0
5
2.904
2.9
3
0
0
0
0
0
0.872
-2.132
-2.136
-2.14
0
0
0
0
0
0
0
5
2.824
5
3
0
0
0
0
0
0
0.788
0
0
-2.224
3
-2.232
0
0
0
0.752
2.748
2.744
-2.26
-2.264
5
0.728
0.724
0
0
0.712
2.708
2.704
-2.3
-2.304
0.692
0
0
0
0
0.672
0.668
2.664
0
0
-2.348
3
0
0
0
0
3
-2.376
5
-2.384
0
0
0
0
0
0
0.588
0.584
0.58
0.576
0.572
2.568
-2.436
0
0
0
0
3
3
3
-2.468
0
0
0
0
0
2.508
2.504
0.5
0
0
0
0
0
0
0
0.468
-2.536
0.46
-2.544
0
0
0
0
0
0
3
3
0.42
-2.584
0
0
0
0
0
0
3
5
3
-2.624
0
0
0
0
0
0
2.348
-2.656
2.34
-2.664
0
0
0
0
0
0
3
0.304
3
-2.704
0
0
0
0
0
0
0.268
0.264
5
-2.744
0
0
0
0
0
0
2.228
0.224
3
0.216
0
0
0
0
0
0
2.188
0.184
2.18
-2.824
0
0
0
0
0
0
0
3
0.14
0.136
0
0
0
0
0
0
0
2.104
0.1
0.096
0
0
0
0
0
0
0
5
0.06
0.056
-2.948
0
0
0
0
0
0
0.024
0.02
0
0
0
0
0
0
0
-0.012
-0.016
1.98
-3.024
0
0
0
0
0
0
0
-0.056
-0.06
0
0
0
0
0
0
0
-0.092
-0.096
5
1.896
0
0
0
0
0
0
0
-0.136
-0.14
0
0
0
0
0
0
0
-0.172
-3.176
0
0
0
0
0
0
0
0
1.788
-0.216
-0.22
-3.224
0
0
0
0
0
0
0
1.744
3
0
0
0
0
0
0
0
1.708
-0.296
1.7
1.696
0
0
0
0
0
0
0
1.664
-0.34
0
1
0
0
0
0
0
-0.372
-0.376
-0.38
-0.384
0
0
0
0
0
0
0
1.584
-0.42
1
0
0
0
0
0
0
-0.452
-0.456
-0.46
-3.464
0
0
0
0
0
0
0
-0.496
3
0
0
0
0
0
0
0
-0.532
-0.536
0
0
0
0
0
0
0
0
1.428
-0.576
0
0
0
0
0
0
0
0
-0.612
-0.616
0
0
0
0
0
0
0
0
1.348
-0.656
0
1
0
0
0
0
0
0
1.308
-0.696
0
0
0
0
0
0
0
0
-0.732
3
0
0
0
0
0
0
0
0
-0.772
3
3
-3.784
0
0
0
0
0
0
0
3
3
0
0
0
0
0
0
0
1.148
-0.856
1
0
0
0
0
0
0
0
5
-0.896
1
0
0
0
0
0
0
0
1.068
-0.936
0
0
0
0
0
0
0
0
-0.972
-0.976
0
0
0
0
0
____________________________________
Thu Apr  4 13:21:26 2024


PARAMETERS
NUMBER_NEURON = 6
VOLTAGE_TRESHOLD = 1.2
LEARNING_RATE = 0.1
LEAK_RATE = 1.5
TIME_ITERATION = 500
ITERATION_SPIKE_IN = 5
THRESHOLD_COORDINATES = 0.03
THRESHOLD_GYROSCOPE = 0.03  0.03  1.9   
____________________________________
Thu Apr  4 13:21:26 2024


PARAMETERS
NUMBER_NEURON = 6
VOLTAGE_TRESHOLD = 1.2
LEARNING_RATE = 0.1
LEAK_RATE = 1.5
TIME_ITERATION = 500
ITERATION_SPIKE_IN = 5
THRESHOLD_COORDINATES = 0.03
THRESHOLD_GYROSCOPE = 0.03  0.03  1.9   
0
0
____________________________________
Thu Apr  4 13:32:04 2024


PARAMETERS
NUMBER_NEURON = 6
VOLTAGE_TRESHOLD = 1.2
LEARNING_RATE = 0.1
LEAK_RATE = 1.5
TIME_ITERATION = 500
ITERATION_SPIKE_IN = 5
THRESHOLD_COORDINATES = 0.03
THRESHOLD_GYROSCOPE = 0.03  0.03  1.9   
____________________________________
Thu Apr  4 13:32:04 2024


PARAMETERS
NUMBER_NEURON = 6
VOLTAGE_TRESHOLD = 1.2
LEARNING_RATE = 0.1
LEAK_RATE = 1.5
TIME_ITERATION = 500
ITERATION_SPIKE_IN = 5
THRESHOLD_COORDINATES = 0.03
THRESHOLD_GYROSCOPE = 0.03  0.03  1.9   
0
____________________________________
Thu Apr  4 13:35:17 2024


PARAMETERS
NUMBER_NEURON = 6
VOLTAGE_TRESHOLD = 1.2
LEARNING_RATE = 0.1
LEAK_RATE = 1.5
TIME_ITERATION = 500
ITERATION_SPIKE_IN = 5
THRESHOLD_COORDINATES = 0.03
THRESHOLD_GYROSCOPE = 0.03  0.03  1.9   
____________________________________
Thu Apr  4 13:35:17 2024


PARAMETERS
NUMBER_NEURON = 6
VOLTAGE_TRESHOLD = 1.2
LEARNING_RATE = 0.1
LEAK_RATE = 1.5
TIME_ITERATION = 500
ITERATION_SPIKE_IN = 5
THRESHOLD_COORDINATES = 0.03
THRESHOLD_GYROSCOPE = 0.03  0.03  1.9   
0
2
____________________________________
Thu Apr  4 13:48:52 2024


PARAMETERS
NUMBER_NEURON = 6
VOLTAGE_TRESHOLD = 1.2
LEARNING_RATE = 0.1
LEAK_RATE = 1.5
TIME_ITERATION = 500
ITERATION_SPIKE_IN = 5
THRESHOLD_COORDINATES = 0.03
THRESHOLD_GYROSCOPE = 0.03  0.03  1.9   
____________________________________
Thu Apr  4 13:48:52 2024


PARAMETERS
NUMBER_NEURON = 6
VOLTAGE_TRESHOLD = 1.2
LEARNING_RATE = 0.1
LEAK_RATE = 1.5
TIME_ITERATION = 500
ITERATION_SPIKE_IN = 5
THRESHOLD_COORDINATES = 0.03
THRESHOLD_GYROSCOPE = 0.03  0.03  1.9   
0
2
