____________________________________
Sun Apr  7 12:15:29 2024


PARAMETERS
NUMBER_NEURON = 6
VOLTAGE_TRESHOLD = 0.9
LEARNING_RATE = 0.1
LEAK_RATE = 1.5
TIME_ITERATION = 500
ITERATION_SPIKE_IN = 5
THRESHOLD_COORDINATES = 0.047
THRESHOLD_GYROSCOPE = 0.03  0.03  1.9   
____________________________________
Sun Apr  7 12:15:29 2024


PARAMETERS
NUMBER_NEURON = 6
VOLTAGE_TRESHOLD = 0.9
LEARNING_RATE = 0.1
LEAK_RATE = 1.5
TIME_ITERATION = 500
ITERATION_SPIKE_IN = 5
THRESHOLD_COORDINATES = 0.047
THRESHOLD_GYROSCOPE = 0.03  0.03  1.9   
1
-3
-3
-2
5
-2
-2
1
1
0
0
0
-2
5
-2
2.94
0
0
0
0
0
0
1
-2
-2
0
0
0
0
0
0
0
1
1
0
1
1
0
0
0
0
0
1
-2
1
1
-2
0
0
0
0
0
1
-2
0
1
0
0
0
0
0
0
1
1
1
0
0
0
0
0
0
1
1
1
0
1
1
0
0
0
0
1
-2
1
0
1
1
0
0
0
0
1
1
-2
1
-2
0
0
0
0
0
1
1
-2
0
1
1
0
0
0
0
1
1
1
0
1
1
0
0
0
0
1
-2
5
1
-2
1
0
0
0
0
1
1
-2
1
1
1
0
0
0
0
1
1
-2
5
2.42
-2
0
0
0
0
1
1
-2
1
1
-2
0
0
0
0
1
1
-2
1
1
1
0
0
0
0
1
1
-2
1
1
-2
0
0
0
0
1
1
5
-2
1
0
0
0
0
0
1
1
-3
1
1
1
0
0
0
0
1
1
-2
1
1
5
-2
0
0
0
1
1
5
-3
1
0
0
0
0
0
1
1
-2
-2
1
1
-2
0
0
0
1
1
-2
5
2.06
-2
0
0
0
0
1
1
-2
1
-2
1
0
0
0
0
1
1
-2
5
-2
1
1
0
0
0
1
1
5
1.944
1.94
1.936
-2
1
-2
0
0
1
-2
-2
1
-2
0
0
0
0
1
-2
5
-2
-2
-2
0
0
0
0
1
1
5
-2
5
-2
0
0
0
0
1
-2
-2
1.784
1
1
1
0
0
0
1
-2
-2
1.744
-2
1
1
0
0
0
1
1
-2
1
1
-2
0
0
0
0
1
-2
-2
1
1
1
1
0
0
0
1
-2
-2
1
1
1
1
0
0
0
1
1
-2
-2
1
0
0
0
0
0
1
-2
1
-2
1
0
0
0
0
0
1
1
-2
1
5
-2
0
0
0
0
1
1
-2
1
1
1
1
0
0
0
1
1
-2
0
1
1
0
0
0
0
1
1
5
-2
1
-2
0
0
0
0
1
1
1.348
1.344
1.34
-2
0
0
0
0
1
1
-3
0
1
1
0
0
0
0
1
-2
-2
1
1
-2
0
0
0
0
1
1
-2
0
1
1
0
0
0
0
1
1
-2
0
1
1
0
0
0
0
1
1
-2
0
1
1
0
0
0
0
1
1
-2
0
1
1
0
0
0
0
1
1
-2
0
1
1
1
0
0
0
1
1
-2
0
1
1
1
0
0
____________________________________
Sun Apr  7 13:06:18 2024


PARAMETERS
NUMBER_NEURON = 6
VOLTAGE_TRESHOLD = 0.9
LEARNING_RATE = 0.1
LEAK_RATE = 1.5
TIME_ITERATION = 500
ITERATION_SPIKE_IN = 5
THRESHOLD_COORDINATES = 0.047
THRESHOLD_GYROSCOPE = 0.03  0.03  1.9   
0
-2
-3
-3
1
1
1
1
0
0
0
0
0
5
2.944
-2
-2
1
0
0
0
1
1
5
1
-2
1
1
-2
0
0
0
1
1
-2
-2
1
0
0
0
0
1
1
-2
0
1
1
1
0
0
0
1
1
5
-2
1
-2
0
0
0
0
1
1
-2
0
1
1
0
0
0
0
1
1
-2
0
1
1
0
0
0
0
1
1
-2
0
1
1
0
0
0
0
1
1
-3
0
1
1
1
0
0
0
1
1
5
-2
-2
-2
0
0
0
0
1
1
-2
1
-2
-2
0
0
0
0
1
1
1
5
-2
5
0
0
0
0
1
1
-3
0
1
1
0
0
0
0
1
1
-3
0
1
1
0
0
0
0
1
1
-2
-2
1
-2
0
0
0
0
1
1
1
-2
1
-2
0
0
0
0
1
1
1
1
-2
0
0
0
0
0
1
1
1
-2
1
-2
0
0
0
0
1
1
1
5
-2
1
0
0
0
0
1
1
-2
1
1
1
1
0
0
0
1
1
-2
0
1
1
0
0
0
0
1
1
-2
1
1
-2
0
0
0
0
1
1
1
-2
0
0
0
0
0
0
1
1
-2
1
-2
1
0
0
0
0
1
1
1
-2
0
0
0
0
0
0
1
1
1
-3
0
0
0
0
0
0
1
1
1
-2
0
0
0
0
0
0
1
1
1
-2
0
0
0
0
0
0
1
1
1
-2
1
-3
0
0
0
0
1
1
1
1
1
-3
0
0
0
0
1
1
1
1
-2
0
0
0
0
0
1
1
1
-2
1
-3
0
0
0
0
1
1
1
1
1
-3
0
0
0
0
1
1
1
1
1
-3
0
0
0
0
1
1
1
1
1
-3
0
0
0
0
1
1
1
1
1
-3
0
0
0
0
1
1
1
1
-2
1
0
0
0
0
1
1
1
-2
1
-3
0
0
0
0
1
1
1
1
1
-3
0
0
0
0
