____________________________________
Tue Apr  2 23:27:28 2024


PARAMETERS
NUMBER_NEURON = 6
VOLTAGE_TRESHOLD = 1
LEARNING_RATE = 0.1
LEAK_RATE = 1.5
TIME_ITERATION = 500
ITERATION_SPIKE_IN = 5
THRESHOLD_COORDINATES = 0.03
THRESHOLD_GYROSCOPE = 0.03  0.03  1.9   
____________________________________
Tue Apr  2 23:27:28 2024


PARAMETERS
NUMBER_NEURON = 6
VOLTAGE_TRESHOLD = 1
LEARNING_RATE = 0.1
LEAK_RATE = 1.5
TIME_ITERATION = 500
ITERATION_SPIKE_IN = 5
THRESHOLD_COORDINATES = 0.03
THRESHOLD_GYROSCOPE = 0.03  0.03  1.9   
0
2.996
-3.008
-3.012
-2.016
2.98
5
-2.028
0
-3.036
-2.04
3
-2.048
-2.052
-0.052
-2.06
-0.06
-0.06
-0.06
-0.06
-0.06
-0.06
3
5
-2.096
3
0.896
-0.104
-0.104
-0.104
-0.104
-0.104
3
0
-2.136
5
2.856
0.852
0.848
0
0.84
3
0
-2.172
5
-3.18
-2.184
0
3
-3.196
5
5
-2.208
2.788
0
2.78
-2.224
-0.224
-0.224
-0.224
-0.224
0.756
-2.248
2.748
-2.256
3
2.736
2.732
2.728
2.724
2.72
0.716
0
-2.292
-2.296
-2.3
-2.304
0.696
0.696
0.696
-0.304
3
-2.328
2.668
-2.336
2.66
0
2
2
2
2
2.636
0
-2.372
0.624
0
2
2
2
2
2
0.596
-2.408
3
2.584
-3.42
-0.42
-0.42
-0.42
-0.42
-0.42
0.556
2.552
-2.452
-0.452
2.54
3
2
2
2
2
0.516
2.512
-3.492
-0.492
3
5
2
2
2
2
0.476
-2.528
3
2.464
-2.54
-0.54
-0.54
-0.54
-0.54
-0.54
3
2.432
-3.572
-0.572
0.42
0.416
-0.584
-0.584
-0.584
-0.584
3
2.392
-2.612
3
2.38
2.376
-0.624
-0.624
-0.624
-0.624
0.356
0.352
-2.652
3
2.34
0
2
2
2
2
3
2.312
-3.692
-0.692
3
0.296
3
5
2
2
0.276
-2.728
2.268
0
3
2.256
-0.744
-0.744
-0.744
-0.744
0.236
-2.768
3
0
3
2.216
-0.784
-0.784
-0.784
-0.784
0.196
0
0.188
-2.816
0.18
0
2
2
2
2
2.156
-2.848
0.148
0.144
0
2
2
2
2
2
0.116
-2.888
2.108
0
3
0
2
2
2
2
0.076
2.072
-3.932
-0.932
3
5
3
2
2
2
0.036
2.032
-3.972
-0.972
0.02
0.016
-0.984
-0.984
-0.984
-0.984
-0.004
1.992
-4.012
-1.012
-0.02
-0.024
-1.024
-1.024
-1.024
-1.024
-0.044
1.952
0
2
-0.06
3
3
2
2
2
3
-0.088
-4.092
-1.092
-0.1
-0.104
-1.104
-1.104
-1.104
-1.104
3
-0.128
-3.132
-1.132
3
-0.144
-1.144
-1.144
-1.144
-1.144
-0.164
-0.168
-3.172
1.824
-0.18
0
2
2
2
2
-0.204
-0.208
1.788
0
-0.22
-3.224
-1.224
-1.224
-1.224
-1.224
-0.244
1.752
1.748
-3.256
1.74
5
2
2
2
2
-0.284
-0.288
-3.292
5
1.7
0
2
2
2
2
3
1.672
-3.332
1.664
-3.34
-1.34
-1.34
-1.34
-1.34
-1.34
3
1.632
0
2
-0.38
3
2
2
2
2
1.596
-0.408
0
2
1.58
5
2
2
2
2
1.556
1.552
-4.452
-1.452
-1.452
-1.452
-1.452
-1.452
-1.452
-1.452
-0.484
1.512
0
1.504
3
-3.504
-1.504
-0.504
-1.504
-1.504
3
-0.528
-3.532
3
-0.54
-3.544
-1.544
-1.544
-1.544
-1.544
-0.564
1.432
-0.572
0
2
2
2
2
2
2
-0.604
1.392
1.388
0
2
2
2
2
2
2
3
1.352
0
2
-0.66
-0.664
-1.664
-1.664
-1.664
-1.664
3
-0.688
0
2
-0.7
-0.704
-1.704
-1.704
-1.704
-1.704
-0.724
1.272
-4.732
-1.732
-1.732
-1.732
-1.732
-1.732
-1.732
-1.732
-0.764
-0.768
-0.772
-3.776
-1.776
-1.776
-1.776
-1.776
-1.776
-1.776
-0.804
-0.808
-0.812
-0.816
1.18
0
2
2
2
2
-0.844
1.152
-0.852
-0.856
5
0
2
2
2
2
3
1.112
1.108
-3.896
-1.896
-1.896
-1.896
-1.896
-1.896
-1.896
3
1.072
-0.932
5
-3.94
-0.944
-1.944
-1.944
-1.944
-1.944
3
1.032
-0.972
-3.976
3
2
2
2
2
____________________________________
Wed Apr  3 00:12:37 2024


PARAMETERS
NUMBER_NEURON = 6
VOLTAGE_TRESHOLD = 1
LEARNING_RATE = 0.1
LEAK_RATE = 1.5
TIME_ITERATION = 500
ITERATION_SPIKE_IN = 5
THRESHOLD_COORDINATES = 0.03
THRESHOLD_GYROSCOPE = 0.03  0.03  1.9   
2
3
0
-3.012
-3.016
2.98
-2.024
3
-2.032
-2.036
0.964
0.956
3
0.948
3
0.94
0.936
2.932
3
0.924
-2.08
-2.084
-2.088
3
0
3
3
-2.108
3
-2.116
-2.12
0.876
0
3
0
0
0
0
-2.152
3
-2.16
-2.164
3
-2.172
3
0
3
0
0
-2.196
0
0
0
3
2.784
0
-2.224
-2.228
3
-2.236
-2.24
-2.244
0.752
2.748
3
3
0.736
0.732
0.728
0.724
3
-2.284
3
-2.292
3
-2.3
-2.304
-2.308
-0.308
-0.308
-0.308
0.676
-0.324
0.668
3
3
3
0.652
3
3
-2.36
0.636
-2.368
3
-2.376
3
-2.384
0.612
-2.392
0.604
-0.396
3
3
-2.412
-2.416
3
-2.424
-0.424
-0.424
-0.424
-0.424
0.556
3
3
0
3
3
-2.468
3
3
-2.48
3
0
-2.492
3
-2.5
-2.504
3
-2.512
-0.512
-0.512
3
0
0
3
-2.54
-2.544
-2.548
0.448
0
2
3
0
3
-2.576
3
-2.584
0.412
-2.592
3
-2.6
0.396
0.392
-2.612
0.384
0.38
-2.624
3
-2.632
-0.632
-0.632
3
0.352
0.348
0.344
3
-2.664
0.332
3
2
2
0.316
3
0.308
3
-2.7
0.296
0.292
-0.708
-0.708
-0.708
0.276
0.272
3
-2.736
0.26
0
2
2
2
2
0.236
3
3
-2.776
0.22
-2.784
0.212
-2.792
-0.792
-0.792
2.196
0.192
3
3
-2.82
3
2
2
2
2
3
3
3
-2.856
0.14
-2.864
0.132
0.128
-0.872
-0.872
0.116
0.112
3
0.104
-2.9
2.096
-0.904
-0.904
-0.904
-0.904
0.076
0.072
0.068
3
0
2
2
2
2
2
3
0.032
0.028
0
0.02
0
3
-3.992
-0.992
-0.992
-0.004
3
-0.012
-3.016
3
-4.024
-1.024
-1.024
-1.024
-1.024
3
3
3
-0.056
0
2
2
2
2
2
-0.084
-0.088
3
0
-0.1
1.896
-3.108
-1.108
-1.108
-1.108
-0.124
3
3
0
-0.14
-4.144
-1.144
-1.144
-1.144
-1.144
3
-0.168
1.828
0
3
-4.184
-1.184
-1.184
-1.184
-1.184
3
3
0
3
0
-3.224
-1.224
-1.224
-1.224
-1.224
3
-0.248
-3.252
3
3
-4.264
-1.264
-1.264
-1.264
-1.264
3
-0.288
3
-3.296
-0.3
-3.304
-3.308
-1.308
-1.308
-1.308
3
3
3
-0.336
0
2
2
2
2
2
3
-0.368
3
0
3
-0.384
-4.388
-1.388
-1.388
-1.388
-0.404
-0.408
3
-0.416
0
2
2
2
2
2
3
3
1.548
1.544
1.54
0
2
2
2
2
-0.484
-0.488
1.508
1.504
1.5
0
2
2
2
2
3
-0.528
1.468
-3.536
3
-4.544
-1.544
-1.544
-1.544
-1.544
-0.564
-0.568
1.428
1.424
1.42
0
2
2
2
2
-0.604
3
1.388
-3.616
-0.62
-4.624
-1.624
-1.624
-1.624
-1.624
-0.644
-0.648
3
0
3
-0.664
-4.668
-1.668
-1.668
-1.668
3
3
3
0
-0.7
3
-4.708
-1.708
-1.708
-1.708
-0.724
-0.728
-0.732
1.264
1.26
0
2
2
2
2
5
-0.768
1.228
1.224
1.22
0
2
2
2
2
3
3
1.188
1.184
1.18
0
2
2
2
2
-0.844
3
1.148
0
3
-4.864
-1.864
-1.864
-1.864
-1.864
3
3
0
-0.896
-0.9
-4.904
-1.904
-1.904
-1.904
-1.904
3
-0.928
1.068
1.064
1.06
0
2
2
2
2
3
-0.968
1.028
1.024
-3.98
-1.98
-1.98
-1.98
-1.98
____________________________________
Wed Apr  3 01:04:25 2024


PARAMETERS
NUMBER_NEURON = 6
VOLTAGE_TRESHOLD = 1
LEARNING_RATE = 0.1
LEAK_RATE = 1.5
TIME_ITERATION = 500
ITERATION_SPIKE_IN = 5
THRESHOLD_COORDINATES = 0.03
THRESHOLD_GYROSCOPE = 0.03  0.03  1.9   
-1.98
3
-3.008
-3.012
-3.016
2.98
2.976
-0.024
-0.024
-0.024
-0.024
-0.024
2.952
0.948
3
-2.06
3
2
2
2
2
2
3
3
2.904
-2.1
3
2.892
-0.108
-0.108
-0.108
0.876
0
-2.132
0
-2.14
3
2
2
2
2
2.836
0
-2.172
-2.176
3
2
2
2
2
2
3
3
-2.212
3
3
0.776
-0.224
-0.224
-0.224
-0.224
0.756
3
0
0
0
-2.264
3
-2.272
-0.272
-0.272
0.716
3
0
-2.296
-2.3
2.696
-0.304
-0.304
-0.304
-0.304
3
3
0
-2.336
0
0.656
3
0
0.644
0.64
0
-2.368
-2.372
-2.376
3
-2.384
0.612
-0.388
-0.388
-0.388
3
0.592
-2.412
3
-2.42
0.576
-0.424
-0.424
-0.424
-0.424
3
3
-2.452
3
-2.46
-2.464
-0.464
-0.464
-0.464
-0.464
0.516
3
-2.492
3
-2.5
3
2
2
2
2
3
3
-2.532
0
-2.54
-2.544
-0.544
-0.544
-0.544
-0.544
3
3
-2.572
3
-2.58
0
2
2
2
2
2.396
3
-2.612
-2.616
3
0
2
2
2
2
0.356
3
2.348
-3.656
-0.656
-0.656
-0.656
-0.656
-0.656
-0.656
0.316
3
0
0
3
0
2
2
2
2
3
3
-3.732
-0.732
3
3
-3.748
-0.748
-0.748
-0.748
3
3
-2.772
0.224
-2.78
-2.784
-0.784
-0.784
-0.784
-0.784
3
3
2.188
-2.816
3
0
2
2
2
2
0.156
3
0
-2.856
-2.86
-2.864
-0.864
-0.864
-0.864
-0.864
0.116
3
2.108
-2.896
3
0
2
2
2
2
3
3
-2.932
0.064
3
-3.944
-0.944
-0.944
-0.944
-0.944
0.036
0.032
3
-2.976
-0.976
-0.976
-0.976
-0.976
-0.976
-0.976
3
3
3
0
2
2
2
2
2
2
-0.044
3
-3.052
3
3
-4.064
-1.064
-1.064
-1.064
-1.064
3
3
3
0
2
2
2
2
2
2
3
3
0
-0.136
3
-4.144
-1.144
-1.144
-1.144
-1.144
-0.164
-0.168
-3.172
3
1.82
0
2
2
2
2
1.796
3
-3.212
3
0
-4.224
-1.224
-1.224
-1.224
-1.224
1.756
3
1.748
0
3
-4.264
-1.264
-1.264
-1.264
-1.264
1.716
3
-3.292
1.704
3
-4.304
-1.304
-1.304
-1.304
-1.304
-0.324
-0.328
-3.332
3
1.66
-3.344
-1.344
-1.344
-1.344
-1.344
-0.364
3
3
0
2
2
2
2
2
2
1.596
3
1.588
-3.416
3
-4.424
-1.424
-1.424
-1.424
-1.424
-0.444
3
1.548
0
3
-4.464
-1.464
-1.464
-1.464
-1.464
1.516
3
1.508
0
3
-4.504
-1.504
-1.504
-1.504
-1.504
3
-0.528
0
3
-3.54
0
2
2
2
2
3
3
-3.572
-0.576
-3.58
-3.584
-1.584
-1.584
-1.584
-1.584
3
3
3
1.384
0
-3.624
-0.628
-1.628
-1.628
-1.628
3
3
5
-3.656
3
-4.664
-1.664
-1.664
-1.664
-1.664
-0.684
3
1.308
-3.696
3
0
2
2
2
2
-0.724
3
1.268
-3.736
3
0
2
2
2
2
-0.764
-0.768
0
3
1.22
-3.784
-1.784
-1.784
-1.784
-1.784
-0.804
3
1.188
-3.816
3
0
2
2
2
2
1.156
3
1.148
1.144
-3.86
1.136
-0.868
-1.868
-1.868
-1.868
3
3
1.108
-3.896
3
-4.904
-1.904
-1.904
-1.904
-1.904
3
-0.928
0
3
0
-3.944
-1.944
-1.944
-1.944
-1.944
3
3
0
3
0
2
2
2
2
____________________________________
Wed Apr  3 01:50:47 2024


PARAMETERS
NUMBER_NEURON = 6
VOLTAGE_TRESHOLD = 1
LEARNING_RATE = 0.1
LEAK_RATE = 1.5
TIME_ITERATION = 500
ITERATION_SPIKE_IN = 5
THRESHOLD_COORDINATES = 0.03
THRESHOLD_GYROSCOPE = 0.03  0.03  1.9   
2
2.996
-3.008
-3.012
0
-2.02
0.976
-0.024
-0.024
-0.024
-0.024
-0.024
2.952
-2.052
-2.056
0.94
0.936
-0.064
-0.064
-0.064
-0.064
-0.064
2.912
-2.092
0.904
3
0.896
3
2
2
2
2
2.872
-2.132
-2.136
2.86
-0.14
-0.14
-0.14
-0.14
-0.14
-0.14
2.832
-2.172
0.824
3
3
0.812
-0.188
-0.188
-0.188
-0.188
0.792
0
0.784
-2.22
-2.224
-0.224
-0.224
-0.224
-0.224
-0.224
3
3
0.744
0
-2.264
-0.264
-0.264
-0.264
-0.264
-0.264
0.712
-2.292
-2.296
-0.296
-0.296
-0.296
-0.296
-0.296
-0.296
-0.296
0.672
5
-3.336
0.66
-0.34
-0.34
-0.34
-0.34
-0.34
2.636
-2.368
5
0.624
-2.38
-2.384
-0.384
-0.384
-0.384
-0.384
-0.384
0.592
3
0.584
0
0.576
-0.424
-0.424
-0.424
-0.424
-0.424
3
-2.452
0.544
5
-2.464
-0.464
-0.464
-0.464
-0.464
-0.464
3
-2.492
5
3
0
2
2
2
2
0.476
-2.528
0.468
3
-2.54
0.456
-0.544
-0.544
-0.544
-0.544
3
-2.568
3
3
-2.58
0.416
-0.584
-0.584
-0.584
-0.584
0.396
0
3
3
0
3
2
2
2
2
3
-2.648
0.348
2.344
0.34
-0.66
-0.66
-0.66
-0.66
-0.66
0.316
0
0.308
0.304
-2.7
0.296
-0.704
-0.704
-0.704
-0.704
3
-2.728
3
-2.736
3
0
2
2
2
2
3
-2.768
0.228
2.224
0
3
2
2
2
2
3
0
0.188
2.184
-2.82
-0.82
-0.82
-0.82
-0.82
-0.82
3
0
3
3
2.14
0
2
2
2
2
3
-3.888
-0.888
0.104
0.1
0
2
2
2
2
0.076
2.072
-3.932
-0.932
0.06
0.056
-0.944
-0.944
-0.944
-0.944
0.036
-2.968
0.028
3
2.02
0
2
2
2
2
-0.004
1.992
-3.012
3
-3.02
5
2
2
2
2
-0.044
5
-4.052
-1.052
-1.052
-1.052
-1.052
-1.052
-1.052
-1.052
-0.084
1.912
5
-3.096
3
-0.104
0
2
2
2
-0.124
-0.128
-3.132
3
3
-3.144
-1.144
-1.144
-1.144
-1.144
-0.164
3
-3.172
5
3
-0.184
-1.184
-1.184
-1.184
-1.184
3
1.792
1.788
-3.216
-0.22
0
2
2
2
2
3
1.752
1.748
-3.256
-0.26
0
2
2
2
2
-0.284
1.712
1.708
-3.296
-0.3
-4.304
-1.304
-1.304
-1.304
-1.304
5
-0.328
1.668
1.664
-3.34
-0.344
-0.348
0
2
2
2
3
-0.372
-0.376
-3.38
-1.38
-1.38
-1.38
-1.38
-1.38
-0.404
-0.408
5
1.584
5
-4.424
-1.424
-1.424
-1.424
-1.424
3
-0.448
1.548
1.544
-3.46
-1.46
-1.46
-1.46
-1.46
-1.46
3
-0.488
1.508
5
1.5
-4.504
-1.504
-1.504
-1.504
-1.504
3
5
1.468
-3.536
5
3
0
2
2
2
-0.564
-0.568
1.428
-3.576
3
-0.584
-3.588
-1.588
-1.588
-1.588
1.396
-0.608
1.388
1.384
5
-4.624
-1.624
-1.624
-1.624
-1.624
5
1.352
5
-3.656
1.34
3
0
2
2
2
1.316
3
1.308
-3.696
-0.7
0
2
2
2
2
3
1.272
1.268
-4.736
-1.736
-1.736
-1.736
-1.736
-1.736
-1.736
-0.764
1.232
1.228
-3.776
-1.776
-1.776
-1.776
-1.776
-1.776
-1.776
3
1.192
1.188
1.184
-3.82
-1.82
-1.82
-1.82
-1.82
-1.82
3
1.152
1.148
1.144
1.14
-4.864
-1.864
-1.864
-1.864
-1.864
3
5
1.108
1.104
0
2
2
2
2
2
3
1.072
1.068
0
2
2
2
2
2
2
-0.964
1.032
1.028
0
2
2
2
2
2
____________________________________
Wed Apr  3 02:35:34 2024


PARAMETERS
NUMBER_NEURON = 6
VOLTAGE_TRESHOLD = 1
LEARNING_RATE = 0.1
LEAK_RATE = 1.5
TIME_ITERATION = 500
ITERATION_SPIKE_IN = 5
THRESHOLD_COORDINATES = 0.03
THRESHOLD_GYROSCOPE = 0.03  0.03  1.9   
2
2.996
-3.008
-3.012
2.984
-2.02
-0.02
-0.02
-0.02
-0.02
-0.02
-0.02
2.952
0.948
-2.056
-2.06
-0.06
-0.06
-0.06
-0.06
-0.06
3
0.912
0.908
-2.096
0.9
2.896
-0.104
-0.104
-0.104
-0.104
3
-2.128
-2.132
-0.132
0.86
5
3
2
2
2
0.836
-2.168
0.828
0.824
-2.18
-0.18
0.82
-0.18
-0.18
-0.18
-0.18
2.792
0.788
0.784
-2.22
3
0.772
-0.228
-0.228
-0.228
-0.228
2.752
3
-2.256
-2.26
-0.26
-0.26
-0.26
-0.26
-0.26
0.716
0.712
0.708
3
0
-2.304
-0.304
-0.304
-0.304
-0.304
0.676
-2.328
3
0
-2.34
-0.34
-0.34
-0.34
-0.34
-0.34
3
3
0
-2.376
-0.376
-0.376
-0.376
-0.376
-0.376
-0.376
3
-2.408
3
2.584
-3.42
-0.42
-0.42
-0.42
-0.42
-0.42
3
-2.448
0.548
0
0
0.536
0.532
-0.468
-0.468
-0.468
3
-2.488
3
-2.496
3
-2.504
-0.504
-0.504
-0.504
-0.504
3
-2.528
3
0
3
-2.544
-0.544
-0.544
-0.544
-0.544
3
-2.568
3
0
2
2
2
2
2
2
0.396
-2.608
3
-2.616
-0.616
-0.616
-0.616
-0.616
-0.616
-0.616
3
3
0
2
3
5
0.332
-0.668
-0.668
-0.668
0.316
3
-3.692
-0.692
3
2
2
2
2
2
3
-2.728
3
-3.736
-0.736
-0.736
-0.736
-0.736
-0.736
-0.736
0.236
0.232
0
2
0.22
-0.78
-0.78
-0.78
-0.78
-0.78
0.196
0.192
0
2
0.18
-0.82
-0.82
-0.82
-0.82
-0.82
3
0.152
-2.852
-0.852
0.14
-0.86
-0.86
-0.86
-0.86
-0.86
3
0.112
-3.892
-0.892
-0.892
-0.892
-0.892
-0.892
-0.892
-0.892
3
0.072
-2.932
-0.932
0.06
3
3
2
2
2
3
0.032
-2.972
-0.972
-0.972
-0.972
-0.972
-0.972
-0.972
-0.972
-0.004
-0.008
-3.012
-1.012
3
-0.024
3
2
2
2
3
-0.048
3
0
2
2
2
2
2
2
3
-0.088
0
2
3
-0.104
-4.108
-1.108
-1.108
-1.108
-1.108
5
-0.132
-0.136
-3.14
-1.14
-1.14
-1.14
-1.14
-1.14
-0.164
3
3
0
2
2
2
2
2
2
-0.204
-0.208
5
3
3
-3.224
-1.224
-1.224
-1.224
-1.224
3
1.752
3
3
1.74
-3.264
-1.264
-1.264
-1.264
-1.264
-0.284
1.712
1.708
-3.296
-1.296
-1.296
-1.296
-1.296
-1.296
-1.296
-0.324
1.672
1.668
-3.336
-1.336
-1.336
-1.336
-1.336
-1.336
-1.336
-0.364
1.632
1.628
-3.376
-1.376
-1.376
-1.376
-1.376
-1.376
-1.376
3
1.592
1.588
5
-4.42
-1.42
-1.42
-1.42
-1.42
-1.42
3
1.552
1.548
-3.456
-1.456
-1.456
-1.456
-1.456
-1.456
-1.456
3
1.512
1.508
0
2
2
2
2
2
2
-0.524
1.472
-3.532
-0.536
-3.54
-0.54
-0.54
-1.54
-1.54
-1.54
3
1.432
5
0
2
2
2
2
2
2
-0.604
1.392
0
2
-0.62
-0.624
-0.628
-1.628
-1.628
-1.628
5
1.352
-4.652
-1.652
-1.652
-1.652
-1.652
-1.652
-1.652
-1.652
3
1.312
1.308
-4.696
-1.696
-1.696
-1.696
-1.696
-1.696
-1.696
3
1.272
1.268
-3.736
-1.736
-1.736
-1.736
-1.736
-1.736
-1.736
3
1.232
1.228
1.224
-1.776
-1.776
-1.776
-1.776
-1.776
-1.776
-0.804
1.192
1.188
-4.816
-1.816
-1.816
-1.816
-1.816
-1.816
-1.816
3
1.152
1.148
-3.856
-1.856
-1.856
-1.856
-1.856
-1.856
-1.856
-0.884
1.112
1.108
-3.896
-1.896
-1.896
-1.896
-1.896
-1.896
-1.896
3
1.072
1.068
-3.936
-1.936
-1.936
-1.936
-1.936
-1.936
-1.936
3
1.032
1.028
1.024
-3.98
-1.98
-1.98
-1.98
-1.98
____________________________________
Wed Apr  3 03:18:33 2024


PARAMETERS
NUMBER_NEURON = 6
VOLTAGE_TRESHOLD = 1.1
LEARNING_RATE = 0.1
LEAK_RATE = 1.5
TIME_ITERATION = 500
ITERATION_SPIKE_IN = 5
THRESHOLD_COORDINATES = 0.03
THRESHOLD_GYROSCOPE = 0.03  0.03  1.9   
____________________________________
Wed Apr  3 03:18:33 2024


PARAMETERS
NUMBER_NEURON = 6
VOLTAGE_TRESHOLD = 1.1
LEARNING_RATE = 0.1
LEAK_RATE = 1.5
TIME_ITERATION = 500
ITERATION_SPIKE_IN = 5
THRESHOLD_COORDINATES = 0.03
THRESHOLD_GYROSCOPE = 0.03  0.03  1.9   
-1.98
-2.004
-3.008
-3.012
-2.016
-2.02
-0.02
-0.02
-0.02
-0.02
-0.02
-0.02
0.952
-0.048
2.944
-2.06
-0.06
-0.06
-0.06
-0.06
-0.06
-0.06
2.912
-2.092
3
0.9
0.896
0.892
-0.108
-0.108
-0.108
-0.108
2.872
0
-2.136
-2.14
-0.14
-0.14
-0.14
-0.14
-0.14
-0.14
2.832
-2.172
-0.172
3
-2.184
0.816
0.816
0.816
-0.184
-0.184
0.792
-2.212
-0.212
0.78
-2.224
0.776
-0.224
-0.224
-0.224
-0.224
0.752
0.748
0.744
0.74
3
0.732
-0.268
-0.268
-0.268
-0.268
2.712
0
0.704
-3.3
-0.3
-0.3
-0.3
-0.3
-0.3
0.676
5
-3.332
-0.332
3
3
0.652
-0.348
-0.348
-0.348
3
2.632
-3.372
-0.372
0.62
3
0.612
-0.388
-0.388
-0.388
-0.388
0.592
-2.412
0.584
-2.42
0.576
-0.424
-0.424
-0.424
-0.424
-0.424
0.552
2.548
2.544
-0.456
-0.456
-0.456
-0.456
-0.456
-0.456
3
2.512
-3.492
-0.492
0.5
0.496
-2.508
-0.508
-0.508
-0.508
-0.508
0.472
2.468
-3.536
-0.536
-0.536
-0.536
-0.536
-0.536
-0.536
-0.536
2.432
-2.572
-0.572
0.42
0
2
2
2
2
2
0.392
2.388
-3.616
-0.616
-0.616
-0.616
-0.616
-0.616
-0.616
-0.616
2.352
2.348
-3.656
-0.656
-0.656
-0.656
-0.656
-0.656
-0.656
-0.656
2.312
2.308
-2.696
-0.696
-0.696
-0.696
-0.696
-0.696
-0.696
-0.696
5
-2.732
-0.732
-0.732
-0.732
-0.732
-0.732
-0.732
-0.732
0.236
0.232
0.228
3
3
-2.784
-0.784
-0.784
-0.784
-0.784
-0.784
3
3
3
3
-2.824
-0.824
-0.824
-0.824
-0.824
-0.824
0.152
3
-2.856
-0.856
-0.856
-0.856
-0.856
-0.856
-0.856
0.116
3
-2.892
-0.892
3
0.096
-2.908
-0.908
-0.908
-0.908
-0.908
0.072
0.068
0.064
0.06
-2.944
-0.944
-0.944
-0.944
-0.944
0.036
3
0.028
0.024
3
2.016
-0.984
-0.984
-0.984
-0.984
-0.984
-0.008
-0.012
1.984
-4.02
-1.02
-1.02
-1.02
-1.02
-1.02
-1.02
1.952
1.948
-4.056
-1.056
-1.056
-1.056
-1.056
-1.056
-1.056
-1.056
1.912
1.908
-3.096
-1.096
-1.096
-1.096
-1.096
-1.096
-1.096
-1.096
5
1.868
-4.136
-1.136
-1.136
-1.136
-1.136
-1.136
-1.136
-1.136
1.832
1.828
1.824
-1.176
-1.176
-1.176
-1.176
-1.176
-1.176
-0.204
-0.208
-3.212
-0.216
-4.22
-1.22
-1.22
-1.22
-1.22
-1.22
-1.22
-0.248
3
3
3
3
-3.268
-1.268
-1.268
-1.268
-1.268
-1.268
-0.292
-0.296
1.7
-4.304
-1.304
-1.304
-1.304
-1.304
-1.304
-1.304
1.668
1.664
1.66
-4.344
-1.344
-1.344
-1.344
-1.344
-1.344
-1.344
-0.372
1.624
3
-0.384
-0.388
-1.388
-1.388
-1.388
-1.388
3
-0.412
3
-0.42
3
-3.428
-1.428
-1.428
-1.428
-1.428
-1.428
3
-0.456
3
5
-3.468
-1.468
-1.468
-1.468
-1.468
-1.468
3
-0.496
3
3
-3.508
-1.508
-1.508
-1.508
-1.508
-0.528
-0.532
3
-0.54
0
2
2
2
2
2
-0.568
-0.572
3
3
-0.584
-1.584
-1.584
-1.584
-1.584
-1.584
3
-0.612
1.384
1.38
-4.624
-1.624
-1.624
-1.624
-1.624
-1.624
3
-0.652
3
1.34
-4.664
-1.664
-1.664
-1.664
-1.664
-1.664
3
-0.692
-0.696
1.3
-4.704
-1.704
-1.704
-1.704
-1.704
-1.704
3
-0.732
3
1.26
-4.744
-1.744
-1.744
-1.744
-1.744
-1.744
-0.768
-0.772
3
1.22
-4.784
-1.784
-1.784
-1.784
-1.784
-1.784
3
-0.812
-0.816
-0.82
3
0
2
2
2
2
-0.848
-0.852
-0.856
-0.86
-0.864
-3.868
-1.868
-1.868
-1.868
-1.868
3
-0.892
3
1.1
-3.904
-1.904
-1.904
-1.904
-1.904
3
-0.928
3
1.064
5
1.056
3
2
2
2
2
-0.968
-0.972
-0.976
5
0
2
2
2
____________________________________
Wed Apr  3 04:02:07 2024


PARAMETERS
NUMBER_NEURON = 6
VOLTAGE_TRESHOLD = 1.1
LEARNING_RATE = 0.1
LEAK_RATE = 1.5
TIME_ITERATION = 500
ITERATION_SPIKE_IN = 5
THRESHOLD_COORDINATES = 0.03
THRESHOLD_GYROSCOPE = 0.03  0.03  1.9   
2
-2.004
-3.008
0
-3.016
-2.02
-0.02
-0.02
-0.02
-0.02
-0.02
-0.02
-0.02
-0.02
-0.02
-0.02
-0.02
-0.02
-0.02
-0.02
-0.02
-0.02
-0.02
-0.02
-0.02
-0.02
-0.02
-0.02
-0.02
-0.02
-0.02
-0.02
-0.02
-0.02
-0.02
-0.02
-0.02
-0.02
-0.02
-0.02
-0.02
-0.02
-0.02
-0.02
-0.02
-0.02
-0.02
-0.02
-0.02
-0.02
-0.02
-0.02
-0.02
-0.02
-0.02
-0.02
-0.02
-0.02
-0.02
-0.02
-0.02
-0.02
-0.02
-0.02
-0.02
-0.02
-0.02
-0.02
-0.02
-0.02
-0.02
-0.02
-0.02
-0.02
-0.02
-0.02
-0.02
-0.02
-0.02
-0.02
-0.02
-0.02
-0.02
-0.02
-0.02
-0.02
-0.02
-0.02
-0.02
-0.02
-0.02
-0.02
-0.02
-0.02
-0.02
-0.02
-0.02
-0.02
-0.02
-0.02
-0.02
-0.02
-0.02
-0.02
-0.02
-0.02
-0.02
-0.02
-0.02
-0.02
-0.02
-0.02
-0.02
-0.02
-0.02
-0.02
-0.02
-0.02
-0.02
-0.02
-0.02
-0.02
-0.02
-0.02
-0.02
-0.02
-0.02
-0.02
-0.02
-0.02
-0.02
-0.02
-0.02
-0.02
-0.02
-0.02
-0.02
-0.02
-0.02
-0.02
-0.02
-0.02
-0.02
-0.02
-0.02
-0.02
-0.02
-0.02
-0.02
-0.02
-0.02
-0.02
-0.02
-0.02
-0.02
-0.02
-0.02
-0.02
-0.02
-0.02
-0.02
-0.02
-0.02
-0.02
-0.02
-0.02
-0.02
-0.02
-0.02
-0.02
-0.02
-0.02
-0.02
-0.02
-0.02
-0.02
-0.02
-0.02
-0.02
-0.02
-0.02
-0.02
-0.02
-0.02
-0.02
-0.02
-0.02
-0.02
-0.02
-0.02
-0.02
-0.02
-0.02
-0.02
-0.02
-0.02
-0.02
-0.02
-0.02
-0.02
-0.02
-0.02
-0.02
-0.02
-0.02
-0.02
-0.02
-0.02
-0.02
-0.02
-0.02
-0.02
-0.02
-0.02
-0.02
-0.02
-0.02
-0.02
-0.02
-0.02
-0.02
-0.02
-0.02
-0.02
-0.02
-0.02
-0.02
-0.02
-0.02
-0.02
-0.02
-0.02
-0.02
-0.02
-0.02
-0.02
-0.02
-0.02
-0.02
-0.02
-0.02
-0.02
-0.02
-0.02
-0.02
-0.02
-0.02
-0.02
-0.02
-0.02
-0.02
-0.02
-0.02
-0.02
-0.02
-0.02
-0.02
-0.02
-0.02
-0.02
-0.02
-0.02
-0.02
-0.02
-0.02
-0.02
-0.02
-0.02
-0.02
-0.02
-0.02
-0.02
-0.02
-0.02
-0.02
-0.02
-0.02
-0.02
-0.02
-0.02
-0.02
-0.02
-0.02
-0.02
-0.02
-0.02
-0.02
-0.02
-0.02
-0.02
-0.02
-0.02
-0.02
-0.02
-0.02
-0.02
-0.02
-0.02
-0.02
-0.02
-0.02
-0.02
-0.02
-0.02
-0.02
-0.02
-0.02
-0.02
-0.02
-0.02
-0.02
-0.02
-0.02
-0.02
-0.02
-0.02
-0.02
-0.02
-0.02
-0.02
-0.02
-0.02
-0.02
-0.02
-0.02
-0.02
-0.02
-0.02
-0.02
-0.02
-0.02
-0.02
-0.02
-0.02
-0.02
-0.02
-0.02
-0.02
-0.02
-0.02
-0.02
-0.02
-0.02
-0.02
-0.02
-0.02
-0.02
-0.02
-0.02
-0.02
-0.02
-0.02
-0.02
-0.02
-0.02
-0.02
-0.02
-0.02
-0.02
-0.02
-0.02
-0.02
-0.02
-0.02
-0.02
-0.02
-0.02
-0.02
-0.02
-0.02
-0.02
-0.02
-0.02
-0.02
-0.02
-0.02
-0.02
-0.02
-0.02
-0.02
-0.02
-0.02
-0.02
-0.02
-0.02
-0.02
-0.02
-0.02
-0.02
-0.02
-0.02
-0.02
-0.02
-0.02
-0.02
-0.02
-0.02
-0.02
-0.02
-0.02
-0.02
-0.02
-0.02
-0.02
-0.02
-0.02
-0.02
-0.02
-0.02
-0.02
-0.02
-0.02
-0.02
-0.02
-0.02
-0.02
-0.02
-0.02
-0.02
-0.02
-0.02
-0.02
-0.02
-0.02
-0.02
-0.02
-0.02
-0.02
-0.02
-0.02
-0.02
-0.02
-0.02
-0.02
-0.02
-0.02
-0.02
-0.02
-0.02
-0.02
-0.02
-0.02
-0.02
-0.02
-0.02
-0.02
-0.02
-0.02
-0.02
-0.02
-0.02
-0.02
-0.02
-0.02
-0.02
-0.02
-0.02
-0.02
-0.02
-0.02
-0.02
-0.02
-0.02
-0.02
-0.02
-0.02
-0.02
-0.02
-0.02
-0.02
-0.02
-0.02
-0.02
-0.02
-0.02
-0.02
-0.02
-0.02
-0.02
-0.02
-0.02
-0.02
-0.02
-0.02
-0.02
-0.02
-0.02
-0.02
-0.02
-0.02
-0.02
-0.02
-0.02
-0.02
-0.02
-0.02
-0.02
-0.02
-0.02
-0.02
____________________________________
Wed Apr  3 04:32:04 2024


PARAMETERS
NUMBER_NEURON = 6
VOLTAGE_TRESHOLD = 1.1
LEARNING_RATE = 0.1
LEAK_RATE = 1.5
TIME_ITERATION = 500
ITERATION_SPIKE_IN = 5
THRESHOLD_COORDINATES = 0.03
THRESHOLD_GYROSCOPE = 0.03  0.03  1.9   
-0.02
-2.004
-3.008
-1
0
-2.02
3
3
2
2
2
2
0.952
3
3
0
-2.064
0.932
0.928
0.924
0.92
-2.084
-2.088
3
-2.096
3
3
0.892
0.888
3
0
0
-2.128
3
-2.136
3
-2.144
-2.148
-2.152
3
-2.16
3
-2.168
3
-2.176
3
-2.184
0.812
-2.192
3
-2.2
3
-2.208
-0.208
-0.208
-0.208
-0.208
-0.208
-0.208
-0.208
-0.208
-0.208
-0.208
-0.208
-0.208
-0.208
-0.208
-0.208
-0.208
-0.208
-0.208
-0.208
-0.208
-0.208
-0.208
-0.208
-0.208
-0.208
-0.208
-0.208
-0.208
-0.208
-0.208
-0.208
-0.208
-0.208
-0.208
-0.208
-0.208
-0.208
-0.208
-0.208
-0.208
-0.208
-0.208
-0.208
-0.208
-0.208
-0.208
-0.208
-0.208
-0.208
-0.208
-0.208
-0.208
-0.208
-0.208
-0.208
-0.208
-0.208
-0.208
-0.208
-0.208
-0.208
-0.208
-0.208
-0.208
-0.208
-0.208
-0.208
-0.208
-0.208
-0.208
-0.208
-0.208
-0.208
-0.208
-0.208
-0.208
-0.208
-0.208
-0.208
-0.208
-0.208
-0.208
-0.208
-0.208
-0.208
-0.208
-0.208
-0.208
-0.208
-0.208
-0.208
-0.208
-0.208
-0.208
-0.208
-0.208
-0.208
-0.208
-0.208
-0.208
-0.208
-0.208
-0.208
-0.208
-0.208
-0.208
-0.208
-0.208
-0.208
-0.208
-0.208
-0.208
-0.208
-0.208
-0.208
-0.208
-0.208
-0.208
-0.208
-0.208
-0.208
-0.208
-0.208
-0.208
-0.208
-0.208
-0.208
-0.208
-0.208
-0.208
-0.208
-0.208
-0.208
-0.208
-0.208
-0.208
-0.208
-0.208
-0.208
-0.208
-0.208
-0.208
-0.208
-0.208
-0.208
-0.208
-0.208
-0.208
-0.208
-0.208
-0.208
-0.208
-0.208
-0.208
-0.208
-0.208
-0.208
-0.208
-0.208
-0.208
-0.208
-0.208
-0.208
-0.208
-0.208
-0.208
-0.208
-0.208
-0.208
-0.208
-0.208
-0.208
-0.208
-0.208
-0.208
-0.208
-0.208
-0.208
-0.208
-0.208
-0.208
-0.208
-0.208
-0.208
-0.208
-0.208
-0.208
-0.208
-0.208
-0.208
-0.208
-0.208
-0.208
-0.208
-0.208
-0.208
-0.208
-0.208
-0.208
-0.208
-0.208
-0.208
-0.208
-0.208
-0.208
-0.208
-0.208
-0.208
-0.208
-0.208
-0.208
-0.208
-0.208
-0.208
-0.208
-0.208
-0.208
-0.208
-0.208
-0.208
-0.208
-0.208
-0.208
-0.208
-0.208
-0.208
-0.208
-0.208
-0.208
-0.208
-0.208
-0.208
-0.208
-0.208
-0.208
-0.208
-0.208
-0.208
-0.208
-0.208
-0.208
-0.208
-0.208
-0.208
-0.208
-0.208
-0.208
-0.208
-0.208
-0.208
-0.208
-0.208
-0.208
-0.208
-0.208
-0.208
-0.208
-0.208
-0.208
-0.208
-0.208
-0.208
-0.208
-0.208
-0.208
-0.208
-0.208
-0.208
-0.208
-0.208
-0.208
-0.208
-0.208
-0.208
-0.208
-0.208
-0.208
-0.208
-0.208
-0.208
-0.208
-0.208
-0.208
-0.208
-0.208
-0.208
-0.208
-0.208
-0.208
-0.208
-0.208
-0.208
-0.208
-0.208
-0.208
-0.208
-0.208
-0.208
-0.208
-0.208
-0.208
-0.208
-0.208
-0.208
-0.208
-0.208
-0.208
-0.208
-0.208
-0.208
-0.208
-0.208
-0.208
-0.208
-0.208
-0.208
-0.208
-0.208
-0.208
-0.208
-0.208
-0.208
-0.208
-0.208
-0.208
-0.208
-0.208
-0.208
-0.208
-0.208
-0.208
-0.208
-0.208
-0.208
-0.208
-0.208
-0.208
-0.208
-0.208
-0.208
-0.208
-0.208
-0.208
-0.208
-0.208
-0.208
-0.208
-0.208
-0.208
-0.208
-0.208
-0.208
-0.208
-0.208
-0.208
-0.208
-0.208
-0.208
-0.208
-0.208
-0.208
-0.208
-0.208
-0.208
-0.208
-0.208
-0.208
-0.208
-0.208
-0.208
-0.208
-0.208
-0.208
-0.208
-0.208
-0.208
-0.208
-0.208
-0.208
-0.208
-0.208
-0.208
-0.208
-0.208
-0.208
-0.208
-0.208
-0.208
-0.208
-0.208
-0.208
-0.208
-0.208
-0.208
-0.208
-0.208
-0.208
-0.208
-0.208
-0.208
-0.208
-0.208
-0.208
-0.208
-0.208
-0.208
-0.208
-0.208
-0.208
-0.208
-0.208
-0.208
-0.208
-0.208
-0.208
-0.208
-0.208
-0.208
-0.208
-0.208
-0.208
-0.208
-0.208
-0.208
-0.208
-0.208
-0.208
-0.208
-0.208
-0.208
-0.208
-0.208
-0.208
-0.208
-0.208
-0.208
-0.208
-0.208
-0.208
-0.208
-0.208
-0.208
-0.208
-0.208
-0.208
-0.208
-0.208
____________________________________
Wed Apr  3 05:04:30 2024


PARAMETERS
NUMBER_NEURON = 6
VOLTAGE_TRESHOLD = 1.1
LEARNING_RATE = 0.1
LEAK_RATE = 1.5
TIME_ITERATION = 500
ITERATION_SPIKE_IN = 5
THRESHOLD_COORDINATES = 0.03
THRESHOLD_GYROSCOPE = 0.03  0.03  1.9   
-0.208
0.996
-3.008
-3.012
0
-2.02
-0.02
-0.02
-0.02
-0.02
-0.02
-0.02
0.952
0.948
0.944
-2.06
3
2
2
2
2
2
3
0.908
0.904
0
-2.104
-0.104
-0.104
-0.104
-0.104
0.876
3
0
-2.136
3
-2.144
-0.144
-0.144
-0.144
-0.144
3
3
0
-2.176
3
2
2
2
2
2
0.796
-2.208
-2.212
0
3
2.776
0.772
-0.228
-0.228
-0.228
0.756
3
0
-2.256
3
-3.264
5
3
2
2
5
-2.288
0
-2.296
-2.3
-0.3
-0.3
-0.3
-0.3
-0.3
3
3
0
3
3
-2.344
-0.344
-0.344
-0.344
-0.344
0.636
3
0
3
0
-2.384
-0.384
-0.384
-0.384
-0.384
5
-2.408
2.588
-3.416
-0.416
-0.416
-0.416
-0.416
-0.416
-0.416
0.556
-2.448
3
0
2
2
2
2
2
2
0.516
2.512
0
3
0
0.496
-0.504
-0.504
-0.504
-0.504
3
0
3
0
3
-3.544
-0.544
-0.544
-0.544
-0.544
5
-2.568
-2.572
0
-2.58
-2.584
-0.584
-0.584
-0.584
-0.584
0.396
3
0
2
0.38
-2.624
-0.624
-0.624
-0.624
-0.624
3
3
0
3
-2.66
-2.664
-0.664
-0.664
-0.664
-0.664
0.316
3
0
0.304
3
-3.704
-0.704
-0.704
-0.704
-0.704
2.276
3
0
5
3
-3.744
-0.744
-0.744
-0.744
-0.744
3
3
0
3
-2.78
2.216
-0.784
-0.784
-0.784
-0.784
0.196
3
0
2.184
-2.82
2.176
-0.824
-0.824
-0.824
-0.824
0.156
-2.848
0
2
3
0
2
2
2
2
0.116
-2.888
3
-2.896
-2.9
3
2
2
2
2
0.076
3
0
2
0.06
-2.944
0.052
-0.948
-0.948
-0.948
3
0.032
0
2
3
-2.984
0
2
2
2
3
3
-3.012
3
-3.02
-3.024
-1.024
-1.024
-1.024
-1.024
-0.044
3
0
5
-3.06
-3.064
-1.064
-1.064
-1.064
-1.064
3
3
-3.092
-1.092
-0.1
-3.104
-3.108
-1.108
-1.108
-1.108
3
3
3
0
2
2
2
2
2
2
-0.164
-0.168
-3.172
-1.172
5
3
2
2
2
2
-0.204
3
-3.212
3
3
-4.224
-1.224
-1.224
-1.224
-1.224
3
3
-3.252
-0.256
3
-4.264
-1.264
-1.264
-1.264
-1.264
-0.284
3
3
1.704
-3.3
3
2
2
2
2
-0.324
3
-3.332
-1.332
3
1.656
-3.348
-1.348
-1.348
-1.348
3
3
3
-3.376
-1.376
-1.376
-1.376
-1.376
-1.376
-1.376
3
3
1.588
-1.412
3
0
2
2
2
2
-0.444
-0.448
0
3
-3.46
0
2
2
2
2
-0.484
3
0
3
0
-3.504
-1.504
-1.504
-1.504
-1.504
-0.524
3
-3.532
-0.536
3
-4.544
-1.544
-1.544
-1.544
-1.544
-0.564
-0.568
1.428
0
3
0
2
2
2
2
1.396
3
-3.612
3
-0.62
-4.624
-1.624
-1.624
-1.624
-1.624
-0.644
3
1.348
0
3
0
2
2
2
2
5
3
0
2
3
1.296
-3.708
-1.708
-1.708
-1.708
3
3
5
-0.736
3
1.256
-3.748
-1.748
-1.748
-1.748
1.236
3
-4.772
-1.772
-0.78
3
-4.788
-1.788
-1.788
-1.788
3
-0.808
0
2
-0.82
3
-4.828
-1.828
-1.828
-1.828
-0.844
3
-3.852
-1.852
-0.86
-3.864
-0.868
-1.868
-1.868
-1.868
-0.884
-0.888
3
-4.896
-1.896
-1.896
-1.896
-1.896
-1.896
-1.896
3
3
3
0
2
2
2
2
2
2
3
3
0
2
1.02
5
2
2
2
____________________________________
Wed Apr  3 05:50:04 2024


PARAMETERS
NUMBER_NEURON = 6
VOLTAGE_TRESHOLD = 1.1
LEARNING_RATE = 0.1
LEAK_RATE = 1.5
TIME_ITERATION = 500
ITERATION_SPIKE_IN = 5
THRESHOLD_COORDINATES = 0.03
THRESHOLD_GYROSCOPE = 0.03  0.03  1.9   
2
0
-3.008
-3.012
-3.016
-2.02
-0.02
-0.02
-0.02
-0.02
-0.02
-0.02
-0.02
-0.02
-0.02
-0.02
-0.02
-0.02
-0.02
-0.02
-0.02
-0.02
-0.02
-0.02
-0.02
-0.02
-0.02
-0.02
-0.02
-0.02
-0.02
-0.02
-0.02
-0.02
-0.02
-0.02
-0.02
-0.02
-0.02
-0.02
-0.02
-0.02
-0.02
-0.02
-0.02
-0.02
-0.02
-0.02
-0.02
-0.02
-0.02
-0.02
-0.02
-0.02
-0.02
-0.02
-0.02
-0.02
-0.02
-0.02
-0.02
-0.02
-0.02
-0.02
-0.02
-0.02
-0.02
-0.02
-0.02
-0.02
-0.02
-0.02
-0.02
-0.02
-0.02
-0.02
-0.02
-0.02
-0.02
-0.02
-0.02
-0.02
-0.02
-0.02
-0.02
-0.02
-0.02
-0.02
-0.02
-0.02
-0.02
-0.02
-0.02
-0.02
-0.02
-0.02
-0.02
-0.02
-0.02
-0.02
-0.02
-0.02
-0.02
-0.02
-0.02
-0.02
-0.02
-0.02
-0.02
-0.02
-0.02
-0.02
-0.02
-0.02
-0.02
-0.02
-0.02
-0.02
-0.02
-0.02
-0.02
-0.02
-0.02
-0.02
-0.02
-0.02
-0.02
-0.02
-0.02
-0.02
-0.02
-0.02
-0.02
-0.02
-0.02
-0.02
-0.02
-0.02
-0.02
-0.02
-0.02
-0.02
-0.02
-0.02
-0.02
-0.02
-0.02
-0.02
-0.02
-0.02
-0.02
-0.02
-0.02
-0.02
-0.02
-0.02
-0.02
-0.02
-0.02
-0.02
-0.02
-0.02
-0.02
-0.02
-0.02
-0.02
-0.02
-0.02
-0.02
-0.02
-0.02
-0.02
-0.02
-0.02
-0.02
-0.02
-0.02
-0.02
-0.02
-0.02
-0.02
-0.02
-0.02
-0.02
-0.02
-0.02
-0.02
-0.02
-0.02
-0.02
-0.02
-0.02
-0.02
-0.02
-0.02
-0.02
-0.02
-0.02
-0.02
-0.02
-0.02
-0.02
-0.02
-0.02
-0.02
-0.02
-0.02
-0.02
-0.02
-0.02
-0.02
-0.02
-0.02
-0.02
-0.02
-0.02
-0.02
-0.02
-0.02
-0.02
-0.02
-0.02
-0.02
-0.02
-0.02
-0.02
-0.02
-0.02
-0.02
-0.02
-0.02
-0.02
-0.02
-0.02
-0.02
-0.02
-0.02
-0.02
-0.02
-0.02
-0.02
-0.02
-0.02
-0.02
-0.02
-0.02
-0.02
-0.02
-0.02
-0.02
-0.02
-0.02
-0.02
-0.02
-0.02
-0.02
-0.02
-0.02
-0.02
-0.02
-0.02
-0.02
-0.02
-0.02
-0.02
-0.02
-0.02
-0.02
-0.02
-0.02
-0.02
-0.02
-0.02
-0.02
-0.02
-0.02
-0.02
-0.02
-0.02
-0.02
-0.02
-0.02
-0.02
-0.02
-0.02
-0.02
-0.02
-0.02
-0.02
-0.02
-0.02
-0.02
-0.02
-0.02
-0.02
-0.02
-0.02
-0.02
-0.02
-0.02
-0.02
-0.02
-0.02
-0.02
-0.02
-0.02
-0.02
-0.02
-0.02
-0.02
-0.02
-0.02
-0.02
-0.02
-0.02
-0.02
-0.02
-0.02
-0.02
-0.02
-0.02
-0.02
-0.02
-0.02
-0.02
-0.02
-0.02
-0.02
-0.02
-0.02
-0.02
-0.02
-0.02
-0.02
-0.02
-0.02
-0.02
-0.02
-0.02
-0.02
-0.02
-0.02
-0.02
-0.02
-0.02
-0.02
-0.02
-0.02
-0.02
-0.02
-0.02
-0.02
-0.02
-0.02
-0.02
-0.02
-0.02
-0.02
-0.02
-0.02
-0.02
-0.02
-0.02
-0.02
-0.02
-0.02
-0.02
-0.02
-0.02
-0.02
-0.02
-0.02
-0.02
-0.02
-0.02
-0.02
-0.02
-0.02
-0.02
-0.02
-0.02
-0.02
-0.02
-0.02
-0.02
-0.02
-0.02
-0.02
-0.02
-0.02
-0.02
-0.02
-0.02
-0.02
-0.02
-0.02
-0.02
-0.02
-0.02
-0.02
-0.02
-0.02
-0.02
-0.02
-0.02
-0.02
-0.02
-0.02
-0.02
-0.02
-0.02
-0.02
-0.02
-0.02
-0.02
-0.02
-0.02
-0.02
-0.02
-0.02
-0.02
-0.02
-0.02
-0.02
-0.02
-0.02
-0.02
-0.02
-0.02
-0.02
-0.02
-0.02
-0.02
-0.02
-0.02
-0.02
-0.02
-0.02
-0.02
-0.02
-0.02
-0.02
-0.02
-0.02
-0.02
-0.02
-0.02
-0.02
-0.02
-0.02
-0.02
-0.02
-0.02
-0.02
-0.02
-0.02
-0.02
-0.02
-0.02
-0.02
-0.02
-0.02
-0.02
-0.02
-0.02
-0.02
-0.02
-0.02
-0.02
-0.02
-0.02
-0.02
-0.02
-0.02
-0.02
-0.02
-0.02
-0.02
-0.02
-0.02
-0.02
-0.02
-0.02
-0.02
-0.02
-0.02
-0.02
-0.02
-0.02
-0.02
-0.02
-0.02
-0.02
-0.02
-0.02
-0.02
-0.02
-0.02
-0.02
-0.02
____________________________________
Wed Apr  3 06:20:04 2024


PARAMETERS
NUMBER_NEURON = 6
VOLTAGE_TRESHOLD = 1.2
LEARNING_RATE = 0.1
LEAK_RATE = 1.5
TIME_ITERATION = 500
ITERATION_SPIKE_IN = 5
THRESHOLD_COORDINATES = 0.03
THRESHOLD_GYROSCOPE = 0.03  0.03  1.9   
____________________________________
Wed Apr  3 06:20:04 2024


PARAMETERS
NUMBER_NEURON = 6
VOLTAGE_TRESHOLD = 1.2
LEARNING_RATE = 0.1
LEAK_RATE = 1.5
TIME_ITERATION = 500
ITERATION_SPIKE_IN = 5
THRESHOLD_COORDINATES = 0.03
THRESHOLD_GYROSCOPE = 0.03  0.03  1.9   
-0.02
2.996
-2.008
0
-3.016
-3.02
2.976
3
2
2
2
2
0.952
3
-2.056
2.94
0
-2.068
-2.072
-0.072
-0.072
-0.072
-2.088
-0.088
5
2.9
0.896
3
2
2
2
2
-2.128
0.868
0
3
-2.144
-0.144
-0.144
-0.144
-0.144
-0.144
2.832
2.828
-2.176
3
-2.184
-0.184
-0.184
-0.184
-0.184
-0.184
0.792
3
2.784
-3.22
3
-2.228
-0.228
-0.228
-0.228
-0.228
0.752
-2.252
0.744
-3.26
-0.26
-0.26
-0.26
-0.26
-0.26
-0.26
0.712
2.708
-2.296
3
-2.304
-0.304
-0.304
-0.304
-0.304
-0.304
0.672
2.668
0
-2.34
-0.34
-0.34
-0.34
-0.34
-0.34
-0.34
2.632
-2.372
3
0
2
2
2
2
2
3
0
3
0
0.58
0
2
2
2
2
0.556
0
0.548
-2.456
0.54
2.536
-2.468
-0.468
-0.468
-0.468
-0.468
3
0
0.504
0
2.496
-0.504
-0.504
-0.504
-0.504
3
-2.528
0.468
0
0.46
0
2
2
2
2
3
-2.568
0.428
-2.576
2.42
-2.584
-0.584
-0.584
-0.584
-0.584
5
-2.608
2.388
-2.616
3
0
2
2
2
2
3
0
2.348
-2.656
-0.656
-0.656
-0.656
-0.656
-0.656
-0.656
2.316
-2.688
-0.688
5
3
-3.704
-0.704
-0.704
-0.704
-0.704
0.276
-2.728
2.268
3
3
-2.744
0.252
-0.748
-0.748
-0.748
3
0
2
0.224
2.22
-2.784
-0.784
-0.784
-0.784
-0.784
2.196
-2.808
-0.808
3
3
-3.824
-0.824
-0.824
-0.824
-0.824
2.156
-2.848
-0.848
2.144
3
-3.864
-0.864
-0.864
-0.864
-0.864
-0.864
3
3
0
2
2
2
2
2
2
0.076
-2.928
0.068
-2.936
-0.936
-0.936
-0.936
-0.936
-0.936
-0.936
0.036
3
0
2
2
2
2
2
2
2
5
-3.008
5
-3.016
-1.016
-1.016
-1.016
-1.016
-1.016
-1.016
5
-3.048
-1.048
3
3
-4.064
-1.064
-1.064
-1.064
-1.064
1.916
3
-3.092
-1.092
5
5
2
2
2
2
-0.124
3
-4.132
-1.132
-1.132
-1.132
-1.132
-1.132
-1.132
-1.132
1.836
3
0
5
-3.18
0
2
2
2
2
-0.204
3
0
-0.216
-3.22
-1.22
-1.22
-1.22
-1.22
-1.22
3
3
-3.252
-1.252
3
0
2
2
2
2
1.716
3
-3.292
-1.292
3
0
2
2
2
2
3
-0.328
-4.332
-1.332
-1.332
-1.332
-1.332
-1.332
-1.332
-1.332
5
-0.368
-3.372
3
3
-4.384
-1.384
-1.384
-1.384
-1.384
-0.404
3
-0.412
1.584
3
2
2
2
2
2
5
3
0
2
5
2
2
2
2
2
3
0
2
-0.496
3
-4.504
-1.504
-1.504
-1.504
-1.504
-0.524
3
-3.532
-1.532
3
-3.544
-1.544
-1.544
-1.544
-1.544
3
3
0
2
-0.58
3
-4.588
-1.588
-1.588
-1.588
-1.588
-0.608
3
3
0
2
2
2
2
2
3
3
0
2
1.34
5
5
5
2
2
2
-0.688
3
0
2
2
2
2
2
2
1.276
-3.728
3
0
2
2
2
2
2
2
3
-3.768
3
0
-0.78
-4.784
-1.784
-1.784
-1.784
-1.784
-0.804
3
0
2
3
-0.824
-4.828
-1.828
-1.828
-1.828
-0.844
3
-3.852
3
3
-4.864
-1.864
-1.864
-1.864
-1.864
3
3
-3.892
3
3
-4.904
-1.904
-1.904
-1.904
-1.904
1.076
3
-0.932
0
2
2
2
2
2
2
3
3
-3.972
-1.972
-0.98
-0.984
-4.988
-1.988
-1.988
____________________________________
Wed Apr  3 07:03:36 2024


PARAMETERS
NUMBER_NEURON = 6
VOLTAGE_TRESHOLD = 1.2
LEARNING_RATE = 0.1
LEAK_RATE = 1.5
TIME_ITERATION = 500
ITERATION_SPIKE_IN = 5
THRESHOLD_COORDINATES = 0.03
THRESHOLD_GYROSCOPE = 0.03  0.03  1.9   
-1.988
-2.004
-3.008
-3.012
2.984
0
-2.024
0
0.968
-2.036
-0.036
-0.036
2.952
3
5
0.94
-2.064
-2.068
-0.068
-0.068
-0.068
-0.068
2.912
3
3
3
-2.104
0.892
0
2
2
2
0.872
3
0
-3.14
-2.144
0.852
-0.148
-0.148
-0.148
-0.148
-0.148
2.828
0
0
0
3
2
2
2
2
0.792
0
-3.216
0.78
3
2
2
2
2
2
0.752
3
0.744
2.74
2.736
-2.268
3
-3.276
0
-3.284
0.712
0.708
-2.296
2.7
0
2
2
2
2
2
2.672
-2.332
0
-2.34
3
2
2
2
2
2
0.632
0
-2.376
-2.38
0.616
0.612
-0.388
-0.388
-0.388
-0.388
0.592
0
-2.416
3
3
3
0.568
0.564
3
3
-2.448
0
0
-2.46
0.536
3
3
3
0.52
3
3
0
-2.496
-2.5
-2.504
3
2
2
2
2
0.472
0
0.464
-2.54
2.456
-0.544
-0.544
-0.544
-0.544
-0.544
3
0.428
0.424
2.42
3
5
3
-2.596
0.4
3
3
0
0
0
0
-3.628
-0.628
-0.628
-0.628
3
0.352
0
0.344
-2.66
0.336
0.332
-0.668
-0.668
-0.668
3
0.312
-2.692
0
0
-3.704
-0.704
-0.704
-0.704
-0.704
-0.704
0.272
3
-2.736
0.26
0
0.252
3
0.244
-0.756
3
0.232
0
-2.776
0.22
-2.784
-0.784
-0.784
-0.784
-0.784
-0.784
0.192
0.188
-2.816
0.18
0
3
2
2
2
2
3
0.148
-2.856
0.14
0
3
2
2
2
2
0.112
0.108
0.104
-2.9
-0.9
-0.9
-0.9
-0.9
-0.9
-0.9
0.072
0.068
3
0.06
0
2
2
2
2
2
0.032
0.028
0.024
-2.98
-0.98
-0.98
-0.98
-0.98
-0.98
-0.98
-0.008
3
3
0
2
2
2
2
2
3
-0.048
-0.052
1.944
3
-3.064
-1.064
-1.064
-1.064
-1.064
3
-0.088
0
-0.096
1.9
-3.104
-1.104
-1.104
-1.104
-1.104
3
-0.128
0
3
-0.14
-4.144
-1.144
-1.144
-1.144
-1.144
3
3
0
-0.176
1.82
-3.184
-0.184
-1.184
-1.184
-1.184
3
-0.208
-3.212
-0.216
-0.22
-4.224
-1.224
-1.224
-1.224
-1.224
3
-0.248
-0.252
0
-0.26
0
2
2
2
2
3
-0.288
3
-3.296
-0.3
0
2
2
2
2
3
-0.328
-0.332
-3.336
3
0
2
2
2
2
-0.364
-0.368
-0.372
3
-0.38
-4.384
-1.384
-1.384
-1.384
-1.384
3
-0.408
-0.412
-0.416
3
-4.424
-1.424
-1.424
-1.424
-1.424
-1.424
-0.448
3
-0.456
-0.46
-3.464
-1.464
-1.464
-1.464
-1.464
3
-0.488
-0.492
-0.496
-0.5
1.496
1.492
-1.508
-1.508
-1.508
3
3
-0.532
-0.536
3
-4.544
-1.544
-1.544
-1.544
-1.544
3
-0.568
-0.572
-0.576
3
0
2
2
2
2
3
-0.608
-0.612
-0.616
-0.62
1.376
-1.624
-1.624
-1.624
-1.624
3
-0.648
-0.652
3
-0.66
-4.664
-1.664
-1.664
-1.664
-1.664
3
-0.688
3
-0.696
-0.7
-3.704
-1.704
-1.704
-1.704
-1.704
3
-0.728
3
3
-0.74
-4.744
-1.744
-1.744
-1.744
-1.744
-1.744
-0.768
-0.772
3
-0.78
-3.784
-1.784
-1.784
-1.784
-1.784
3
-0.808
3
3
-0.82
-3.824
-1.824
-1.824
-1.824
-1.824
3
-0.848
-0.852
-0.856
-0.86
3
-4.868
-1.868
-1.868
-1.868
-1.868
3
-0.892
-0.896
-0.9
3
2
2
2
2
-0.924
-0.928
-0.932
-0.936
-0.94
3
2
2
2
2
3
-0.968
3
-0.976
-0.98
-0.984
-1.984
-1.984
-1.984
____________________________________
Wed Apr  3 07:53:50 2024


PARAMETERS
NUMBER_NEURON = 6
VOLTAGE_TRESHOLD = 1.2
LEARNING_RATE = 0.1
LEAK_RATE = 1.5
TIME_ITERATION = 500
ITERATION_SPIKE_IN = 5
THRESHOLD_COORDINATES = 0.03
THRESHOLD_GYROSCOPE = 0.03  0.03  1.9   
-1.984
3
-3.008
-3.012
-3.016
-2.02
-0.02
-0.02
-0.02
-0.02
-0.02
-0.02
-0.02
-0.02
-0.02
-0.02
-0.02
-0.02
-0.02
-0.02
-0.02
-0.02
-0.02
-0.02
-0.02
-0.02
-0.02
-0.02
-0.02
-0.02
-0.02
-0.02
-0.02
-0.02
-0.02
-0.02
-0.02
-0.02
-0.02
-0.02
-0.02
-0.02
-0.02
-0.02
-0.02
-0.02
-0.02
-0.02
-0.02
-0.02
-0.02
-0.02
-0.02
-0.02
-0.02
-0.02
-0.02
-0.02
-0.02
-0.02
-0.02
-0.02
-0.02
-0.02
-0.02
-0.02
-0.02
-0.02
-0.02
-0.02
-0.02
-0.02
-0.02
-0.02
-0.02
-0.02
-0.02
-0.02
-0.02
-0.02
-0.02
-0.02
-0.02
-0.02
-0.02
-0.02
-0.02
-0.02
-0.02
-0.02
-0.02
-0.02
-0.02
-0.02
-0.02
-0.02
-0.02
-0.02
-0.02
-0.02
-0.02
-0.02
-0.02
-0.02
-0.02
-0.02
-0.02
-0.02
-0.02
-0.02
-0.02
-0.02
-0.02
-0.02
-0.02
-0.02
-0.02
-0.02
-0.02
-0.02
-0.02
-0.02
-0.02
-0.02
-0.02
-0.02
-0.02
-0.02
-0.02
-0.02
-0.02
-0.02
-0.02
-0.02
-0.02
-0.02
-0.02
-0.02
-0.02
-0.02
-0.02
-0.02
-0.02
-0.02
-0.02
-0.02
-0.02
-0.02
-0.02
-0.02
-0.02
-0.02
-0.02
-0.02
-0.02
-0.02
-0.02
-0.02
-0.02
-0.02
-0.02
-0.02
-0.02
-0.02
-0.02
-0.02
-0.02
-0.02
-0.02
-0.02
-0.02
-0.02
-0.02
-0.02
-0.02
-0.02
-0.02
-0.02
-0.02
-0.02
-0.02
-0.02
-0.02
-0.02
-0.02
-0.02
-0.02
-0.02
-0.02
-0.02
-0.02
-0.02
-0.02
-0.02
-0.02
-0.02
-0.02
-0.02
-0.02
-0.02
-0.02
-0.02
-0.02
-0.02
-0.02
-0.02
-0.02
-0.02
-0.02
-0.02
-0.02
-0.02
-0.02
-0.02
-0.02
-0.02
-0.02
-0.02
-0.02
-0.02
-0.02
-0.02
-0.02
-0.02
-0.02
-0.02
-0.02
-0.02
-0.02
-0.02
-0.02
-0.02
-0.02
-0.02
-0.02
-0.02
-0.02
-0.02
-0.02
-0.02
-0.02
-0.02
-0.02
-0.02
-0.02
-0.02
-0.02
-0.02
-0.02
-0.02
-0.02
-0.02
-0.02
-0.02
-0.02
-0.02
-0.02
-0.02
-0.02
-0.02
-0.02
-0.02
-0.02
-0.02
-0.02
-0.02
-0.02
-0.02
-0.02
-0.02
-0.02
-0.02
-0.02
-0.02
-0.02
-0.02
-0.02
-0.02
-0.02
-0.02
-0.02
-0.02
-0.02
-0.02
-0.02
-0.02
-0.02
-0.02
-0.02
-0.02
-0.02
-0.02
-0.02
-0.02
-0.02
-0.02
-0.02
-0.02
-0.02
-0.02
-0.02
-0.02
-0.02
-0.02
-0.02
-0.02
-0.02
-0.02
-0.02
-0.02
-0.02
-0.02
-0.02
-0.02
-0.02
-0.02
-0.02
-0.02
-0.02
-0.02
-0.02
-0.02
-0.02
-0.02
-0.02
-0.02
-0.02
-0.02
-0.02
-0.02
-0.02
-0.02
-0.02
-0.02
-0.02
-0.02
-0.02
-0.02
-0.02
-0.02
-0.02
-0.02
-0.02
-0.02
-0.02
-0.02
-0.02
-0.02
-0.02
-0.02
-0.02
-0.02
-0.02
-0.02
-0.02
-0.02
-0.02
-0.02
-0.02
-0.02
-0.02
-0.02
-0.02
-0.02
-0.02
-0.02
-0.02
-0.02
-0.02
-0.02
-0.02
-0.02
-0.02
-0.02
-0.02
-0.02
-0.02
-0.02
-0.02
-0.02
-0.02
-0.02
-0.02
-0.02
-0.02
-0.02
-0.02
-0.02
-0.02
-0.02
-0.02
-0.02
-0.02
-0.02
-0.02
-0.02
-0.02
-0.02
-0.02
-0.02
-0.02
-0.02
-0.02
-0.02
-0.02
-0.02
-0.02
-0.02
-0.02
-0.02
-0.02
-0.02
-0.02
-0.02
-0.02
-0.02
-0.02
-0.02
-0.02
-0.02
-0.02
-0.02
-0.02
-0.02
-0.02
-0.02
-0.02
-0.02
-0.02
-0.02
-0.02
-0.02
-0.02
-0.02
-0.02
-0.02
-0.02
-0.02
-0.02
-0.02
-0.02
-0.02
-0.02
-0.02
-0.02
-0.02
-0.02
-0.02
-0.02
-0.02
-0.02
-0.02
-0.02
-0.02
-0.02
-0.02
-0.02
-0.02
-0.02
-0.02
-0.02
-0.02
-0.02
-0.02
-0.02
-0.02
-0.02
-0.02
-0.02
-0.02
-0.02
-0.02
-0.02
-0.02
-0.02
-0.02
-0.02
-0.02
-0.02
-0.02
-0.02
-0.02
-0.02
-0.02
-0.02
-0.02
-0.02
-0.02
-0.02
-0.02
-0.02
-0.02
-0.02
-0.02
-0.02
-0.02
-0.02
-0.02
-0.02
-0.02
____________________________________
Wed Apr  3 08:24:05 2024


PARAMETERS
NUMBER_NEURON = 6
VOLTAGE_TRESHOLD = 1.2
LEARNING_RATE = 0.1
LEAK_RATE = 1.5
TIME_ITERATION = 500
ITERATION_SPIKE_IN = 5
THRESHOLD_COORDINATES = 0.03
THRESHOLD_GYROSCOPE = 0.03  0.03  1.9   
-0.02
-0.02
0.992
-2.012
-3.016
-3.02
0.976
-0.024
-0.024
-0.024
-0.024
-0.024
-0.024
0.948
-0.052
-0.052
-0.052
-0.052
-0.052
-0.052
-0.052
-0.052
-0.052
3
2
3
2
2
2
2
2
2
0.872
3
-2.136
0.86
-2.144
-0.144
-0.144
-0.144
-0.144
-0.144
2.832
-0.168
0.824
0.82
0
3
3
2
2
0.796
0.792
-2.212
3
0.78
0
0.772
-0.228
-0.228
-0.228
3
0.752
-2.252
0.744
-2.26
3
2
2
2
2
0.716
0.712
-2.292
0.704
-2.3
-0.3
-0.3
-0.3
-0.3
-0.3
0.676
0.672
0.668
-2.336
-0.336
-0.336
-0.336
-0.336
-0.336
-0.336
-0.336
3
3
0.624
3
0.616
-0.384
-0.384
-0.384
-0.384
-0.384
3
3
-2.416
-0.416
-0.416
-0.416
-0.416
-0.416
-0.416
0.556
0.552
-2.452
3
3
-2.464
-0.464
-0.464
-0.464
-0.464
3
0.512
-2.492
0.504
3
3
2
2
2
2
3
3
-2.532
3
3
-2.544
0.452
-0.548
-0.548
-0.548
3
3
-2.572
3
2.42
-2.584
-0.584
-0.584
-0.584
-0.584
0.396
-2.608
-2.612
3
2.38
-2.624
-0.624
-0.624
-0.624
-0.624
3
3
0
0.344
-2.66
0.336
-0.664
-0.664
-0.664
-0.664
5
0
-2.692
3
0
0
2
2
2
2
2.276
3
-3.732
2.264
3
0
2
2
2
2
0.236
-2.768
0
3
0.22
-3.784
-0.784
-0.784
-0.784
-0.784
5
3
0
2.184
-2.82
-0.82
-0.82
-0.82
-0.82
-0.82
3
3
0
0.144
3
-3.864
-0.864
-0.864
-0.864
-0.864
0.116
3
-2.892
0.104
3
0
2
2
2
2
2.076
3
0
3
3
-3.944
-0.944
-0.944
-0.944
-0.944
0.036
3
-2.972
3
-2.98
0
-2.988
0.008
-0.992
-0.992
-0.004
3
3
-3.016
3
-3.024
-0.028
-1.028
-1.028
-1.028
-0.044
-0.048
-0.052
-3.056
-0.06
-3.064
5
2
2
2
3
3
3
0
2
2
2
2
2
2
5
3
-4.132
-1.132
3
3
-4.148
-1.148
-1.148
-1.148
3
3
3
0
-0.18
-4.184
-1.184
-1.184
-1.184
-1.184
-0.204
3
-0.212
1.784
-0.22
-1.22
-1.22
-1.22
-1.22
-1.22
-0.244
3
0
-0.256
3
-4.264
-1.264
-1.264
-1.264
-1.264
-0.284
-0.288
0
3
-3.3
-1.3
-1.3
-1.3
-1.3
-1.3
-0.324
-0.328
3
0
3
0
2
2
2
2
-0.364
3
0
-0.376
3
-4.384
-1.384
-1.384
-1.384
-1.384
-0.404
1.592
0
3
1.58
3
2
2
2
2
1.556
3
0
3
3
-4.464
-1.464
-1.464
-1.464
-1.464
5
3
0
1.504
3
-4.504
-1.504
-1.504
-1.504
-1.504
3
3
0
-0.536
3
-4.544
-1.544
-1.544
-1.544
-1.544
-0.564
-0.568
-3.572
3
0
2
2
2
2
2
-0.604
-0.608
-3.612
3
-3.62
-1.62
-1.62
-1.62
-1.62
-1.62
-0.644
3
-3.652
3
3
-4.664
-1.664
-1.664
-1.664
-1.664
-0.684
3
3
-3.696
3
0
2
2
2
2
3
-0.728
-3.732
3
-3.74
-3.744
-1.744
-1.744
-1.744
-1.744
3
3
3
-3.776
1.22
1.216
-1.784
-1.784
-1.784
-1.784
3
3
3
0
3
3
-4.828
-1.828
-1.828
-1.828
5
3
-3.852
3
3
-4.864
-1.864
-1.864
-1.864
-1.864
3
3
3
-4.896
-1.896
-1.896
-1.896
-1.896
-1.896
-1.896
-0.924
3
-3.932
3
3
-4.944
-1.944
-1.944
-1.944
-1.944
-0.964
3
3
0
2
2
2
2
2
____________________________________
Wed Apr  3 09:10:51 2024


PARAMETERS
NUMBER_NEURON = 6
VOLTAGE_TRESHOLD = 1.2
LEARNING_RATE = 0.1
LEAK_RATE = 1.5
TIME_ITERATION = 500
ITERATION_SPIKE_IN = 5
THRESHOLD_COORDINATES = 0.03
THRESHOLD_GYROSCOPE = 0.03  0.03  1.9   
2
2
2
0.988
-3.016
-3.02
0
0
-3.032
0.964
-0.036
-0.036
-0.036
-0.036
5
2
2
2
2
2
2
2
2
2
0.904
-0.096
-0.096
-0.096
-0.096
-0.096
-0.096
-0.096
-0.096
-0.096
2.864
-0.136
-0.136
-0.136
-0.136
-0.136
-0.136
-0.136
-0.136
-0.136
2.824
0.82
-0.18
-0.18
-0.18
-0.18
-0.18
-0.18
-0.18
2.788
3
3
-2.224
0.772
-0.228
-0.228
-0.228
-0.228
-0.228
2.748
0.744
3
-2.264
-0.264
-0.264
-0.264
-0.264
-0.264
-0.264
0.708
5
0.7
2.696
-2.308
-2.312
2.684
-2.32
3
-2.328
0.668
0.664
3
0
2
2
2
2
2
2
0.628
3
3
-2.384
-0.384
-0.384
-0.384
-0.384
-0.384
-0.384
-0.384
2.584
3
2.576
-2.428
-0.428
-0.428
-0.428
-0.428
-0.428
0.548
3
0.54
0
0.532
0
2
2
2
2
0.508
3
3
-3.504
0
2
2
2
2
2
3
0.464
-2.54
-3.544
-0.544
-0.544
-0.544
-0.544
-0.544
-0.544
-0.544
3
-2.58
-2.584
-0.584
-0.584
-0.584
-0.584
-0.584
-0.584
-0.584
0.384
3
3
-2.628
-0.628
-0.628
-0.628
-0.628
-0.628
-0.628
2.344
3
3
-2.668
-0.668
-0.668
-0.668
-0.668
-0.668
-0.668
-0.668
0.3
3
2
2
2
2
2
2
2.268
0.264
-2.74
0
2
2
2
2
2
2
3
3
-2.78
0
2
2
2
2
2
2
0.188
3
0.18
-2.824
2.172
-0.828
-0.828
-0.828
-0.828
-0.828
-0.828
-0.828
2.14
0.136
-0.864
-0.864
-0.864
-0.864
-0.864
-0.864
2.108
3
-2.9
-2.904
-0.904
-0.904
-0.904
-0.904
-0.904
-0.904
-0.904
2.064
3
0.056
-2.948
-0.948
-0.948
-0.948
-0.948
-0.948
-0.948
0.024
0.02
0.016
-2.988
-0.988
-0.988
-0.988
-0.988
-0.988
-0.988
1.984
3
1.976
1.972
-1.028
-1.028
-1.028
-1.028
-1.028
-1.028
-0.056
3
-0.064
1.932
-1.068
-1.068
-1.068
-1.068
-1.068
-1.068
1.904
3
3
0
2
2
2
2
2
2
-0.136
3
1.856
5
2
2
2
2
2
-0.172
-3.176
-4.18
-1.18
-1.18
-1.18
-1.18
-1.18
-1.18
-1.18
-1.18
5
-0.22
-0.224
-3.228
-1.228
-1.228
-1.228
-1.228
-1.228
-1.228
1.744
3
3
0
2
2
2
2
2
2
1.704
-0.3
-0.304
-0.308
-1.308
-1.308
-1.308
-1.308
-1.308
-1.308
-0.336
-0.34
1.656
5
2
2
2
2
2
5
-0.376
-0.38
-3.384
-1.384
-1.384
-1.384
-1.384
-1.384
-1.384
-1.384
1.584
3
-0.424
0
2
2
2
2
2
-0.452
-0.456
1.54
1.536
-1.464
-1.464
-1.464
-1.464
-1.464
-1.464
-0.492
-3.496
-0.5
1.496
-1.504
-1.504
-1.504
-1.504
-1.504
-1.504
1.468
-3.536
-0.54
1.456
-1.544
-1.544
-1.544
-1.544
-1.544
-1.544
5
-3.576
3
1.416
-1.584
-1.584
-1.584
-1.584
-1.584
-1.584
1.388
-3.616
1.38
-3.624
-1.624
-1.624
-1.624
-1.624
-1.624
-1.624
-1.624
1.344
3
-0.664
-3.668
-1.668
-1.668
-1.668
-1.668
-1.668
-1.668
-0.696
-0.7
1.296
-3.708
-1.708
-1.708
-1.708
-1.708
-1.708
-1.708
-1.708
1.26
-3.744
-1.744
-1.744
-1.744
-1.744
-1.744
-1.744
-1.744
1.224
-0.78
1.216
1.212
-1.788
-1.788
-1.788
-1.788
-1.788
-1.788
-1.788
-0.82
3
-0.828
-3.832
-1.832
-1.832
-1.832
-1.832
-1.832
-1.832
-1.832
-1.832
-1.832
-1.832
-1.832
-1.832
-1.832
-1.832
3
3
-0.9
-3.904
-1.904
-1.904
-1.904
-1.904
-1.904
-1.904
-1.904
-1.904
-0.94
-0.944
-1.944
-1.944
-1.944
-1.944
-1.944
-1.944
-0.972
-0.976
-0.98
-0.984
-1.984
-1.984
-1.984
____________________________________
Wed Apr  3 09:51:56 2024


PARAMETERS
NUMBER_NEURON = 6
VOLTAGE_TRESHOLD = 1.3
LEARNING_RATE = 0.1
LEAK_RATE = 1.5
TIME_ITERATION = 500
ITERATION_SPIKE_IN = 5
THRESHOLD_COORDINATES = 0.03
THRESHOLD_GYROSCOPE = 0.03  0.03  1.9   
____________________________________
Wed Apr  3 09:51:56 2024


PARAMETERS
NUMBER_NEURON = 6
VOLTAGE_TRESHOLD = 1.3
LEARNING_RATE = 0.1
LEAK_RATE = 1.5
TIME_ITERATION = 500
ITERATION_SPIKE_IN = 5
THRESHOLD_COORDINATES = 0.03
THRESHOLD_GYROSCOPE = 0.03  0.03  1.9   
-1.984
-2.004
0
-3.012
0
0
0
-2.028
0.968
2.964
0.96
0.956
0
-2.052
2.944
0
-2.064
3
0
2
2
0.916
2.912
0
-3.096
-2.1
-0.1
-0.1
-0.1
-0.1
-0.1
-0.1
5
0.868
0.864
0.86
-0.14
-0.14
-0.14
-0.14
-0.14
-0.14
0.832
-2.172
3
0.82
-0.18
-0.18
-0.18
-0.18
-0.18
-0.18
0.792
-2.212
2.784
3
2
2
2
2
2
2
0.752
0.748
3
-2.26
-0.26
-0.26
-0.26
-0.26
-0.26
-0.26
0.712
0.708
3
2.7
2.696
2.692
-0.308
-0.308
-0.308
-0.308
0.672
0
-3.336
0.66
2.656
2.652
2.648
2.644
-2.36
3
2.632
2.628
-3.376
-2.38
0
-2.388
3
3
0.6
-2.404
0.592
-2.412
0.584
3
0.576
2.572
0.568
-2.436
-0.436
0.556
0.552
2.548
0.544
-3.46
0.536
0.532
-0.468
-0.468
-0.468
-0.468
0.512
0
3
3
-2.504
-0.504
-0.504
-0.504
-0.504
3
0.472
-2.532
5
3
3
-2.548
-0.548
-0.548
-0.548
-0.548
0.432
0
0.424
2.42
2.416
-2.588
-0.588
-0.588
-0.588
3
0.392
0
2.384
2.38
0
2.372
-0.628
-0.628
-0.628
3
-2.648
-3.652
0.344
0.34
3
2.332
-0.668
-0.668
-0.668
0.316
3
2.308
0.304
0
5
-2.708
-0.708
-0.708
-0.708
2.276
-2.728
-3.732
2.264
3
3
5
2
2
2
0.236
0.232
-3.772
0.224
3
0.216
2.212
-0.788
-0.788
-0.788
3
-2.808
-3.812
0.184
3
0.176
-2.828
-0.828
-0.828
-0.828
0.156
-2.848
-2.852
0
-2.86
-0.86
-0.86
-0.86
-0.86
-0.86
2.116
-2.888
0.108
3
0.1
0.096
-0.904
-0.904
-0.904
-0.904
0.076
0.072
0.068
5
0.06
0.056
0
2
2
2
3
0.032
3
0.024
3
2.016
-2.988
-0.988
-0.988
-0.988
3
-0.008
-3.012
3
3
-0.024
-3.028
-1.028
-1.028
-1.028
1.956
-0.048
0
-3.056
-0.06
-1.06
-1.06
-1.06
-1.06
-1.06
5
-3.088
-0.092
3
5
-3.104
-1.104
-1.104
-1.104
-1.104
-0.124
-0.128
3
-3.136
-0.14
-3.144
-1.144
-1.144
-1.144
-1.144
-1.144
-0.168
-3.172
-0.176
3
-0.184
-1.184
-1.184
-1.184
-1.184
3
-0.208
-0.212
-0.216
1.78
3
1.772
-1.228
-1.228
-1.228
1.756
-0.248
0
2
-0.26
-0.264
3
2
2
2
5
-0.288
0
-0.296
1.7
3
-0.308
-1.308
-1.308
-1.308
1.676
-0.328
0
-0.336
5
-0.344
3
2
2
2
5
-3.368
-0.372
-3.376
1.62
1.616
-1.384
-1.384
-1.384
-1.384
1.596
-3.408
3
-0.416
-3.42
-1.42
-1.42
-1.42
-1.42
-1.42
-0.444
-0.448
3
-0.456
1.54
-3.464
-1.464
-1.464
-1.464
-1.464
-0.484
-0.488
0
2
-0.5
-0.504
-1.504
-1.504
-1.504
-1.504
-0.524
-0.528
-3.532
5
5
-3.544
-1.544
-1.544
-1.544
-1.544
5
-0.568
-3.572
1.424
-0.58
-0.584
1.412
-1.588
-1.588
-1.588
-0.604
5
5
3
-3.62
-1.62
-1.62
-1.62
-1.62
-1.62
3
5
-0.652
-0.656
3
5
1.332
-1.668
-1.668
-1.668
1.316
-0.688
-4.692
-1.692
-1.692
-1.692
-1.692
-1.692
-1.692
-1.692
5
-0.728
-3.732
-1.732
3
1.256
-1.744
-1.744
-1.744
-1.744
-0.764
3
3
3
1.22
1.216
-1.784
-1.784
-1.784
-1.784
1.196
-0.808
0
2
1.18
-1.82
-1.82
-1.82
-1.82
-1.82
-0.844
-0.848
-0.852
-0.856
3
0
2
2
2
2
-0.884
1.112
3
3
1.1
-3.904
-1.904
-1.904
-1.904
-1.904
1.076
-0.928
-3.932
5
2
2
2
2
2
2
3
3
-0.972
-0.976
3
-3.984
-1.984
-1.984
-1.984
____________________________________
Wed Apr  3 10:40:10 2024


PARAMETERS
NUMBER_NEURON = 6
VOLTAGE_TRESHOLD = 1.3
LEARNING_RATE = 0.1
LEAK_RATE = 1.5
TIME_ITERATION = 500
ITERATION_SPIKE_IN = 5
THRESHOLD_COORDINATES = 0.03
THRESHOLD_GYROSCOPE = 0.03  0.03  1.9   
-1.984
3
0
-3.012
-3.016
0.98
0
2
2
2
2
2
3
5
-3.056
2.94
0
2
2
2
2
0.916
-2.088
0
2.904
2.9
0
3
-2.112
3
-2.12
3
3
-3.132
0
0
-3.144
-0.144
-0.144
-0.144
-0.144
0.836
-2.168
-2.172
2.824
3
0
2
2
2
2
3
-2.208
-2.212
2.784
2.78
0.776
3
2
2
2
0.756
-2.248
-2.252
2.744
3
-2.264
-0.264
-0.264
-0.264
-0.264
0.716
0
2.708
2.704
0
2.696
2.692
-0.308
-0.308
-0.308
0.676
0
-2.332
-2.336
3
2
2
2
2
2
2.636
-2.368
3
-2.376
-0.376
-0.376
-0.376
-0.376
-0.376
-0.376
2.596
-2.408
-2.412
2.584
2.58
3
2
2
2
2
2.556
0
0
0.544
0.54
0.536
-0.464
-0.464
-0.464
-0.464
0.516
0
0.508
3
0
0.496
-0.504
-0.504
-0.504
-0.504
0.476
-2.528
2.468
0.464
-2.54
0.456
-0.544
-0.544
-0.544
-0.544
2.436
-2.568
0
2.424
0.42
-2.584
-0.584
-0.584
-0.584
-0.584
3
2.392
-3.612
-0.612
2.38
-0.62
-0.62
____________________________________
Wed Apr  3 13:08:11 2024


PARAMETERS
NUMBER_NEURON = 6
VOLTAGE_TRESHOLD = 1.2
LEARNING_RATE = 0.1
LEAK_RATE = 1.5
TIME_ITERATION = 500
ITERATION_SPIKE_IN = 5
THRESHOLD_COORDINATES = 0.03
THRESHOLD_GYROSCOPE = 0.03  0.03  1.9   
____________________________________
Wed Apr  3 13:08:11 2024


PARAMETERS
NUMBER_NEURON = 6
VOLTAGE_TRESHOLD = 1.2
LEARNING_RATE = 0.1
LEAK_RATE = 1.5
TIME_ITERATION = 500
ITERATION_SPIKE_IN = 5
THRESHOLD_COORDINATES = 0.03
THRESHOLD_GYROSCOPE = 0.03  0.03  1.9   
0
2.996
-3.008
0
-3.016
-2.02
0
0
0
0
0
0
2.952
2.948
-2.056
2.94
0
0
0
0
0
0
2.912
-2.092
-2.096
2.9
0
0
0
0
0
0
2.872
2.868
-2.136
2.86
2.856
0
0
0
0
0
2.832
-2.172
-2.176
0
0
0
0
0
0
0
2.792
0
2.784
-2.22
0
0
0
0
0
2.756
-2.248
2.748
2.744
-2.26
0
0
0
0
0
0
2.712
-2.292
0
2.7
2.696
0
0
0
0
2.676
-2.328
2.668
2.664
0
0
0
0
0
0
2.636
-2.368
0
2.624
2.62
-2.384
0
0
0
0
2.596
-2.408
0
2.584
-2.42
0
0
0
0
0
2.556
-2.448
0
2.544
2.54
-2.464
0
0
0
0
2.516
2.512
-2.492
0
2.5
2.496
1
0
1
0
2.476
2.472
-3.532
0
2.46
2.456
0
0
0
0
2.436
-2.568
2.428
2.424
2.42
0
0
0
0
0
2.396
0.392
-2.612
2.384
2.38
2.376
0
0
0
0
2.356
-2.648
0
2.344
2.34
-2.664
0
0
0
0
2.316
0.312
2.308
2.304
-2.7
0
0
0
0
0
2.276
-2.728
0
2.264
2.26
0
0
0
0
0
2.236
2.232
-3.772
0
2.22
2.216
0
0
0
0
2.196
-2.808
2.188
2.184
-2.82
0
0
0
0
0
2.156
2.152
0
2.144
2.14
2.136
0
0
0
0
2.116
-2.888
0
2.104
2.1
-2.904
0
0
0
0
2.076
2.072
-2.932
0
2.06
2.056
0
0
0
0
2.036
5
0
0
2.02
-2.984
0
0
0
0
1.996
-3.008
-3.012
1.984
1.98
-3.024
0
0
0
0
1.956
-3.048
1.948
1.944
1.94
-3.064
0
0
0
0
1.916
1.912
-3.092
0
1.9
1.896
0
0
0
0
1.876
1.872
-3.132
1.864
1.86
1.856
0
0
0
0
1.836
1.832
-3.172
1.824
1.82
-3.184
0
0
0
0
1.796
1.792
-4.212
0
0
0
0
0
0
0
1.756
1.752
-4.252
0
0
0
0
0
0
0
1.716
1.712
1.708
1.704
1.7
1.696
0
0
0
0
1.676
1.672
1.668
0
0
0
0
0
0
0
1.636
-3.368
1.628
1.624
1.62
0
0
0
0
0
1.596
1.592
-4.412
0
0
0
0
0
0
0
1.556
1.552
0
1.544
1.54
-3.464
0
0
0
0
1.516
1.512
-3.492
0
1.5
1.496
0
0
0
0
1.476
-3.528
0
1.464
1.46
0
0
0
0
0
1.436
1.432
-3.572
0
1.42
-3.584
0
0
0
0
1.396
1.392
-3.612
1.384
1.38
-3.624
0
0
0
0
1.356
1.352
1.348
0
0
0
0
0
0
0
1.316
1.312
-4.692
0
0
0
0
0
0
0
1.276
1.272
1.268
1.264
0
0
0
0
0
0
1.236
1.232
0
1.224
1.22
-3.784
0
0
0
0
1.196
1.192
1.188
0
0
0
0
0
0
0
1.156
-0.848
-3.852
0
1.14
1.136
0
0
0
0
1.116
1.112
-3.892
1.104
1.1
1.096
0
0
0
0
1.076
-0.928
1.068
1.064
1.06
0
0
0
0
0
1.036
1.032
1.028
-3.976
1.02
0
0
0
0
____________________________________
Wed Apr  3 13:47:48 2024


PARAMETERS
NUMBER_NEURON = 6
VOLTAGE_TRESHOLD = 1.2
LEARNING_RATE = 0.1
LEAK_RATE = 1.5
TIME_ITERATION = 500
ITERATION_SPIKE_IN = 5
THRESHOLD_COORDINATES = 0.03
THRESHOLD_GYROSCOPE = 0.03  0.03  1.9   
0
2.996
-2.008
-3.012
-3.016
0
2.976
2.972
2.968
2.964
2.96
2.956
0
-3.052
-3.056
2.94
2.936
2.932
0.928
2.924
2.92
-2.084
0
-3.092
2.904
-2.1
2.896
0
0
0
0
0
2.872
0
2.864
-2.14
2.856
-2.148
0
0
0
0
2.832
-2.172
-2.176
-2.18
2.816
2.812
0
0
0
0
2.792
-2.212
2.784
2.78
-2.224
0
0
0
0
0
2.752
-2.252
2.744
-2.26
-2.264
0
0
0
0
2.716
2.712
0.708
-2.296
2.7
2.696
2.692
2.688
-2.316
0
2.676
2.672
-3.332
0
0.66
2.656
0
0
0
0
2.636
-2.368
2.628
-2.376
2.62
-2.384
2.612
0
0
0
2.596
-2.408
2.588
-2.416
5
2.576
2.572
-2.432
