____________________________________
Tue Apr  2 10:50:59 2024


PARAMETERS
NUMBER_NEURON = 6
VOLTAGE_TRESHOLD = 0.8
LEARNING_RATE = 0.1
LEAK_RATE = 1.5
TIME_ITERATION = 500
ITERATION_SPIKE_IN = 5
THRESHOLD_COORDINATES = 0.03
THRESHOLD_GYROSCOPE = 0.03  0.03  1.9   
____________________________________
Tue Apr  2 10:50:59 2024


PARAMETERS
NUMBER_NEURON = 6
VOLTAGE_TRESHOLD = 0.8
LEARNING_RATE = 0.1
LEAK_RATE = 1.5
TIME_ITERATION = 500
ITERATION_SPIKE_IN = 5
THRESHOLD_COORDINATES = 0.03
THRESHOLD_GYROSCOPE = 0.03  0.03  1.9   
3
-3.004
-3.008
0
-2.016
-2.02
3
-2.028
3
3
-2.04
0.956
3
5
0
-2.06
-2.064
-2.068
-0.068
-0.068
-0.068
3
0
-2.092
3
-2.1
5
3
2
2
2
0.876
2.872
0
-2.136
0.86
0
0.852
-0.148
-0.148
-0.148
0.836
-2.168
0
3
0
0.816
3
2
2
2
0.796
-2.208
-2.212
-2.216
0.78
5
-2.228
0.768
-0.232
-0.232
-0.232
-2.248
3
-2.256
-2.26
-0.26
-0.26
-0.26
-0.26
-0.26
0.716
-2.288
0
3
3
-2.304
3
2
2
2
0.676
-2.328
0.668
0.664
0
2
2
2
2
2
0.636
-2.368
-0.368
0
2.62
3
0.612
-0.388
-0.388
-0.388
0.596
0
-2.412
-2.416
0.58
-0.42
-0.42
-0.42
-0.42
-0.42
0.556
-2.448
-0.448
0.544
-2.46
-0.46
-0.46
-0.46
-0.46
-0.46
0.516
0.512
3
0
2
2
2
2
2
2
0.476
-2.528
-0.528
0.464
3
3
2
2
2
2
0.436
-2.568
0
2
0.42
3
2
2
2
2
0.396
-2.608
-0.608
-2.616
-0.616
-0.616
-0.616
-0.616
-0.616
-0.616
0.356
3
-2.652
2.344
-0.656
-0.656
-0.656
-0.656
-0.656
-0.656
0.316
0.312
-2.692
-0.692
0.3
-0.7
-0.7
-0.7
-0.7
-0.7
3
0.272
0.268
-2.736
-0.736
-0.736
-0.736
-0.736
-0.736
-0.736
0.236
3
3
0
0.22
-0.78
-0.78
-0.78
-0.78
-0.78
3
3
-2.812
-0.812
0.18
-0.82
-0.82
-0.82
-0.82
-0.82
0.156
-2.848
-0.848
3
3
0
0.132
-0.868
0.132
-0.868
-0.868
-2.888
-0.888
0.104
3
-2.904
-0.904
-0.904
-0.904
-0.904
3
-2.928
-0.928
3
-2.94
-0.94
-0.94
-0.94
-0.94
-0.94
3
3
-2.972
-0.972
-0.972
-0.972
-0.972
-0.972
-0.972
-0.972
3
0
2
-0.016
-1.016
-1.016
-1.016
-1.016
-1.016
-1.016
3
0
2
-0.056
-1.056
-1.056
-1.056
-1.056
-1.056
-1.056
-0.084
0
2
-0.096
-1.096
-1.096
-1.096
-1.096
-1.096
-1.096
3
-3.128
-1.128
-0.136
3
2
2
2
2
2
3
-3.168
-1.168
3
0
2
2
2
2
2
3
-3.208
-1.208
-0.216
-0.22
-1.22
-1.22
-1.22
-1.22
-1.22
3
-3.248
-1.248
-0.256
5
2
2
2
2
2
3
0
2
1.704
3
2
2
2
2
2
-0.324
0
2
-0.336
5
2
2
2
2
2
3
-3.368
-1.368
3
-0.38
-1.38
-1.38
-1.38
-1.38
-1.38
-0.404
-3.408
-1.408
-0.416
-0.42
-0.424
-1.424
-1.424
-1.424
-1.424
-0.444
3
5
2
-0.46
1.536
-1.464
-1.464
-1.464
-1.464
3
-0.488
-0.492
-0.496
-0.5
3
2
2
2
2
3
-0.528
3
-0.536
-0.54
-0.544
-1.544
-1.544
-1.544
-1.544
3
-3.568
-1.568
-0.576
-0.58
-0.584
-1.584
-1.584
-1.584
-1.584
3
-0.608
-0.612
-0.616
-1.616
-1.616
-1.616
-1.616
-1.616
-1.616
-0.644
-0.648
-0.652
-1.652
-0.66
-0.664
-1.664
-1.664
-1.664
-1.664
3
-0.688
-0.692
-1.692
-0.7
-0.704
-1.704
-1.704
-1.704
-1.704
3
-0.728
1.268
-1.732
-0.74
1.256
-1.744
-1.744
-1.744
-1.744
3
-0.768
1.228
-1.772
-0.78
1.216
-1.784
-1.784
-1.784
-1.784
3
-3.808
-1.808
3
-0.82
-0.824
-1.824
-1.824
-1.824
-1.824
3
-0.848
-0.852
-1.852
3
5
2
2
2
2
3
3
-0.892
3
3
-0.904
-1.904
-1.904
-1.904
-1.904
3
-4.928
-1.928
-1.928
-0.94
5
2
2
2
2
3
-3.968
-1.968
3
3
1.016
-1.984
-1.984
-1.984
____________________________________
Tue Apr  2 11:35:52 2024


PARAMETERS
NUMBER_NEURON = 6
VOLTAGE_TRESHOLD = 0.8
LEARNING_RATE = 0.1
LEAK_RATE = 1.5
TIME_ITERATION = 500
ITERATION_SPIKE_IN = 5
THRESHOLD_COORDINATES = 0.03
THRESHOLD_GYROSCOPE = 0.03  0.03  1.9   
-2
-3.004
-3.008
-3.012
-2.016
-2.02
3
2
2
2
2
2
2
0.948
-2.056
-0.056
-0.056
-0.056
-0.056
-0.056
-0.056
-0.056
0.912
3
0.904
5
2
2
2
2
2
2
0.872
0
2
3
2.856
-0.144
-0.144
-0.144
-0.144
0.836
-2.168
2.828
3
0
-2.184
0.812
-0.188
-0.188
-0.188
-0.188
-2.208
3
-2.216
0.78
-0.22
-0.22
-0.22
-0.22
-0.22
-0.22
-2.248
0.748
0.744
2.74
0.736
0.732
0.728
-0.272
-0.272
-0.272
2.712
-2.292
-2.296
3
2
2
2
2
2
3
-2.328
0.668
0.664
3
3
2
2
2
2
2.636
-2.368
3
0.624
2.62
-2.384
-0.384
-0.384
-0.384
-0.384
0.596
2.592
2.588
0
-2.42
-0.42
-0.42
-0.42
-0.42
-0.42
3
0
-2.452
0.544
-2.46
-2.464
-0.464
-0.464
-0.464
-0.464
3
0
2
0.504
2.5
-2.504
-0.504
-0.504
-0.504
-0.504
0.476
-2.528
0.472
0.464
-2.54
0.46
0.46
0.46
-0.54
-0.54
2.436
2.432
-2.572
0.428
3
3
3
2
2
2
2.396
-2.608
2.388
-2.616
-0.616
-0.616
-0.616
-0.616
-0.616
-0.616
3
-2.648
0.348
-0.652
0.34
0.336
-0.664
-0.664
-0.664
-0.664
2.316
-2.688
-0.688
3
0.3
0.296
-0.704
-0.704
-0.704
-0.704
3
0.272
0.268
-0.732
2.26
3
0.252
-0.748
-0.748
-0.748
2.236
5
-2.772
-0.772
2.22
-2.784
-0.784
-0.784
-0.784
-0.784
3
2.192
2.188
-2.816
-0.816
0.184
-0.816
-0.816
-0.816
-0.816
0.156
-2.848
-0.848
0.144
2.14
-2.864
-0.864
-0.864
-0.864
-0.864
3
2.112
2.108
-2.896
3
2
2
2
2
2
3
2.072
0
2
3
0
2
2
2
2
3
0
0.028
0
2
2
2
2
2
2
3
0
-0.012
0
2
2
2
2
2
2
-0.044
0
-0.052
-3.056
-1.056
-1.056
-1.056
-1.056
-1.056
-1.056
-0.084
0
-0.092
0
2
2
2
2
2
2
-0.124
0
3
0
2
2
2
2
2
2
3
0
-0.172
-3.176
-1.176
-1.176
-1.176
-1.176
-1.176
-1.176
3
0
-0.212
0
2
2
2
2
2
2
3
0
-0.252
0
2
2
2
2
2
2
-0.284
0
-0.292
0
2
2
2
2
2
2
3
0
-0.332
-3.336
-1.336
-1.336
-1.336
-1.336
-1.336
-1.336
-0.364
-3.368
3
-3.376
-1.376
-1.376
-1.376
-1.376
-1.376
-1.376
-0.404
-3.408
-1.408
3
1.58
1.576
-1.424
-1.424
-1.424
-1.424
-0.444
1.552
-3.452
-1.452
-0.46
-0.464
-1.464
-1.464
-1.464
-1.464
-0.484
5
1.508
-3.496
-0.496
-0.496
-1.496
-1.496
-1.496
-1.496
3
-3.528
-1.528
3
1.46
-0.544
-1.544
-1.544
-1.544
-1.544
3
5
-3.572
3
-0.58
1.416
-1.584
-1.584
-1.584
-1.584
-0.604
1.392
1.388
1.384
-3.62
-0.624
-1.624
-1.624
-1.624
-1.624
-0.644
1.352
1.348
1.344
1.34
0
2
2
2
2
5
-3.688
-0.692
-3.696
3
2
2
2
2
2
3
-3.728
3
3
-0.74
-3.744
-1.744
-1.744
-1.744
-1.744
3
1.232
1.228
1.224
1.22
-3.784
-1.784
-1.784
-1.784
-1.784
-0.804
1.192
1.188
1.184
-3.82
-1.82
-1.82
-1.82
-1.82
-1.82
3
-3.848
-1.848
5
5
-3.864
-1.864
-1.864
-1.864
-1.864
-0.884
1.112
1.108
-3.896
-1.896
-1.896
-1.896
-1.896
-1.896
-1.896
1.076
-3.928
-1.928
-0.936
-0.94
1.056
-1.944
-1.944
-1.944
-1.944
-0.964
5
1.028
1.024
1.02
-3.984
-1.984
-1.984
-1.984
____________________________________
Tue Apr  2 12:18:55 2024


PARAMETERS
NUMBER_NEURON = 6
VOLTAGE_TRESHOLD = 0.8
LEARNING_RATE = 0.1
LEAK_RATE = 1.5
TIME_ITERATION = 500
ITERATION_SPIKE_IN = 5
THRESHOLD_COORDINATES = 0.03
THRESHOLD_GYROSCOPE = 0.03  0.03  1.9   
-1.984
