NOOOOOOOTTTTT________________________________________________________________________
Wed Apr  3 14:04:03 2024


PARAMETERS
NUMBER_NEURON = 6
VOLTAGE_TRESHOLD = 1.2
LEARNING_RATE = 0.1
LEAK_RATE = 1.5
TIME_ITERATION = 500
ITERATION_SPIKE_IN = 5
THRESHOLD_COORDINATES = 0.03
THRESHOLD_GYROSCOPE = 0.03  0.03  1.9   
____________________________________
Wed Apr  3 14:04:03 2024


PARAMETERS
NUMBER_NEURON = 6
VOLTAGE_TRESHOLD = 1.2
LEARNING_RATE = 0.1
LEAK_RATE = 1.5
TIME_ITERATION = 500
ITERATION_SPIKE_IN = 5
THRESHOLD_COORDINATES = 0.03
THRESHOLD_GYROSCOPE = 0.03  0.03  1.9   
0
2.996
-3.008
0
-3.016
-2.02
0
0
0
0
0
0
2.952
2.948
-2.056
2.94
0
0
0
0
0
0
2.912
-2.092
-2.096
2.9
0
0
0
0
0
0
2.872
2.868
-2.136
2.86
2.856
0
0
0
0
0
2.832
-2.172
0
2.82
-2.184
0
0
0
0
0
2.792
-2.212
2.784
0.78
2.776
-2.228
0
0
0
2.756
0
-2.252
2.744
-2.26
2.736
0
0
0
0
2.716
-2.288
2.708
2.704
-2.3
0
0
0
0
0
2.676
-2.328
0
2.664
-2.34
0
0
0
0
0
2.636
-2.368
0
2.624
2.62
0
0
0
0
0
2.596
-2.408
2.588
2.584
2.58
0
0
0
0
0
2.556
-2.448
2.548
2.544
-2.46
0
0
0
0
0
2.516
-2.488
0
2.504
2.5
-2.504
0
0
0
0
2.476
-2.528
0
2.464
-2.54
-2.544
0
0
0
0
2.436
0
5
2.424
2.42
2.416
1
0
1
0
2.396
-3.608
0
0
2.38
2.376
0
0
0
0
2.356
-2.648
