____________________________________
Tue Apr  9 11:53:08 2024


PARAMETERS
NUMBER_NEURON = 6
VOLTAGE_TRESHOLD = 1.2
LEARNING_RATE = 0.1
LEAK_RATE = 1.5
TIME_ITERATION = 500
ITERATION_SPIKE_IN = 5
THRESHOLD_COORDINATES = 0.047
THRESHOLD_GYROSCOPE = 0.03  0.03  1.9   
____________________________________
Tue Apr  9 11:53:08 2024


PARAMETERS
NUMBER_NEURON = 6
VOLTAGE_TRESHOLD = 1.2
LEARNING_RATE = 0.1
LEAK_RATE = 1.5
TIME_ITERATION = 500
ITERATION_SPIKE_IN = 5
THRESHOLD_COORDINATES = 0.047
THRESHOLD_GYROSCOPE = 0.03  0.03  1.9   
0
7
-3
-3
-2
4.98
-2
0
0
0
0
2
-2
-2
7
-3
-2
0
0
0
0
2
-2
-3
2
2
2
-2
0
0
0
2
7
-3
-2
0
0
0
0
0
0
7
-3
4.828
-2
-3
2
0
0
0
0
2
-2
-2
4.784
-2
2
0
0
0
0
2
-2
-2
7
-2
2
0
0
0
0
2
-2
4.708
-2
-2
0
0
0
0
0
4.676
-2
2
2
-2
2
0
0
0
0
2
-2
7
-2
7
-2
0
0
0
0
2
-2
-2
0
2
-2
0
0
0
0
2
-2
-2
0
2
-2
0
0
0
0
2
-2
2
-2
0
0
0
0
0
0
2
-2
2
-2
0
0
0
0
0
0
2
-2
0
2
-2
2
0
0
0
0
2
-2
0
2
7
-2
0
0
0
0
2
-2
-2
2
2
2
0
0
0
0
2
-2
0
2
-2
2
0
0
0
0
2
-2
0
2
7
-2
0
0
0
0
2
4.232
-2
0
2
2
0
0
0
0
2
-2
0
2
7
-2
0
0
0
0
2
-2
2
-2
2
7
0
0
0
0
2
2
2
7
4.1
4.096
2
-2
0
0
2
-2
2
-2
2
-2
0
0
0
0
2
-3
2
-2
7
-2
0
0
0
0
2
-3
2
-2
-2
0
0
0
0
0
2
-3
0
2
7
-2
0
0
0
0
2
-2
2
7
-2
2
0
0
0
0
2
-3
0
2
7
-2
0
0
0
0
2
-2
2
-2
2
-2
0
0
0
0
2
-2
2
7
-2
2
0
0
0
0
2
-3
0
2
-2
-2
0
0
0
0
2
-2
2
7
-2
2
0
0
0
0
2
-3
0
2
-2
-2
0
0
0
0
2
-2
0
2
7
7
0
0
0
0
2
-3
0
2
-2
-2
0
0
0
0
2
-2
2
7
-2
7
0
0
0
0
2
-3
0
2
-2
-2
0
0
0
0
2
-2
2
7
-2
7
0
0
0
0
2
-3
0
2
-2
-2
0
0
0
0
2
7
3.388
3.384
3.38
-2
0
0
0
0
2
-3
2
-2
-3
0
0
0
0
0
2
-3
0
2
-2
-2
0
0
0
0
2
7
3.268
3.264
3.26
-3
0
0
0
0
2
-3
2
-2
-2
0
0
0
0
0
2
-3
0
2
-2
-2
0
0
0
0
2
7
3.148
3.144
-2
0
0
0
0
0
2
-3
0
2
-2
-2
0
0
0
0
2
7
3.068
3.064
-3
0
0
0
0
0
2
-3
0
2
-2
-3
0
0
0
____________________________________
Tue Apr  9 12:41:02 2024


PARAMETERS
NUMBER_NEURON = 6
VOLTAGE_TRESHOLD = 1.2
LEARNING_RATE = 0.1
LEAK_RATE = 1.5
TIME_ITERATION = 500
ITERATION_SPIKE_IN = 5
THRESHOLD_COORDINATES = 0.047
THRESHOLD_GYROSCOPE = 0.03  0.03  1.9   
0
0
2
2
-3
-3
-2
2
2
0
0
0
0
0
0
2
0
0
0
0
0
0
0
2
0
2
2
0
0
0
0
0
2
2
-3
-2
0
0
0
0
0
0
2
2
2
-2
2
0
0
0
0
0
2
2
-2
2
7
-2
2
2
0
0
2
7
-3
-3
-2
0
0
0
0
2
-2
-2
0
2
-2
0
0
0
0
2
2
-2
-2
2
0
0
0
0
0
2
2
7
-3
2
-2
0
0
0
0
2
-2
-2
2
-3
0
0
0
0
0
2
2
-2
2
-3
0
0
0
0
0
2
2
7
-3
0
0
0
0
0
0
2
-2
-2
7
-2
-2
0
0
0
0
2
-2
2
-2
2
7
0
0
0
0
2
-2
-2
2
-2
2
2
0
0
0
2
-2
-2
2
2
7
0
0
0
0
2
-2
-2
-2
-2
-2
0
0
0
0
2
-2
-2
2
2
-2
0
0
0
0
2
-2
7
-2
2
4.216
0
0
0
0
2
-2
-2
2
-2
7
0
0
0
0
2
4.152
-2
2
-2
-2
0
0
0
0
2
-2
-2
2
-2
0
0
0
0
0
2
-2
-2
2
-2
0
0
0
0
0
2
-2
7
-2
2
7
0
0
0
0
2
-2
-2
2
2
2
2
0
0
0
2
-2
-2
2
2
7
0
0
0
0
2
-2
