____________________________________
Wed Apr 10 15:38:42 2024


PARAMETERS
NUMBER_NEURON = 6
VOLTAGE_TRESHOLD = 1.1
LEARNING_RATE = 0.1
LEAK_RATE_TEST = 1
TIME_ITERATION = 300
ITERATION_SPIKE_IN = 5
THRESHOLD_COORDINATES = 0.047
THRESHOLD_GYROSCOPE = 0.03  0.03  1.9   
____________________________________
Wed Apr 10 15:38:42 2024


PARAMETERS
NUMBER_NEURON = 6
VOLTAGE_TRESHOLD = 1.1
LEARNING_RATE = 0.1
LEAK_RATE_TEST = 1
TIME_ITERATION = 300
ITERATION_SPIKE_IN = 5
THRESHOLD_COORDINATES = 0.047
THRESHOLD_GYROSCOPE = 0.03  0.03  1.9   
0
3.00667
-3.01333
-3.02
-2.02667
-2.03333
1.96
2.95333
0
0
0
2.07333
1.92
-1.91333
2.90667
1.9
1.89333
1.88667
1.88
2.12667
-2.13333
1.86
-1.85333
1.84667
-2.16
1.83333
-2.17333
1.82
-2.18667
1.80667
-2.2
2.79333
1.78667
-2.22
1.77333
-2.23333
2.24
2.24667
2.25333
-2.26
2.26667
1.72667
-2.28
1.71333
-1.70667
1.7
-1.69333
1.68667
-2.32
0
0
1.66
1.65333
2.35333
-1.64
1.63333
1.62667
-1.62
2.61333
1.60667
1.6
-2.40667
1.58667
-2.42
2.57333
-2.43333
-2.44
1.55333
-2.45333
0
0
2.47333
1.52
1.51333
-2.49333
1.5
-1.49333
0
0
0
0
2.54
1.45333
1.44667
-1.44
1.43333
-2.57333
0
0
0
0
2.60667
1.38667
1.38
1.37333
2.36667
-1.36
0
0
0
0
2.67333
1.32
-2.68667
1.30667
-1.3
0
0
0
0
0
2.74
1.25333
1.24667
-2.76
2.76667
