________________________________
Wed Mar 20 23:09:54 2024


PARAMETERS
NUMBER_NEURON = 6
VOLTAGE_TRESHOLD = 1
LEARNING_RATE = 0.1
LEAK_RATE = 2
TIME_ITERATION = 50
ITERATION_SPIKE_IN = 50
THRESHOLD_COORDINATES = 0.1
THRESHOLD_GYROSCOPE = 0.05  0.05  0.5   
4.96
9.88
4.76
-0.4
-5.6
-10.84
-6.12
-1.44
3.2
7.8
8.36
8.36
5.36
-0.2
-2.8
-5.44
-8.12
-3.84
0.4
0.6
4.76
1.88
1.88
-4.08
-0.08
6.92
6.92
3.92
-2.24
-5.44
-8.68
-8.96
-5.28
-1.64
1.96
5.52
12.52
9
6
6
3
0
-6.72
-13.48
-20.28
-17.12
-14
-10.92
-7.88
-4.88
____________________________________
Thu Mar 21 10:43:42 2024


PARAMETERS
NUMBER_NEURON = 6
VOLTAGE_TRESHOLD = 1
LEARNING_RATE = 0.1
LEAK_RATE = 2
TIME_ITERATION = 50
ITERATION_SPIKE_IN = 50
THRESHOLD_COORDINATES = 0.1
THRESHOLD_GYROSCOPE = 0.05  0.05  0.5   
0
4.96
-0.12
-5.24
-0.4
-2.6
-4.84
2.16
2.84
7.48
7.48
5.04
-0.44
-5.96
-11.52
-11.12
-6.76
-6.44
0.56
0.8
5
5.16
5.28
5.36
5.4
2.4
2.4
2.4
-0.72
-0.72
-0.72
-0.72
-0.72
-3.72
-0.08
-6.48
-2.92
4.08
7.56
7.56
3.96
-2.68
-9.36
-6.08
-6.84
0
-3.64
-4.48
-1.36
1.72
____________________________________
Thu Mar 21 10:59:04 2024


PARAMETERS
NUMBER_NEURON = 6
VOLTAGE_TRESHOLD = 1
LEARNING_RATE = 0.1
LEAK_RATE = 2
TIME_ITERATION = 50
ITERATION_SPIKE_IN = 50
THRESHOLD_COORDINATES = 0.1
THRESHOLD_GYROSCOPE = 0.05  0.05  0.5   
0
4.96
-0.12
-5.24
-0.4
-2.6
-4.84
2.16
2.84
7.48
5.08
5.08
2.08
-3.44
-9
-9
-6
-5.68
-1.4
0
2.84
3.04
3.2
3.32
3.4
0.44
0.44
-2.6
-2.68
1.2
____________________________________
Thu Mar 21 11:05:40 2024


PARAMETERS
NUMBER_NEURON = 6
VOLTAGE_TRESHOLD = 1
LEARNING_RATE = 0.1
LEAK_RATE = 2
TIME_ITERATION = 50
ITERATION_SPIKE_IN = 50
THRESHOLD_COORDINATES = 0.1
THRESHOLD_GYROSCOPE = 0.05  0.05  0.5   
0
4.96
-0.12
-5.24
-0.4
-0.4
-2.64
2.08
-0.24
-2.6
-2
2.56
3.08
7.56
2
-3.6
0.76
7.76
4.76
-1
-6.8
-12.64
-8.52
0
-4.44
____________________________________
Thu Mar 21 11:09:57 2024


PARAMETERS
NUMBER_NEURON = 6
VOLTAGE_TRESHOLD = 1
LEARNING_RATE = 0.1
LEAK_RATE = 2
TIME_ITERATION = 50
ITERATION_SPIKE_IN = 50
THRESHOLD_COORDINATES = 0.1
THRESHOLD_GYROSCOPE = 0.05  0.05  0.5   
0
4.96
-0.12
-5.24
-0.4
-2.6
-1.84
1.16
4.16
4.16
4.16
1.72
-0.76
-3.28
-8.84
-4.44
0
-0.08
6.92
4.2
1.44
-1.36
-4.2
-4.08
0
-4
0.04
0.04
0
8.88178e-16
3.92
0.8
0.8
0.8
0.8
0.8
-2.52
-2.88
-3.28
-6.72
0
0
-7.2
-7.72
-4.72
0
0
0
0
0
____________________________________
Thu Mar 21 11:21:38 2024


PARAMETERS
NUMBER_NEURON = 6
VOLTAGE_TRESHOLD = 1
LEARNING_RATE = 0.1
LEAK_RATE = 2
TIME_ITERATION = 50
ITERATION_SPIKE_IN = 50
THRESHOLD_COORDINATES = 0.1
THRESHOLD_GYROSCOPE = 0.05  0.05  0.5   
0
0
0
0
0
0
0
0
0
0
0
0
0
0
0
0
0
0
0
0
0
0
0
0
____________________________________
Thu Mar 21 11:27:15 2024


PARAMETERS
NUMBER_NEURON = 6
VOLTAGE_TRESHOLD = 1
LEARNING_RATE = 0.1
LEAK_RATE = 2
TIME_ITERATION = 50
ITERATION_SPIKE_IN = 50
THRESHOLD_COORDINATES = 0.1
THRESHOLD_GYROSCOPE = 0.05  0.05  0.5   
0
9.88
4.76
-0.4
-5.6
-10.84
-6.12
-1.44
3.2
7.8
12.36
16.88
11.36
5.8
0.2
-5.44
-11.12
-16.84
-12.6
-8.4
-4.24
-0.12
3.96
8
12
15.96
12.88
6.76
3.76
0.76
-2.24
-5.24
-8.24
-1.24
-4.24
2.76
-3.72
-0.24
3.2
10.2
10.2
7.2
0.48
-6.28
-9.28
-16.12
-13
-9.92
-6.88
-3.88
____________________________________
Thu Mar 21 11:39:24 2024


PARAMETERS
NUMBER_NEURON = 6
VOLTAGE_TRESHOLD = 1
LEARNING_RATE = 0.1
LEAK_RATE = 2
TIME_ITERATION = 100
ITERATION_SPIKE_IN = 10
THRESHOLD_COORDINATES = 0.1
THRESHOLD_GYROSCOPE = 0.05  0.05  0.5   
0
9.94
4.88
-0.2
-5.3
-10.42
-5.56
-0.72
4.1
8.9
13.68
10.68
7.68
2.4
-2.9
-8.22
-13.56
-8.92
-4.3
-3.7
0.88
0
0
0
0
0
0
0
0
0
0
0
0
0
0
0
0
0
0
0
0
0
0
0
0
0
0
0
0
0
0
0
0
0
0
0
0
0
0
0
0
0
0
0
0
0
0
____________________________________
Thu Mar 21 11:53:48 2024


PARAMETERS
NUMBER_NEURON = 6
VOLTAGE_TRESHOLD = 1
LEARNING_RATE = 0.1
LEAK_RATE = 2
TIME_ITERATION = 100
ITERATION_SPIKE_IN = 10
THRESHOLD_COORDINATES = 0.1
THRESHOLD_GYROSCOPE = 0.05  0.05  0.5   
0
4.96
-0.1
-5.18
-0.28
-0.28
4.58
4.58
2.4
0.2
0.2
-2.04
-2.04
-5.04
-3.04
1.64
6.3
10.94
5.56
0.16
-5.26
-10.7
-6.16
-1.64
____________________________________
Thu Mar 21 12:11:21 2024


PARAMETERS
NUMBER_NEURON = 6
VOLTAGE_TRESHOLD = 1
LEARNING_RATE = 0.1
LEAK_RATE = 2
TIME_ITERATION = 100
ITERATION_SPIKE_IN = 10
THRESHOLD_COORDINATES = 0.1
THRESHOLD_GYROSCOPE = 0.05  0.05  0.5   
0
4.98
-0.06
-5.12
-0.2
-2.3
4.7
2.56
2.56
-0.44
-3.44
1.34
6.1
5.84
5.84
5.84
2.84
-2.5
-7.86
-13.24
-8.64
-9.06
-4.5
-4.5
-4.5
0
4.48
4.48
8.92
13.34
12.74
12.74
12.74
9.74
6.74
1.04
-1.96
-4.7
-7.46
-10.24
-13.04
-15.86
-18.7
-17.7
-17.58
-16.58
-16.5
-15.5
-15.46
-14.46
-13.46
-12.46
-11.46
-10.46
-9.46
-8.46
____________________________________
Thu Mar 21 12:27:32 2024


PARAMETERS
NUMBER_NEURON = 6
VOLTAGE_TRESHOLD = 1
LEARNING_RATE = 0.1
LEAK_RATE = 2
TIME_ITERATION = 100
ITERATION_SPIKE_IN = 10
THRESHOLD_COORDINATES = 0.1
THRESHOLD_GYROSCOPE = 0.05  0.05  0.9   
0
4.98
-0.06
____________________________________
Thu Mar 21 12:30:10 2024


PARAMETERS
NUMBER_NEURON = 6
VOLTAGE_TRESHOLD = 1
LEARNING_RATE = 0.1
LEAK_RATE = 2
TIME_ITERATION = 100
ITERATION_SPIKE_IN = 10
THRESHOLD_COORDINATES = 0.1
THRESHOLD_GYROSCOPE = 0.05  0.05  0.9   
0
4.98
-0.06
-5.12
-0.2
-0.2
4.68
4.68
2.52
0.34
0.34
____________________________________
Thu Mar 21 12:34:15 2024


PARAMETERS
NUMBER_NEURON = 6
VOLTAGE_TRESHOLD = 1
LEARNING_RATE = 0.1
LEAK_RATE = 2
TIME_ITERATION = 100
ITERATION_SPIKE_IN = 10
THRESHOLD_COORDINATES = 0.1
THRESHOLD_GYROSCOPE = 0.05  0.05  0.9   
0
4.98
-0.06
-5.12
-0.2
-2.3
2.58
0.44
7.44
5.26
0.06
-5.16
-5.4
-5.66
-0.94
-0.94
-0.94
-0.94
-0.94
-0.94
-0.94
-0.94
3.62
8.16
2.68
-2.82
-3.34
-3.88
-3.44
0.98
1.38
8.38
12.74
10.08
4.4
-1.3
-7.02
-12.76
-8.52
-8.3
-8.1
-3.92
0.24
4.38
8.5
12.6
19.6
18.66
15.7
12.7
6.7
0.68
-5.36
-11.42
-17.5
-23.6
-19.72
-15.86
-16.02
-16.02
-16.02
-16.02
-12.26
-8.52
-7.52
-7.52
-3.84
-0.84
2.8
3.8
4.8
4.8
5.8
5.8
5.8
5.8
5.8
5.8
5.8
5.8
5.8
5.18
8.54
11.88
15.2
18.5
16.78
13.04
11.28
4.5
-2.3
-9.12
-15.96
-12.82
-9.7
-6.6
-7.52
-4.46
-3.46
-2.46
____________________________________
Thu Mar 21 14:14:17 2024


PARAMETERS
NUMBER_NEURON = 6
VOLTAGE_TRESHOLD = 5
LEARNING_RATE = 0.1
LEAK_RATE = 2
TIME_ITERATION = 100
ITERATION_SPIKE_IN = 10
THRESHOLD_COORDINATES = 0.1
THRESHOLD_GYROSCOPE = 0.05  0.05  0.9   
0
0
0
0
0
0
0
0
0
0
0
0
0
0
0
0
0
0
0
0
0
0
0
0
0
0
0
0
0
0
0
0
0
0
0
0
0
0
0
0
0
0
0
0
0
0
0
0
0
0
0
0
0
0
0
0
0
0
0
0
0
0
0
0
0
0
0
0
0
0
0
0
0
0
0
0
0
0
0
0
0
0
0
0
0
0
0
0
0
0
0
0
0
0
0
0
0
0
0
0
____________________________________
Thu Mar 21 14:16:19 2024


PARAMETERS
NUMBER_NEURON = 6
VOLTAGE_TRESHOLD = 1
LEARNING_RATE = 0.1
LEAK_RATE = 2
TIME_ITERATION = 200
ITERATION_SPIKE_IN = 5
THRESHOLD_COORDINATES = 0.1
THRESHOLD_GYROSCOPE = 0.05  0.05  0.9   
0
5
-0.01
-5.03
-0.06
-2.1
2.85
7.79
2.72
-2.36
-7.45
-2.55
-4.66
0.22
0.22
5.08
9.93
9.77
9.6
4.42
-0.77
-5.97
-11.18
-11.4
-6.63
-1.87
-1.87
-1.87
-1.87
-1.87
-1.87
-1.87
2.82
7.5
12.17
11.83
9.48
4.12
-1.25
-6.63
-12.02
-12.42
-7.83
-3.25
1.32
5.88
10.43
14.97
14.5
9.02
3.53
-1.97
-7.48
-13
-18.53
-14.07
-9.62
-5.18
-0.75
-0.75
-0.75
3.65
8.04
12.42
16.79
21.15
20.5
14.84
9.17
3.49
-2.2
-7.9
-13.61
-19.33
-15.06
-10.8
-13.55
-9.31
-5.08
-0.86
3.35
0.55
4.74
8.92
13.09
17.25
16.4
10.54
4.67
-1.21
-7.1
-13
-18.91
-14.83
-10.76
-6.7
-2.65
1.39
5.42
9.44
8.45
12.45
16.44
15.42
14.39
8.35
2.3
-3.76
-9.83
-15.91
-22
-18.1
-14.21
-10.33
-6.46
-2.6
1.25
5.09
8.92
12.74
11.55
15.35
19.14
12.92
6.69
0.45
-5.8
-12.06
-13.33
-9.61
-9.61
-9.61
-5.92
-9.24
-5.57
-8.91
-5.26
-8.62
-4.99
-8.37
-4.76
-8.16
-4.57
-7.99
-4.42
-0.86
2.69
6.23
9.76
13.28
16.79
20.29
23.78
27.26
20.73
14.19
7.64
1.08
-5.49
-12.07
-18.66
-25.26
____________________________________
Thu Mar 21 14:26:04 2024


PARAMETERS
NUMBER_NEURON = 6
VOLTAGE_TRESHOLD = 5
LEARNING_RATE = 0.1
LEAK_RATE = 2
TIME_ITERATION = 200
ITERATION_SPIKE_IN = 5
THRESHOLD_COORDINATES = 0.1
THRESHOLD_GYROSCOPE = 0.05  0.05  0.9   
0
0
0
0
0
0
0
0
0
0
0
0
0
0
0
0
0
0
0
0
0
0
0
0
0
0
0
0
0
0
0
0
0
0
0
0
0
0
0
0
0
0
0
0
0
0
0
0
0
0
0
0
0
0
0
0
0
0
0
0
0
0
0
0
0
0
0
0
0
0
0
0
0
0
0
0
0
0
0
0
0
0
0
0
0
0
0
0
0
0
0
0
0
0
0
0
0
0
0
0
0
0
0
0
0
0
0
0
0
0
0
0
0
0
0
0
0
0
0
0
0
0
0
0
0
0
0
0
0
0
0
0
0
0
0
0
0
0
0
0
0
0
0
0
0
0
0
0
0
0
0
0
0
0
0
0
0
0
0
0
0
0
0
0
0
0
0
0
0
0
____________________________________
Thu Mar 21 14:29:30 2024


PARAMETERS
NUMBER_NEURON = 6
VOLTAGE_TRESHOLD = 3
LEARNING_RATE = 0.1
LEAK_RATE = 2
TIME_ITERATION = 200
ITERATION_SPIKE_IN = 5
THRESHOLD_COORDINATES = 0.1
THRESHOLD_GYROSCOPE = 0.05  0.05  0.9   
0
1
2
3
4
5
6
7
8
9
10
11
12
13
14
15
16
17
18
19
20
21
22
23
24
25
26
27
28
29
30
31
32
33
34
35
36
37
38
39
40
41
42
43
44
45
46
47
48
49
50
51
52
53
54
55
56
57
58
59
60
61
62
63
64
65
66
67
68
69
70
71
72
73
74
75
76
77
78
79
____________________________________
Thu Mar 21 14:31:03 2024


PARAMETERS
NUMBER_NEURON = 6
VOLTAGE_TRESHOLD = 3
LEARNING_RATE = 0.1
LEAK_RATE = 1.1
TIME_ITERATION = 200
ITERATION_SPIKE_IN = 5
THRESHOLD_COORDINATES = 0.1
THRESHOLD_GYROSCOPE = 0.05  0.05  0.9   
0
5
9.99
4.97
-0.06
-5.1
-0.15
-2.21
2.72
7.64
12.55
7.45
2.34
-2.78
-7.91
-13.05
-8.2
-7.2
-6.2
-5.2
-4.2
-3.2
1.59
6.37
11.14
10.9
5.65
0.39
-4.88
-10.16
-10.45
-5.75
____________________________________
Thu Mar 21 14:32:48 2024


PARAMETERS
NUMBER_NEURON = 6
VOLTAGE_TRESHOLD = 5
LEARNING_RATE = 0.1
LEAK_RATE = 1.2
TIME_ITERATION = 200
ITERATION_SPIKE_IN = 5
THRESHOLD_COORDINATES = 0.1
THRESHOLD_GYROSCOPE = 0.05  0.05  0.9   
0
1
2
3
4
5
6
7
8
9
10
11
12
13
14
15
16
17
18
19
20
21
22
23
24
25
26
27
28
29
30
31
32
33
34
35
36
37
38
39
____________________________________
Thu Mar 21 14:33:59 2024


PARAMETERS
NUMBER_NEURON = 6
VOLTAGE_TRESHOLD = 4
LEARNING_RATE = 0.1
LEAK_RATE = 1.15
TIME_ITERATION = 200
ITERATION_SPIKE_IN = 5
THRESHOLD_COORDINATES = 0.1
THRESHOLD_GYROSCOPE = 0.05  0.05  0.9   
0
1
2
6.98
11.95
6.91
6.86
1.8
-3.27
-8.35
-3.44
-5.54
-0.65
4.23
4.1
-1.04
3.81
1.65
6.48
11.3
6.11
0.91
-4.3
-9.52
-14.75
-9.99
-8.99
-7.99
-6.99
-5.99
-4.99
-3.99
-2.99
-1.99
2.68
7.34
11.99
16.63
21.26
15.88
10.49
5.09
-0.32
-5.74
-11.17
-16.61
-17.06
-12.52
-11.52
-10.52
-9.52
-8.52
-7.52
-3.04
1.43
0.89
5.34
9.78
14.21
18.63
23.04
17.44
11.83
6.21
0.58
-5.06
-10.71
-11.37
-17.04
-17.72
-13.41
-12.41
-11.41
-10.41
-6.14
-1.88
2.37
6.61
10.84
10.06
9.27
8.47
7.66
6.84
6.01
0.17
-5.68
-6.54
-7.41
-8.29
-11.18
-14.08
-16.99
-15.99
-15.92
-15.86
-14.86
-13.86
-12.86
-11.86
-10.86
-9.86
-9.87
-9.89
-8.89
-8.93
-7.93
-6.93
-5.93
-4.93
-3.93
-2.93
-3.04
-3.16
-2.16
-2.3
-1.3
-0.3
0.7
1.7
2.7
3.7
3.49
3.27
4.27
4.03
5.03
6.03
7.03
8.03
9.03
10.03
9.72
9.4
10.4
10.06
9.71
10.71
11.71
12.71
13.71
14.71
14.3
13.88
13.45
13.01
12.56
12.1
11.63
11.15
10.66
7.16
3.65
0.13
-3.4
-6.94
-10.49
-12.05
-8.62
-5.2
-1.79
1.61
5
1.38
-0.25
-1.89
1.46
2.46
3.46
4.46
5.46
8.76
12.05
10.33
8.6
6.86
5.11
-1.65
-3.42
-10.2
-11.99
-13.79
-15.6
-12.42
-9.25
-6.09
-2.94
-4.8
-1.67
-0.67
0.33
3.43
6.52
9.6
12.67
15.73
13.78
11.82
9.85
7.87
____________________________________
Thu Mar 21 14:41:37 2024


PARAMETERS
NUMBER_NEURON = 6
VOLTAGE_TRESHOLD = 4
LEARNING_RATE = 0.1
LEAK_RATE = 1.15
TIME_ITERATION = 300
ITERATION_SPIKE_IN = 5
THRESHOLD_COORDINATES = 0.1
THRESHOLD_GYROSCOPE = 0.05  0.05  1.9   
0
1
2
6.98667
11.9667
6.94
6.90667
1.86667
-3.18
-8.23333
-3.29333
-5.36
-0.433333
4.48667
4.4
-0.693333
4.20667
2.1
1.98667
-3.13333
-3.26
-8.39333
-3.53333
1.32
6.16667
11.0067
15.84
20.6667
20.4867
15.3
10.1067
4.90667
-0.3
-5.51333
-10.7333
-15.96
-21.1933
-16.4333
-11.68
-6.93333
-5.93333
-4.93333
-0.206667
4.51333
9.22667
13.9333
13.6333
13.3267
8.01333
2.69333
-2.63333
-7.96667
-13.3067
-13.6533
-9.00667
-4.36667
0.266667
4.89333
5.89333
6.89333
7.89333
12.4933
17.0867
16.6733
16.2533
10.8267
5.39333
-0.0466667
-5.49333
-10.9467
-16.4067
-21.8733
-17.3467
-12.8267
-8.31333
-3.80667
0.693333
1.69333
2.69333
3.69333
4.69333
9.16
13.62
18.0733
17.52
16.96
11.3933
10.82
5.24
-0.346667
-5.94
-11.54
-17.1467
-17.76
-13.38
-9.00667
-9.64
-5.28
-0.926667
3.42
7.76
12.0933
16.42
15.74
15.0533
9.36
8.66
12.9533
10.24
9.52
8.79333
3.06
-2.68
-8.42667
-14.18
-19.94
-15.7067
-11.48
-7.26
-3.04667
-2.04667
2.15333
6.34667
10.5333
14.7133
13.8867
13.0533
12.2133
11.3667
10.5133
9.65333
3.78667
-2.08667
-7.96667
-13.8533
-19.7467
-20.6467
-16.5533
-12.4667
-8.38667
-4.31333
-0.246667
3.81333
7.86667
11.9133
15.9533
9.98667
9.01333
13.0333
17.0467
21.0533
20.0533
14.0467
8.03333
2.01333
-4.01333
-10.0467
-16.0867
-22.1333
-23.1867
-19.2467
-15.3133
-11.3867
-7.46667
-3.55333
-9.64667
-5.74667
-1.85333
2.03333
5.91333
9.78667
13.6533
17.5133
21.3667
20.2133
19.0533
12.8867
11.7133
5.53333
-0.653333
-6.84667
-13.0467
-19.2533
-15.4667
-11.6867
-17.9133
-14.1467
-10.3867
-9.38667
-8.38667
-7.38667
-3.65333
0.0733333
3.79333
7.50667
6.21333
4.91333
-1.39333
2.29333
5.97333
6.97333
10.64
14.3
17.9533
21.6
20.24
13.8733
12.5
11.12
4.73333
-1.66
-8.06
-14.4667
-20.88
-27.3
-23.7267
-20.16
-19.16
-18.16
-17.16
-16.16
-12.6267
-9.1
-5.58
-7.06667
-8.56
-5.06
-1.56667
1.92
5.4
8.87333
12.34
10.8
4.25333
7.7
11.14
14.5733
8
11.42
14.8333
18.24
21.64
25.0333
18.42
11.8
5.17333
-1.46
-8.1
-9.74667
-6.4
-3.06
0.273333
3.6
-3.08
-9.76667
-16.46
-18.16
-14.8667
-13.8667
-12.8667
-11.8667
-8.6
-5.34
-7.08667
-8.84
-15.6
-12.3667
-11.3667
-10.3667
-9.36667
-8.36667
-5.16667
-1.97333
-3.78667
-5.60667
-7.43333
-4.26667
-3.26667
-2.26667
-1.26667
-0.266667
2.86667
5.99333
4.11333
7.22667
5.33333
8.43333
11.5267
12.5267
13.5267
14.5267
17.5933
20.6533
18.7067
16.7533
9.79333
7.82667
10.8533
13.8733
14.8733
____________________________________
Thu Mar 21 16:52:55 2024


PARAMETERS
NUMBER_NEURON = 6
VOLTAGE_TRESHOLD = 4
LEARNING_RATE = 0.1
LEAK_RATE = 1.15
TIME_ITERATION = 300
ITERATION_SPIKE_IN = 5
THRESHOLD_COORDINATES = 0.1
THRESHOLD_GYROSCOPE = 0.05  0.05  1.9   
0
1
2
6.98667
11.9667
6.94
6.90667
1.86667
-3.18
-8.23333
-3.29333
1.64
-3.43333
1.48667
-3.6
1.30667
6.20667
7.1
11.9867
16.8667
11.74
6.60667
1.46667
-3.68
-8.83333
-13.9933
-19.16
-14.3333
-13.3333
-12.3333
-11.3333
-10.3333
-5.54
-0.753333
4.02667
8.8
13.5667
13.3267
8.08
2.82667
-2.43333
-7.7
-12.9733
-13.2533
-12.2533
-11.2533
-10.2533
-9.25333
-8.25333
-7.25333
-6.25333
-5.25333
-0.593333
0.406667
5.05333
9.69333
7.32667
6.95333
11.5733
9.18667
3.79333
-1.60667
-7.01333
-12.4267
-17.8467
-13.2733
-12.2733
-11.2733
-10.2733
-9.27333
-8.27333
-7.27333
-6.27333
-5.27333
-4.27333
0.233333
1.23333
2.23333
3.23333
4.23333
5.23333
6.23333
10.6933
15.1467
19.5933
14.0333
13.4667
12.8933
12.3133
6.72667
1.13333
-4.46667
-10.0733
-15.6867
-21.3067
-16.9333
-16.5667
-15.5667
-14.5667
-13.5667
-12.5667
-11.5667
-10.5667
-6.24667
-1.93333
-2.62667
1.67333
2.67333
3.67333
4.67333
5.67333
6.67333
7.67333
8.67333
12.92
17.16
16.3933
15.62
9.84
9.05333
3.26
-2.54
-8.34667
-14.16
-19.98
-15.8067
-14.8067
-13.8067
-12.8067
-11.8067
-10.8067
-9.80667
-5.68
-1.56
2.55333
6.66
7.66
8.66
9.66
10.66
11.66
12.66
16.72
15.7733
14.82
13.86
7.89333
6.92
5.94
4.95333
3.96
-2.04
-8.04667
-14.06
-15.08
-11.1067
-7.14
-7.18
-6.18
-5.18
-4.18
-3.18
0.746667
-0.333333
-6.42
-2.51333
-1.51333
-0.513333
0.486667
1.48667
2.48667
3.48667
7.34667
6.2
5.04667
-1.11333
2.72
3.72
4.72
5.72
6.72
10.52
14.3133
8.1
6.88
0.653333
-0.58
3.18
4.18
5.18
6.18
9.91333
3.64
-2.64
-8.92667
-15.22
-11.52
-10.52
-9.52
-8.52
-7.52
-3.85333
-5.19333
-6.54
-7.89333
-9.25333
-5.62
-4.62
-3.62
-2.62
-1.62
-0.62
2.97333
6.56
5.14
3.71333
7.28
10.84
11.84
12.84
13.84
17.3733
10.9
4.42
-2.06667
-8.56
-5.06
-4.06
-3.06
-2.06
-1.06
2.40667
-4.13333
-5.68
-2.23333
1.20667
4.64
8.06667
9.06667
10.0667
11.0667
14.4667
7.86
1.24667
-5.37333
-12
-8.63333
-7.63333
-6.63333
-5.63333
-4.63333
-1.3
2.02667
-4.65333
-1.34
-2.03333
1.26667
2.26667
3.26667
4.26667
5.26667
8.53333
1.79333
5.04667
8.29333
1.53333
4.76667
5.76667
6.76667
7.76667
8.76667
11.9667
15.16
8.34667
1.52667
-5.3
-2.13333
1.02667
4.18
7.32667
5.46667
3.6
-3.27333
-6.27333
-13.16
-15.0533
-11.9533
-10.9533
-9.95333
-8.95333
-7.95333
-6.95333
-3.89333
-0.84
-7.79333
-4.75333
-3.75333
-2.75333
-1.75333
-0.753333
____________________________________
Wed Mar 27 10:07:35 2024


PARAMETERS
NUMBER_NEURON = 6
VOLTAGE_TRESHOLD = 4
LEARNING_RATE = 0.1
LEAK_RATE = 1.05
TIME_ITERATION = 100
ITERATION_SPIKE_IN = 5
THRESHOLD_COORDINATES = 0.1
THRESHOLD_GYROSCOPE = 0.05  0.05  1.9   
0
1
2
6.96
11.9
11.82
6.72
1.6
-3.54
-8.7
-13.88
-9.08
-4.3
0.46
5.2
9.92
10.92
11.92
12.92
13.92
14.92
19.52
19.1
13.66
8.2
2.72
-2.78
-8.3
-13.84
-14.4
-9.98
-5.58
-1.2
3.16
7.5
6.82
1.12
0.4
4.66
1.9
-3.88
-9.68
-5.5
-8.34
-4.2
-0.08
0.92
1.92
2.92
3.92
4.92
8.92
12.9
16.86
15.8
9.72
3.62
-2.5
-8.64
-14.8
-20.98
-17.18
-16.18
-12.42
-8.68
-4.96
-1.26
-0.26
0.74
1.74
2.74
3.74
7.32
10.88
14.42
17.94
21.44
19.92
13.38
6.82
0.24
-6.36
-12.98
-19.62
-26.28
-22.96
-19.66
-16.38
-17.12
-13.88
-10.66
-7.46
-4.28
-1.12
2.02
5.14
8.24
11.32
14.38
17.42
____________________________________
Wed Mar 27 10:11:43 2024


PARAMETERS
NUMBER_NEURON = 6
VOLTAGE_TRESHOLD = 6
LEARNING_RATE = 0.1
LEAK_RATE = 1.05
TIME_ITERATION = 100
ITERATION_SPIKE_IN = 5
THRESHOLD_COORDINATES = 0.1
THRESHOLD_GYROSCOPE = 0.05  0.05  1.9   
0
1
2
3
4
8.92
13.82
18.7
23.56
28.4
23.22
18.02
12.8
7.56
2.3
-2.98
-8.28
-13.6
-18.94
-24.3
-29.68
-25.08
-24.08
-23.08
-18.54
-17.54
-16.54
-15.54
-14.54
-13.54
-12.54
-11.54
-10.54
-9.54
-5.2
-4.2
-3.2
-2.2
-1.2
-0.2
0.8
1.8
2.8
3.8
4.8
8.92
9.92
10.92
11.92
12.92
13.92
14.92
15.92
16.92
20.86
21.86
22.86
23.86
24.86
25.86
26.86
30.66
34.44
38.2
41.94
45.66
39.36
33.04
26.7
20.34
13.96
7.56
1.14
-5.3
-11.76
-18.24
-24.74
-31.26
-37.8
-44.36
-40.94
-39.94
-36.56
-33.2
-29.86
-26.54
-23.24
-19.96
-16.7
-13.46
-10.24
-9.24
-6.06
-5.06
-1.92
-0.92
0.08
1.08
2.08
3.08
____________________________________
Wed Mar 27 10:16:52 2024


PARAMETERS
NUMBER_NEURON = 6
VOLTAGE_TRESHOLD = 10
LEARNING_RATE = 0.1
LEAK_RATE = 1.05
TIME_ITERATION = 100
ITERATION_SPIKE_IN = 5
THRESHOLD_COORDINATES = 0.1
THRESHOLD_GYROSCOPE = 0.05  0.05  1.9   
0
1
2
3
4
5
6
7
8
9
10
11
12
13
14
15
16
17
18
19
20
21
22
23
24
25
26
27
28
29
30
31
32
33
34
38.32
42.62
46.9
46.16
40.4
34.62
28.82
23
17.16
11.3
5.42
-0.48
-6.4
-12.34
-18.3
-24.28
-30.28
-36.3
-42.34
-48.4
-44.48
-43.48
-42.48
-41.48
-40.48
-39.48
-38.48
-37.48
-36.48
-35.48
-34.48
-33.48
-32.48
-31.48
-30.48
-29.48
-28.48
-27.48
-26.48
-25.48
-24.48
-23.48
-22.48
-21.48
-20.48
-19.48
-18.48
-17.48
-16.48
-15.48
-14.48
-13.48
-12.48
-11.48
-10.48
-9.48
-8.48
-7.48
-6.48
-5.48
-4.48
-3.48
-2.48
-1.48
-0.48
____________________________________
Wed Mar 27 10:29:05 2024


PARAMETERS
NUMBER_NEURON = 6
VOLTAGE_TRESHOLD = 2
LEARNING_RATE = 0.1
LEAK_RATE = 2
TIME_ITERATION = 100
ITERATION_SPIKE_IN = 5
THRESHOLD_COORDINATES = 0.1
THRESHOLD_GYROSCOPE = 0.05  0.05  1.9   
0
5
4.98
-0.06
-5.12
-10.2
-5.3
-4.3
-3.3
-2.3
-1.3
-0.3
0.7
1.7
2.7
3.7
4.7
5.7
6.7
7.7
8.7
9.7
10.7
11.7
12.7
13.7
14.7
15.7
16.7
17.7
18.7
19.7
20.7
21.7
22.7
23.7
24.7
25.7
26.7
27.7
28.7
29.7
30.7
31.7
32.7
33.7
34.7
35.7
36.7
37.7
38.7
39.7
40.7
41.7
42.7
43.7
44.7
45.7
46.7
47.7
48.7
49.7
50.7
51.7
52.7
53.7
54.7
55.7
56.7
57.7
58.7
59.7
60.7
61.7
62.7
63.7
64.7
65.7
66.7
67.7
68.7
69.7
70.7
71.7
72.7
73.7
74.7
75.7
76.7
77.7
78.7
79.7
80.7
81.7
82.7
83.7
84.7
85.7
86.7
87.7
____________________________________
Wed Mar 27 10:34:28 2024


PARAMETERS
NUMBER_NEURON = 6
VOLTAGE_TRESHOLD = 1.2
LEARNING_RATE = 0.1
LEAK_RATE = 2
TIME_ITERATION = 100
ITERATION_SPIKE_IN = 2
THRESHOLD_COORDINATES = 0.1
THRESHOLD_GYROSCOPE = 0.05  0.05  1.9   
0
0
-5.02
-0.06
0.94
1.94
6.84
6.72
1.58
-3.58
-8.76
-3.96
0.82
5.58
10.32
10.04
4.74
-0.58
-5.92
-11.28
-6.66
-5.66
-4.66
-3.66
-2.66
-1.66
-0.66
0.34
1.34
2.34
6.76
7.76
8.76
13.12
17.46
16.78
11.08
5.36
-0.38
-6.14
-11.92
-17.72
-13.54
-9.38
-8.38
-7.38
-3.28
-2.28
-1.28
2.76
6.78
10.78
9.76
13.72
17.66
21.58
20.48
14.36
8.22
2.06
-4.12
-10.32
-16.54
-17.78
-14.04
-13.04
-9.34
-5.66
-2
-1
0
1
2
5.56
9.1
12.62
16.12
19.6
13.06
6.5
-0.08
-6.68
-13.3
-14.94
-16.6
-13.28
-9.98
-6.7
-5.7
-4.7
-1.48
1.72
4.9
8.06
11.2
9.32
5.42
8.5
11.56
14.6
____________________________________
Wed Mar 27 10:44:19 2024


PARAMETERS
NUMBER_NEURON = 6
VOLTAGE_TRESHOLD = 1.5
LEARNING_RATE = 0.1
LEAK_RATE = 2
TIME_ITERATION = 100
ITERATION_SPIKE_IN = 2
THRESHOLD_COORDINATES = 0.1
THRESHOLD_GYROSCOPE = 0.05  0.05  1.9   
0
5
-0.02
-5.06
-5.12
-0.2
4.7
9.58
14.44
19.28
19.1
13.9
8.68
3.44
-1.82
-7.1
-12.4
-17.72
-13.06
-12.06
-11.06
-10.06
-5.48
-0.92
0.08
4.6
9.1
8.58
13.04
7.48
1.9
-3.7
-9.32
-14.96
-10.62
-9.62
-8.62
-4.34
-0.08
4.16
8.38
12.58
11.76
5.92
0.06
-5.82
-11.72
-7.64
-6.64
-2.6
-8.58
-4.58
-3.58
-2.58
1.36
5.28
9.18
13.06
6.92
5.76
-0.42
-6.62
-2.84
-6.08
-2.34
1.38
0.08
-1.24
-2.58
-3.94
-5.32
-1.72
-0.72
0.28
3.82
7.34
10.84
14.32
12.78
6.22
-0.36
-6.96
-13.58
-10.22
-9.22
-5.9
-2.6
0.68
3.94
4.94
8.16
6.36
9.54
12.7
5.84
8.96
12.06
5.14
-1.8
-8.76
____________________________________
Wed Mar 27 10:48:23 2024


PARAMETERS
NUMBER_NEURON = 6
VOLTAGE_TRESHOLD = 1.8
LEARNING_RATE = 0.1
LEAK_RATE = 2
TIME_ITERATION = 100
ITERATION_SPIKE_IN = 2
THRESHOLD_COORDINATES = 0.1
THRESHOLD_GYROSCOPE = 0.05  0.05  1.9   
0
5
4.98
-0.06
-5.12
-10.2
-5.3
-4.3
-3.3
-2.3
-1.3
-0.3
0.7
1.7
2.7
3.7
4.7
5.7
6.7
7.7
8.7
9.7
10.7
11.7
12.7
13.7
14.7
15.7
16.7
17.7
18.7
19.7
20.7
21.7
22.7
23.7
24.7
25.7
26.7
27.7
28.7
29.7
30.7
31.7
32.7
33.7
34.7
35.7
36.7
37.7
38.7
39.7
40.7
41.7
42.7
43.7
44.7
45.7
46.7
47.7
48.7
49.7
50.7
51.7
52.7
53.7
54.7
55.7
56.7
57.7
58.7
59.7
60.7
61.7
62.7
63.7
64.7
65.7
66.7
67.7
68.7
69.7
70.7
71.7
72.7
73.7
74.7
75.7
76.7
77.7
78.7
79.7
80.7
81.7
82.7
83.7
84.7
85.7
86.7
87.7
____________________________________
Wed Mar 27 10:49:44 2024


PARAMETERS
NUMBER_NEURON = 6
VOLTAGE_TRESHOLD = 1.8
LEARNING_RATE = 0.1
LEAK_RATE = 2
TIME_ITERATION = 100
ITERATION_SPIKE_IN = 2
THRESHOLD_COORDINATES = 0.1
THRESHOLD_GYROSCOPE = 0.05  0.05  1.9   
88.7
81.7
74.68
____________________________________
Wed Mar 27 10:50:55 2024


PARAMETERS
NUMBER_NEURON = 6
VOLTAGE_TRESHOLD = 1.8
LEARNING_RATE = 0.1
LEAK_RATE = 2
TIME_ITERATION = 100
ITERATION_SPIKE_IN = 2
THRESHOLD_COORDINATES = 0.1
THRESHOLD_GYROSCOPE = 0.05  0.05  1.9   
0
5
4.98
-0.06
-5.12
-10.2
-5.3
-4.3
-3.3
-2.3
-1.3
-0.3
0.7
1.7
2.7
3.7
4.7
5.7
6.7
7.7
8.7
9.7
10.7
11.7
12.7
13.7
14.7
15.7
16.7
17.7
18.7
19.7
20.7
21.7
22.7
23.7
24.7
25.7
26.7
27.7
28.7
29.7
30.7
31.7
32.7
33.7
34.7
35.7
36.7
37.7
38.7
39.7
40.7
41.7
42.7
43.7
44.7
45.7
46.7
47.7
48.7
49.7
50.7
51.7
52.7
53.7
54.7
55.7
56.7
57.7
58.7
59.7
60.7
61.7
62.7
63.7
64.7
65.7
66.7
67.7
____________________________________
Wed Mar 27 10:52:56 2024


PARAMETERS
NUMBER_NEURON = 6
VOLTAGE_TRESHOLD = 1.65
LEARNING_RATE = 0.1
LEAK_RATE = 2
TIME_ITERATION = 100
ITERATION_SPIKE_IN = 2
THRESHOLD_COORDINATES = 0.1
THRESHOLD_GYROSCOPE = 0.05  0.05  1.9   
0
5
4.98
-0.06
-5.12
-10.2
-5.3
-4.3
-3.3
-2.3
-1.3
-0.3
0.7
1.7
2.7
3.7
4.7
5.7
6.7
7.7
8.7
9.7
10.7
11.7
12.7
13.7
14.7
15.7
16.7
17.7
18.7
19.7
20.7
21.7
22.7
23.7
24.7
25.7
26.7
27.7
28.7
29.7
30.7
31.7
32.7
33.7
34.7
35.7
36.7
37.7
38.7
39.7
40.7
41.7
42.7
43.7
44.7
45.7
46.7
47.7
48.7
49.7
50.7
51.7
52.7
53.7
54.7
55.7
56.7
57.7
58.7
59.7
60.7
61.7
62.7
63.7
64.7
65.7
66.7
67.7
68.7
69.7
70.7
71.7
72.7
73.7
74.7
75.7
76.7
77.7
78.7
79.7
80.7
81.7
82.7
83.7
84.7
85.7
86.7
87.7
____________________________________
Wed Mar 27 10:56:15 2024


PARAMETERS
NUMBER_NEURON = 6
VOLTAGE_TRESHOLD = 1.65
LEARNING_RATE = 0.1
LEAK_RATE = 2
TIME_ITERATION = 100
ITERATION_SPIKE_IN = 100
THRESHOLD_COORDINATES = 0.1
THRESHOLD_GYROSCOPE = 0.05  0.05  1.9   
0
5
4.98
-0.06
-5.12
-10.2
-5.3
-4.3
-3.3
-2.3
-1.3
-0.3
0.7
1.7
2.7
3.7
4.7
5.7
6.7
7.7
8.7
9.7
10.7
11.7
12.7
13.7
14.7
15.7
16.7
17.7
18.7
19.7
20.7
21.7
22.7
23.7
24.7
25.7
26.7
27.7
28.7
29.7
30.7
31.7
32.7
33.7
34.7
35.7
36.7
37.7
38.7
39.7
40.7
41.7
42.7
43.7
44.7
45.7
46.7
47.7
48.7
49.7
50.7
51.7
52.7
53.7
54.7
55.7
56.7
57.7
58.7
59.7
60.7
61.7
62.7
63.7
64.7
65.7
66.7
67.7
68.7
69.7
70.7
71.7
72.7
73.7
74.7
75.7
76.7
77.7
78.7
79.7
80.7
81.7
82.7
83.7
84.7
85.7
86.7
87.7
____________________________________
Wed Mar 27 10:59:34 2024


PARAMETERS
NUMBER_NEURON = 6
VOLTAGE_TRESHOLD = 1.65
LEARNING_RATE = 0.1
LEAK_RATE = 1.8
TIME_ITERATION = 100
ITERATION_SPIKE_IN = 100
THRESHOLD_COORDINATES = 0.1
THRESHOLD_GYROSCOPE = 0.05  0.05  1.9   
0
5
4.98
-0.06
-5.12
-10.2
-5.3
-4.3
-3.3
-2.3
-1.3
-0.3
0.7
1.7
2.7
3.7
4.7
5.7
6.7
7.7
8.7
9.7
10.7
11.7
12.7
13.7
14.7
15.7
16.7
17.7
18.7
19.7
20.7
21.7
22.7
23.7
24.7
25.7
26.7
27.7
28.7
29.7
30.7
31.7
32.7
33.7
34.7
35.7
36.7
37.7
38.7
39.7
40.7
41.7
42.7
43.7
44.7
45.7
46.7
47.7
48.7
49.7
50.7
51.7
52.7
53.7
54.7
55.7
56.7
57.7
58.7
59.7
60.7
61.7
62.7
63.7
64.7
65.7
66.7
67.7
68.7
69.7
70.7
71.7
72.7
73.7
74.7
75.7
76.7
77.7
78.7
79.7
80.7
81.7
82.7
83.7
84.7
85.7
86.7
87.7
____________________________________
Wed Mar 27 11:02:25 2024


PARAMETERS
NUMBER_NEURON = 6
VOLTAGE_TRESHOLD = 1.55
LEARNING_RATE = 0.1
LEAK_RATE = 1.8
TIME_ITERATION = 100
ITERATION_SPIKE_IN = 100
THRESHOLD_COORDINATES = 0.1
THRESHOLD_GYROSCOPE = 0.05  0.05  1.9   
0
5
4.98
-0.06
-5.12
-10.2
-5.3
-4.3
-3.3
-2.3
-1.3
-0.3
0.7
1.7
6.44
11.16
15.86
20.54
15.2
9.84
4.46
-0.94
-6.36
-11.8
-17.26
-12.74
-11.74
-7.26
-6.26
-1.82
2.6
7
11.38
5.74
0.08
-5.6
-11.3
-7.02
-6.02
-1.78
2.44
6.64
10.82
9.98
4.12
-1.76
-7.66
-8.58
-4.52
-4.48
-0.46
3.54
7.52
6.48
5.42
-0.66
-1.76
2.12
5.98
-0.18
-6.36
-2.56
1.22
-0.02
-6.28
-2.56
-1.56
2.12
0.78
-0.58
-1.96
-3.36
0.22
3.78
7.32
5.84
4.34
2.82
-3.72
-0.28
3.14
1.54
-5.08
-1.72
1.62
-0.06
-1.76
-3.48
-5.22
-6.98
-3.76
-0.56
2.62
5.78
3.92
7.04
5.14
3.22
-3.72
-0.68
____________________________________
Wed Mar 27 11:09:26 2024


PARAMETERS
NUMBER_NEURON = 6
VOLTAGE_TRESHOLD = 1.55
LEARNING_RATE = 0.1
LEAK_RATE = 1.8
TIME_ITERATION = 100
ITERATION_SPIKE_IN = 100
THRESHOLD_COORDINATES = 0.1
THRESHOLD_GYROSCOPE = 0.05  0.05  1.9   
0
2
1.98
-3.06
-8.12
-6.2
-6.2
-6.2
-6.2
-6.2
-4.38
-4.38
-4.38
-4.38
-4.38
-4.38
-4.38
-4.38
-4.38
-4.38
-4.38
-4.38
-4.38
-4.38
-4.38
-4.38
-4.38
-4.38
-4.38
-4.38
-4.38
-4.38
-4.38
-4.38
-4.38
-4.38
-4.38
-4.38
-4.38
-4.38
-4.38
-4.38
-4.38
-4.38
-4.38
-4.38
-4.38
-4.38
-4.38
-4.38
-4.38
-4.38
-4.38
-4.38
-4.38
-4.38
-4.38
-4.38
-4.38
-4.38
-4.38
-4.38
-4.38
-4.38
-4.38
-4.38
-4.38
-4.38
-4.38
-4.38
-4.38
-4.38
-4.38
-4.38
-4.38
-4.38
-4.38
-4.38
-4.38
-4.38
-4.38
-4.38
-4.38
-4.38
-4.38
-4.38
-4.38
-4.38
-4.38
-4.38
-4.38
-4.38
-4.38
-4.38
-4.38
-4.38
-4.38
-4.38
-4.38
-4.38
____________________________________
Wed Mar 27 11:14:59 2024


PARAMETERS
NUMBER_NEURON = 6
VOLTAGE_TRESHOLD = 1.2
LEARNING_RATE = 0.1
LEAK_RATE = 1.8
TIME_ITERATION = 100
ITERATION_SPIKE_IN = 100
THRESHOLD_COORDINATES = 0.1
THRESHOLD_GYROSCOPE = 0.05  0.05  1.9   
0
0
-5.02
-10.06
-10.06
-10.06
-10.06
-10.06
-10.06
-10.06
-10.06
-10.06
-10.06
-10.06
-10.06
-10.06
-10.06
-10.06
-10.06
-10.06
-10.06
-10.06
-10.06
-10.06
-10.06
-10.06
-10.06
-10.06
-10.06
-10.06
-10.06
-10.06
-10.06
-10.06
-10.06
-10.06
-10.06
-10.06
-10.06
-10.06
-10.06
-10.06
-10.06
-10.06
-10.06
-10.06
-10.06
-10.06
-10.06
-10.06
-10.06
-10.06
-10.06
-10.06
-10.06
-10.06
-10.06
-10.06
-10.06
-10.06
-10.06
-10.06
-10.06
-10.06
-10.06
-10.06
-10.06
-10.06
-10.06
-10.06
-10.06
-10.06
-10.06
-10.06
-10.06
-10.06
-10.06
-10.06
-10.06
-10.06
-10.06
-10.06
-10.06
-10.06
-10.06
-10.06
-10.06
-10.06
-10.06
-10.06
-10.06
-10.06
-10.06
-10.06
-10.06
____________________________________
Wed Mar 27 11:17:09 2024


PARAMETERS
NUMBER_NEURON = 6
VOLTAGE_TRESHOLD = 1
LEARNING_RATE = 0.1
LEAK_RATE = 1.8
TIME_ITERATION = 100
ITERATION_SPIKE_IN = 100
THRESHOLD_COORDINATES = 0.1
THRESHOLD_GYROSCOPE = 0.05  0.05  1.9   
0
-5
-3.02
-2.02
-2.02
-2.02
-0.12
-0.12
-0.12
-0.12
1.7
1.7
1.7
1.7
3.44
5.16
6.86
8.54
3.2
-2.16
-7.54
-5.94
-4.94
-4.94
-4.94
-3.42
-1.92
-1.92
-1.92
-0.48
0.94
0.94
0.94
0.94
2.28
3.6
4.9
6.18
5.44
-0.32
-1.1
-6.9
-5.72
-5.72
-4.58
-3.46
-3.46
-2.38
-1.32
-1.32
-0.3
0.7
0.7
1.66
2.6
2.6
3.5
4.38
5.24
6.08
4.9
-1.3
-0.52
-1.76
-8.02
-7.3
-7.3
-6.62
-5.96
-5.32
-4.7
-4.1
-3.52
-2.96
-2.42
-2.42
-1.92
-1.92
-1.46
-1.46
-1.04
-1.04
-0.66
-0.66
-0.66
-0.34
-0.34
-0.34
-0.08
-0.08
-0.08
0.12
0.12
0.12
0.26
0.26
0.26
0.34
0.34
0.34
____________________________________
Wed Mar 27 11:20:47 2024


PARAMETERS
NUMBER_NEURON = 6
VOLTAGE_TRESHOLD = 1
LEARNING_RATE = 0.1
LEAK_RATE = 1.8
TIME_ITERATION = 100
ITERATION_SPIKE_IN = 100
THRESHOLD_COORDINATES = 0.1
THRESHOLD_GYROSCOPE = 0.05  0.05  1.9   
0
-5
-3.02
-2.02
-2.02
-2.02
-0.12
-0.12
-0.12
-0.12
1.7
1.7
1.7
1.7
3.44
5.16
6.86
8.54
6.2
0.84
-4.54
-9.94
-8.36
-7.36
-7.36
-6.84
-5.34
-5.34
-5.34
-3.9
-2.48
-2.48
-2.48
-2.48
-1.14
-1.14
-1.14
-1.14
0.12
0.12
0.12
0.12
1.3
1.3
1.3
1.3
2.4
2.4
2.4
2.4
3.42
3.42
3.42
3.42
4.36
4.36
4.36
4.36
5.22
5.22
5.22
5.22
6
6
6
6
6.7
7.38
8.04
6.68
5.3
-1.1
-7.52
-13.96
-13.96
-13.96
-13.96
-13.96
-13.5
-13.5
-13.5
-13.5
-13.5
-13.14
-12.8
-12.8
-12.8
-12.8
-12.8
-12.56
-12.56
-12.56
-12.56
-12.4
-12.4
-12.4
-12.4
-12.32
-12.32
-12.32
____________________________________
Wed Mar 27 11:24:49 2024


PARAMETERS
NUMBER_NEURON = 6
VOLTAGE_TRESHOLD = 1
LEARNING_RATE = 0.2
LEAK_RATE = 1.5
TIME_ITERATION = 100
ITERATION_SPIKE_IN = 1
THRESHOLD_COORDINATES = 0.1
THRESHOLD_GYROSCOPE = 0.05  0.05  1.9   
0
-5
-5
-5
-5
-5
-5
-5
-5
-5
-5
-5
-5
-5
-5
-5
-5
-5
-5
-5
-5
-5
-5
-5
-5
-5
-5
-5
-5
-5
-5
-5
-5
-5
-5
-5
-5
-5
-5
-5
-5
-5
-5
-5
-5
-5
-5
-5
-5
-5
-5
-5
-5
-5
-5
-5
-5
-5
-5
-5
-5
-5
-5
-5
-5
-5
-5
-5
-5
-5
-5
-5
-5
-5
-5
-5
-5
-5
-5
-5
-5
-5
-5
-5
-5
-5
-5
-5
-5
-5
-5
-5
-5
-5
-5
-5
-5
-5
-5
-5
____________________________________
Wed Mar 27 11:29:42 2024


PARAMETERS
NUMBER_NEURON = 6
VOLTAGE_TRESHOLD = 1
LEARNING_RATE = 0.2
LEAK_RATE = 1.1
TIME_ITERATION = 100
ITERATION_SPIKE_IN = 1
THRESHOLD_COORDINATES = 0.1
THRESHOLD_GYROSCOPE = 0.05  0.05  1.9   
0
-5
-5
-5
-5
-3.08
-3.08
-3.08
-3.08
-3.08
-3.08
-1.28
-1.28
-1.28
-1.28
-1.28
-1.28
0.4
0.4
0.4
0.4
0.4
0.4
1.96
1.96
1.96
1.96
1.96
1.96
3.4
4.82
6.22
6.22
7.58
6.92
1.24
-4.46
-10.18
-10.18
-10.18
-10.18
-10.18
-10.18
-9.02
-9.02
-9.02
-9.02
-9.02
-9.02
-7.98
-7.98
-7.98
-7.98
-7.98
-7.98
-7.06
-7.06
-7.06
-7.06
-7.06
-7.06
-6.26
-6.26
-6.26
-6.26
-6.26
-6.26
-5.58
-5.58
-5.58
-5.58
-5.58
-5.58
-5.02
-5.02
-5.02
-5.02
-5.02
-5.02
-4.58
-4.58
-4.58
-4.58
-4.58
-4.58
-4.26
-4.26
-4.26
-4.26
-4.26
-4.26
-4.06
-4.06
-4.06
-4.06
-4.06
-4.06
-3.98
-3.98
-3.98
____________________________________
Wed Mar 27 11:33:30 2024


PARAMETERS
NUMBER_NEURON = 6
VOLTAGE_TRESHOLD = 1
LEARNING_RATE = 0.2
LEAK_RATE = 1.1
TIME_ITERATION = 100
ITERATION_SPIKE_IN = 1
THRESHOLD_COORDINATES = 0.1
THRESHOLD_GYROSCOPE = 0.05  0.05  1.9   
0
-5
-5
-5
-5
-3.08
-3.08
-3.08
-3.08
-3.08
-3.08
-1.28
-1.28
-1.28
-1.28
-1.28
-1.28
0.4
0.4
0.4
0.4
0.4
0.4
1.96
1.96
1.96
1.96
1.96
1.96
3.4
4.82
6.22
6.22
7.58
6.92
1.24
-4.46
-10.18
-10.18
-10.18
-10.18
-10.18
-10.18
-9.02
-9.02
-9.02
-9.02
-9.02
-9.02
-7.98
-7.98
-7.98
-7.98
-7.98
-7.98
-7.06
-7.06
-7.06
-7.06
-7.06
-7.06
-6.26
-6.26
-6.26
-6.26
-6.26
-6.26
-5.58
-5.58
-5.58
-5.58
-5.58
-5.58
-5.02
-5.02
-5.02
-5.02
-5.02
-5.02
-4.58
-4.58
-4.58
-4.58
-4.58
-4.58
-4.26
-4.26
-4.26
-4.26
-4.26
-4.26
-4.06
-4.06
-4.06
-4.06
-4.06
-4.06
-3.98
-3.98
-3.98
____________________________________
Wed Mar 27 11:37:29 2024


PARAMETERS
NUMBER_NEURON = 6
VOLTAGE_TRESHOLD = 1
LEARNING_RATE = 0.2
LEAK_RATE = 1.1
TIME_ITERATION = 100
ITERATION_SPIKE_IN = 1
THRESHOLD_COORDINATES = 0.1
THRESHOLD_GYROSCOPE = 0.05  0.05  1.9   
0
-5
-5
-5
-5
-3.08
-3.08
-3.08
-3.08
-3.08
-3.08
-1.28
-1.28
-1.28
-1.28
-1.28
-1.28
0.4
0.4
0.4
0.4
0.4
0.4
1.96
1.96
1.96
1.96
1.96
1.96
3.4
4.82
6.22
6.22
7.58
6.92
1.24
-4.46
-10.18
-10.18
-10.18
-10.18
-10.18
-10.18
-9.02
-9.02
-9.02
-9.02
-9.02
-9.02
-7.98
-7.98
-7.98
-7.98
-7.98
-7.98
-7.06
-7.06
-7.06
-7.06
-7.06
-7.06
-6.26
-6.26
-6.26
-6.26
-6.26
-6.26
-5.58
-5.58
-5.58
-5.58
-5.58
-5.58
-5.02
-5.02
-5.02
-5.02
-5.02
-5.02
-4.58
-4.58
-4.58
-4.58
-4.58
-4.58
-4.26
-4.26
-4.26
-4.26
-4.26
-4.26
-4.06
-4.06
-4.06
-4.06
-4.06
-4.06
-3.98
-3.98
-3.98
____________________________________
Wed Mar 27 11:45:55 2024


PARAMETERS
NUMBER_NEURON = 6
VOLTAGE_TRESHOLD = 0.8
LEARNING_RATE = 0.2
LEAK_RATE = 1.1
TIME_ITERATION = 100
ITERATION_SPIKE_IN = 1
THRESHOLD_COORDINATES = 0.1
THRESHOLD_GYROSCOPE = 0.05  0.05  1.9   
0
-5
-5
-5
-5
-3.08
-3.08
-3.08
-3.08
-1.24
-1.24
-1.24
-1.24
-1.24
-1.24
0.48
0.48
0.48
0.48
2.12
2.12
2.12
2.12
3.68
3.68
5.2
6.7
6.18
0.64
-4.92
-10.5
-10.5
-10.5
-10.5
-10.5
-9.18
-9.18
-9.18
-9.18
-9.18
-9.18
-9.18
-9.18
-9.18
-9.18
-9.18
-9.18
-8.1
-8.1
-8.1
-8.1
-7.1
-7.1
-7.1
-7.1
-6.18
-6.18
-6.18
-6.18
-5.34
-5.34
-5.34
-5.34
-4.58
-4.58
-4.58
-4.58
-3.9
-3.9
-3.9
-3.9
-3.3
-3.3
-3.3
-3.3
-2.78
-2.78
-2.78
-2.78
-2.34
-2.34
-2.34
-2.34
-1.98
-1.98
-1.98
-1.98
-1.7
-1.7
-1.7
-1.7
-1.5
-1.5
-1.5
-1.5
-1.38
-1.38
-1.38
-1.38
-1.34
____________________________________
Wed Mar 27 11:49:16 2024


PARAMETERS
NUMBER_NEURON = 6
VOLTAGE_TRESHOLD = 0.8
LEARNING_RATE = 0.2
LEAK_RATE = 1.1
TIME_ITERATION = 100
ITERATION_SPIKE_IN = 1
THRESHOLD_COORDINATES = 0.1
THRESHOLD_GYROSCOPE = 0.05  0.05  1.9   
0
-4
-0.02
3.94
7.88
11.8
7.7
3.58
-0.56
-4.72
-8.9
-9.1
-5.32
-5.32
-5.32
-1.6
2.1
5.78
9.44
13.08
12.7
8.3
3.88
-0.56
-5.02
-9.5
-14
-10.52
-10.52
-7.08
-3.66
-0.26
3.12
2.48
5.82
9.14
12.44
11.72
6.98
2.22
-2.56
-7.36
-12.18
-13.02
-13.02
-9.9
-6.8
-3.72
-0.66
2.38
5.4
8.4
11.38
14.34
17.28
20.2
19.1
13.98
8.84
3.68
-1.5
-6.7
-11.92
-17.16
-18.42
-15.7
-13
-16.32
-16.32
-13.68
-11.06
-8.46
-5.88
-3.32
-0.78
1.74
4.24
6.72
9.18
11.62
14.04
16.44
18.82
21.18
23.52
21.84
16.14
10.42
4.68
-1.08
-6.86
-12.66
-18.48
-24.32
-22.18
-20.06
-20.06
-17.98
-15.92
-13.88
____________________________________
Wed Mar 27 12:15:07 2024


PARAMETERS
NUMBER_NEURON = 6
VOLTAGE_TRESHOLD = 0.8
LEARNING_RATE = 0.2
LEAK_RATE = 1.1
TIME_ITERATION = 100
ITERATION_SPIKE_IN = 1
THRESHOLD_COORDINATES = 0.1
THRESHOLD_GYROSCOPE = 0.05  0.05  1.9   
0
-4
3.98
3.96
3.94
3.92
-4.1
-4.12
-0.12
3.84
3.82
3.8
3.78
-2.24
3.74
-2.28
-4.3
3.68
3.66
3.64
3.62
-4.4
3.58
-2.44
3.54
-4.48
3.5
3.48
-4.54
3.44
3.42
-4.6
-0.6
3.36
3.34
3.32
-4.7
3.28
3.26
3.24
-4.78
-0.78
-0.78
3.16
3.14
3.12
3.1
3.08
-4.94
3.04
3.02
3
-5.02
-1.02
-1.02
2.92
2.9
2.88
-5.14
2.84
2.82
2.8
-5.22
-1.22
-1.22
2.72
2.7
2.68
2.66
2.64
-5.38
2.6
-1.4
2.56
2.54
2.52
-5.5
2.48
2.46
2.44
-5.58
-1.58
-1.58
2.36
2.34
2.32
2.3
2.28
2.26
2.24
-5.78
-1.78
-1.78
2.16
2.14
2.12
-5.9
-1.9
-1.9
2.04
____________________________________
Wed Mar 27 12:19:58 2024


PARAMETERS
NUMBER_NEURON = 6
VOLTAGE_TRESHOLD = 1.2
LEARNING_RATE = 0.2
LEAK_RATE = 1.2
TIME_ITERATION = 100
ITERATION_SPIKE_IN = 1
THRESHOLD_COORDINATES = 0.1
THRESHOLD_GYROSCOPE = 0.05  0.05  1.9   
0
-3
2.98
-2.04
2.94
2.92
-3.1
2.88
-2.14
2.84
-3.18
2.8
2.78
2.76
-3.26
2.72
2.7
-3.32
-0.32
2.64
2.62
-3.4
-0.4
-0.4
-0.4
2.52
2.5
2.48
2.46
-3.56
-0.56
2.4
2.38
2.36
-3.66
2.32
-3.7
-0.7
-0.7
2.24
2.22
-3.8
-0.8
-0.8
-0.8
2.12
2.1
2.08
-3.94
-0.94
-0.94
-0.94
-0.94
1.96
1.94
1.92
1.9
1.88
-4.14
1.84
1.82
1.8
-4.22
1.76
-1.24
1.72
1.7
1.68
-4.34
-1.34
-1.34
1.6
1.58
1.56
-4.46
-1.46
-1.46
-1.46
-1.46
1.44
1.42
1.4
-4.62
-1.62
-1.62
-1.62
-1.62
1.28
1.26
1.24
-4.78
-1.78
-1.78
-1.78
-1.78
1.12
1.1
1.08
1.06
1.04
____________________________________
Wed Mar 27 12:26:10 2024


PARAMETERS
NUMBER_NEURON = 6
VOLTAGE_TRESHOLD = 1.2
LEARNING_RATE = 0.2
LEAK_RATE = 1.2
TIME_ITERATION = 100
ITERATION_SPIKE_IN = 1
THRESHOLD_COORDINATES = 0.1
THRESHOLD_GYROSCOPE = 0.05  0.05  1.9   
0
-3
2.98
-2.04
2.94
2.92
-3.1
2.88
-2.14
2.84
-2.18
2.8
-2.22
2.76
-2.26
2.72
2.7
2.68
-3.34
2.64
-2.38
2.6
-3.42
2.56
2.54
2.52
2.5
2.48
-3.54
2.44
-2.58
2.4
-2.62
2.36
-0.64
2.32
2.3
2.28
-3.74
2.24
2.22
2.2
2.18
-3.84
2.14
2.12
2.1
2.08
-3.94
2.04
2.02
2
-4.02
1.96
1.94
1.92
-4.1
1.88
1.86
1.84
1.82
-4.2
-1.2
1.76
1.74
1.72
1.7
-4.32
-1.32
1.64
1.62
1.6
1.58
1.56
-4.46
-1.46
-1.46
1.48
1.46
1.44
-4.58
-1.58
-1.58
1.36
1.34
1.32
1.3
1.28
-4.74
-1.74
-1.74
1.2
1.18
1.16
1.14
1.12
1.1
1.08
-4.94
-1.94
____________________________________
Wed Mar 27 12:34:20 2024


PARAMETERS
NUMBER_NEURON = 6
VOLTAGE_TRESHOLD = 1.2
LEARNING_RATE = 0.2
LEAK_RATE = 1.2
TIME_ITERATION = 100
ITERATION_SPIKE_IN = 1
THRESHOLD_COORDINATES = 0.1
THRESHOLD_GYROSCOPE = 0.05  0.05  1.9   
0
-3
2.98
-2.04
2.94
2.92
-3.1
2.88
-3.14
2.84
2.82
2.8
-3.22
2.76
2.74
2.72
-3.3
2.68
2.66
-2.36
2.62
-2.4
2.58
-2.44
2.54
-2.48
-0.48
2.48
2.46
-3.56
2.42
2.4
2.38
2.36
-3.66
2.32
2.3
-3.72
2.26
2.24
2.22
-3.8
2.18
2.16
2.14
2.12
-3.9
-0.9
-0.9
2.04
2.02
2
1.98
1.96
-4.06
1.92
1.9
1.88
-4.14
-1.14
-1.14
1.8
1.78
1.76
1.74
1.72
-4.3
1.68
1.66
1.64
1.62
1.6
-4.42
-1.42
-1.42
1.52
1.5
1.48
1.46
1.44
-4.58
1.4
1.38
1.36
1.34
1.32
-4.7
1.28
1.26
1.24
1.22
1.2
-4.82
1.16
-1.84
1.12
1.1
1.08
1.06
1.04
____________________________________
Wed Mar 27 12:38:09 2024


PARAMETERS
NUMBER_NEURON = 6
VOLTAGE_TRESHOLD = 1.2
LEARNING_RATE = 0.2
LEAK_RATE = 1.2
TIME_ITERATION = 100
ITERATION_SPIKE_IN = 1
THRESHOLD_COORDINATES = 0.1
THRESHOLD_GYROSCOPE = 0.05  0.05  1.9   
0
-2
2.98
-2.04
2.94
-2.08
2.9
-2.12
2.86
2.84
-2.18
-2.2
2.78
-2.24
2.74
2.72
2.7
-2.32
2.66
2.64
2.62
-2.4
-2.42
2.56
2.54
2.52
-2.5
-2.52
2.46
2.44
2.42
2.4
2.38
-2.64
2.34
2.32
-2.7
2.28
2.26
-2.76
2.22
2.2
-2.82
2.16
2.14
2.12
-2.9
2.08
-2.94
2.04
2.02
2
-3.02
1.96
1.94
-3.08
-3.1
1.88
1.86
1.84
1.82
1.8
-3.22
-3.24
1.74
1.72
1.7
1.68
1.66
1.64
1.62
-3.4
1.58
1.56
1.54
-3.48
1.5
1.48
1.46
-3.56
1.42
1.4
-3.62
-3.64
1.34
1.32
-1.68
-1.68
-1.68
1.24
1.22
1.2
1.18
1.16
1.14
-3.88
1.1
1.08
1.06
1.04
