____________________________________
Wed Apr 10 11:42:17 2024


PARAMETERS
NUMBER_NEURON = 6
VOLTAGE_TRESHOLD = 1.1
LEARNING_RATE = 0.1
LEAK_RATE_TEST = 1
TIME_ITERATION = 300
ITERATION_SPIKE_IN = 5
THRESHOLD_COORDINATES = 0.047
THRESHOLD_GYROSCOPE = 0.03  0.03  1.9   
____________________________________
Wed Apr 10 11:42:17 2024


PARAMETERS
NUMBER_NEURON = 6
VOLTAGE_TRESHOLD = 1.1
LEARNING_RATE = 0.1
LEAK_RATE_TEST = 1
TIME_ITERATION = 300
ITERATION_SPIKE_IN = 5
THRESHOLD_COORDINATES = 0.047
THRESHOLD_GYROSCOPE = 0.03  0.03  1.9   
0
3.00667
-3
-3
-2
-2
2
2.95333
0
0
0
2
2
-2
2.90667
2
2
2
2
2
-2
2
-2
2
-2
2
-2
2
-2
2.80667
2
-2
-2
2
-2
2
-2
2
2
2
2
2
-2
2
-2
2
-2
2
2
-2
2
-2
2
-2
2
2.63333
-2
2
-2
2
2
-2
2
2
-2
2
-2
2
2
2
2
-2
2
-2
2
2
-3
2
2
2
-2
2
-2
2
-2
2
-2
2
-3
0
0
2
2
2
2.37333
2
3.64
-2
2
-3
0
2
2
2.31333
2.30667
2.3
-3
2
2
2
-2
2
-2
-2
2
2
-3
2
2
-2
2.2
-2
2
2
2
2
-3
2
2
-2
0
2
-2
2
-3
2
2
-2
0
0
0
2
2
-2
2
-2
2
2.02
2.01333
0
0
0
2
2
-3
2
2
-3
0
0
0
2
2
-2
2
-3
0
0
0
0
0
2
2
-2
2
-2
2
-3
0
0
0
2
2
-2
2
-2
2
-3
0
0
0
2
2
2
2
-2
-2
-2
2
2
2
0
2
2
2
-2
-2
-2
2
4.39333
-2
0
0
2
2
2
2
2
-3
0
0
2
2
2
2
-2
-2
0
0
0
0
2
2
-2
2
-2
0
0
0
0
0
2
2
-2
2
2
-3
0
0
0
0
2
2
2
-2
2
-2
0
0
0
0
2
2
-2
2
2
-2
0
0
0
0
2
2
-2
2
2
-2
0
0
0
0
2
2
-2
2
2
-3
0
0
0
0
2
2
2
-2
2
-2
-2
-2
-2
____________________________________
Wed Apr 10 12:23:24 2024


PARAMETERS
NUMBER_NEURON = 6
VOLTAGE_TRESHOLD = 1.1
LEARNING_RATE = 0.1
LEAK_RATE_TEST = 1
TIME_ITERATION = 300
ITERATION_SPIKE_IN = 5
THRESHOLD_COORDINATES = 0.047
THRESHOLD_GYROSCOPE = 0.03  0.03  1.9   
0
-2
-3
-3
-2
-2
2
2
0
0
0
0
2
2
2
2
2.89333
-2
2
2.87333
-3
-2
-2
2
-2
2
2
-2
2
2
2
-2
2
-2
-2
2
2.76
-2
2
-2
-2
-2
2
2
2
2
-2
3.31333
-2
0
0
2
2
-2
2
-2
2.62667
2
2
-3
2.6
2.59333
-2
2.58
-2
2.56667
2
3.44667
0
0
0
2
2
-2
2
2
-2
-3
2.48
2
2
2
2
-2
2
-2
-2
-2
2
0
0
2
2
-3
2.37333
2
-2
3.64667
-2
0
0
2
2
2
-2
2.3
-2
0
0
0
0
2
2
2.24667
2.24
-2
-2
-2
2
-2
2
-2
2.18667
-2
2.17333
-2
-2
2
0
0
0
2
2
2
-2
2.1
-2
0
0
0
0
2
2
2
2.04
2.03333
-2
0
0
0
0
2
2
-2
2
-2
2
-2
2
-2
2
2
-2
2
1.90667
1.9
-2
2
-2
2
-2
2
-2
2
-2
2
-2
1.82
-2
0
0
2
2
-2
1.77333
1.76667
1.76
-2
2
1.74
2
1.72667
-2
-2
2
-2
2
1.68667
2
2
0
2
2
1.64667
1.64
1.63333
-3
2
1.61333
-3
2
1.59333
1.58667
-2
2
-3
2
1.55333
-2
0
0
2
2
-2
1.50667
-2
1.49333
-2
0
0
0
2
2
-2
2
-2
1.42667
-2
0
0
0
2
2
-2
2
-2
2
0
0
0
0
2
-2
-2
2
-2
2
0
0
0
0
2
2
-2
2
-2
2
0
0
0
0
2
2
-2
2
-2
2
0
0
0
0
2
2
-2
2
-2
2
0
0
0
0
2
2
-2
2
-3
0
0
0
0
____________________________________
Wed Apr 10 13:00:41 2024


PARAMETERS
NUMBER_NEURON = 6
VOLTAGE_TRESHOLD = 1.1
LEARNING_RATE = 0.1
LEAK_RATE_TEST = 1
TIME_ITERATION = 300
ITERATION_SPIKE_IN = 5
THRESHOLD_COORDINATES = 0.047
THRESHOLD_GYROSCOPE = 0.03  0.03  1.9   
0
2.99333
-2
-3
-3
2
-2
-2
2
2
2
2
2
-2
-2
2
2
3.11333
2.88
2
-2
-2
-2
2.84667
-3
2
-2
2
2
2
2.8
-2
2
-2
2
2
3.24
2
-2
2.74
2.73333
-3
-2
-2
2
-3
2
0
0
0
0
2
2
2.64667
2.64
-2
-2
2
-2
2
2
2
2
-2
2
-2
-2
-2
-2
2
2
3.47333
2
2
-2
-2
2
2
2
2
2
2
-2
-2
2.44
-2
2
-2
2
-2
2
-2
2
-2
2
2
-2
2
3.65333
-2
2
-2
2
2
-2
-2
2
-2
2
-2
2
-2
2
-2
2
3.76667
-2
-2
2
-2
2
-2
2
-2
2
2
3.84
-2
3.85333
2
3.86667
-2
2
-2
2
-2
-2
2
3.92
-2
2
2
-2
2
-2
2
-2
2
2
2
2
2
2
-2
-2
-2
-2
-2
-2
2
2
2
-2
2
-2
2
-2
2
2
0
0
2
2
1.84667
-2
2
-2
2
2
2
2
2
-2
2
-2
2
-2
2
2
2
2
2
-2
2
-2
2
-2
-2
2
2
2
1.66
2
-2
2
-2
-2
-2
2
2
2
1.59333
2
-2
2
-2
2
2
2
2
2
2
2
-2
2
-2
2
2
2
-2
2
2
2
-2
-2
-2
2
2
2
-2
-2
2
-2
2
-3
2
-2
2
2
2
-2
2
2
-2
2
-2
2
-2
2
-3
2
2
2
1.24667
1.24
-2
2
2
2
2
2
2
1.18667
2
2
2
-3
2
2
0
0
0
2
2
2
-3
2
-3
2
2
0
0
2
2
2
-2
-2
0
0
0
____________________________________
Wed Apr 10 13:45:10 2024


PARAMETERS
NUMBER_NEURON = 6
VOLTAGE_TRESHOLD = 1.1
LEARNING_RATE = 0.1
LEAK_RATE_TEST = 1.5
TIME_ITERATION = 300
ITERATION_SPIKE_IN = 5
THRESHOLD_COORDINATES = 0.047
THRESHOLD_GYROSCOPE = 0.03  0.03  1.9   
____________________________________
Wed Apr 10 13:45:10 2024


PARAMETERS
NUMBER_NEURON = 6
VOLTAGE_TRESHOLD = 1.1
LEARNING_RATE = 0.1
LEAK_RATE_TEST = 1.5
TIME_ITERATION = 300
ITERATION_SPIKE_IN = 5
THRESHOLD_COORDINATES = 0.047
THRESHOLD_GYROSCOPE = 0.03  0.03  1.9   
0
0
2
-2
-3
-3
-2
2.95333
-2
-2
2
2
2
2
2
2
2
0
0
0
0
0
0
0
2
2
2
-2
-2
-2
2
-2
2
2
2
2
2
-2
2.74667
2
2
2
2
-2
-2
2
2.69333
2.68667
-2
2.67333
-2
-2
-2
2
-2
2
2
2
2.61333
2
2
-2
2
-2
2
-3
-2
2
2
3.46
2
2
2
-3
-2
2
-2
2
2.48
2
2
3.54
-2
-2
-2
-2
2
3.58
-2
-2
0
0
2
2.38
-2
-2
2
2
2
2
2
2
2
2
-2
-2
3.70667
3.71333
2
0
0
2
2
-2
-2
-2
2
2
2
2
2.2
2
-2
2
2
2.16667
-2
-2
2
2
2
2
3.88
-2
-2
2
2
2
0
0
0
2
2
3.95333
-3
2
-2
2
2
2.00667
2
2
4.01333
-2
-2
2
0
0
0
0
0
2
1.92
-2
-2
2
0
0
0
0
0
2
1.85333
-2
-2
2
1.82667
2
2
2
2
4.20667
-2
-2
-2
2
2
-2
2
2
4.26667
2
2
1.71333
-2
-3
2
2
1.68
2
0
2
2
4.35333
-3
2
-2
2
-2
2
4.4
2
1.58667
-2
-2
4.43333
-3
2
2
2
0
0
2
2
4.49333
-2
2
2
0
0
0
2
2
4.55333
-2
4.56667
-3
4.58
2
1.40667
4.6
2
2
2
-3
1.36667
-2
-2
2
-3
-2
2
1.32
2
-2
2
-2
2
2
2
2
2
2
-2
-2
2
-2
2
-2
4.79333
2
2
-2
-2
2
-2
-2
2
0
0
0
0
2
2
2
-3
4.90667
2
1.08
-2
2
0
2
2
2
-3
4.97333
-2
0
0
____________________________________
Wed Apr 10 14:29:49 2024


PARAMETERS
NUMBER_NEURON = 6
VOLTAGE_TRESHOLD = 1.1
LEARNING_RATE = 0.1
LEAK_RATE_TEST = 1.5
TIME_ITERATION = 300
ITERATION_SPIKE_IN = 5
THRESHOLD_COORDINATES = 0.047
THRESHOLD_GYROSCOPE = 0.03  0.03  1.9   
0
2
-2
-3
-3
-2
2
2
2
0
0
0
0
0
0
2
2
0
0
0
0
0
0
2
0
2
2
2
2
2
0
2
2
2
-3
-2
2
2
2
2
-2
2
2
2
-3
2
2
-2
2
2
-2
2.66
-3
2
2
-2
-2
2
2
0
0
2
2
-2
2
2
-3
2
-2
2
2
2
2
-2
2
2
-3
2
2
2
-2
2
2
-2
-2
2
-3
0
0
0
0
2
2
-2
2
2
-2
0
0
0
0
2
2
-2
2
2
-3
0
0
0
0
2
2
-2
2
2
-3
0
0
0
0
2
2
-2
2
-2
0
0
0
0
0
2
2
-2
2
2
-3
0
0
0
0
2
2
-2
2
2
-2
0
0
0
0
2
2
-2
2
2
-2
0
0
0
0
2
2
-2
2
2
-3
0
0
0
0
2
2
2
-2
2
1.82667
2
0
0
0
2
2
-2
2
2
-3
0
0
0
0
2
2
-2
2
-2
2
-2
2
0
0
2
2
-2
2
-2
1.62667
2
0
0
0
2
2
-2
2
-2
1.56
2
0
0
0
2
2
-2
2
-2
2
0
0
0
0
2
2
-2
2
1.43333
2
0
0
0
0
2
2
-2
2
2
-3
0
0
0
0
2
2
-2
2
2
-3
0
0
0
0
2
2
-2
2
2
-3
0
0
0
0
2
2
-2
2
2
-3
0
0
0
0
2
2
-2
2
2
-3
0
0
0
0
2
2
-3
0
2
2
-3
0
0
____________________________________
Wed Apr 10 15:02:02 2024


PARAMETERS
NUMBER_NEURON = 6
VOLTAGE_TRESHOLD = 1.1
LEARNING_RATE = 0.1
LEAK_RATE_TEST = 1.5
TIME_ITERATION = 300
ITERATION_SPIKE_IN = 5
THRESHOLD_COORDINATES = 0.047
THRESHOLD_GYROSCOPE = 0.03  0.03  1.9   
0
2
-2
-3
-2
2
2
0
0
0
0
0
0
2
2
-3
2.89333
2
2
2.87333
2.86667
-2
-3
-2
2
2
2
-2
-2
2
2
-2
-2
2
2.77333
-2
2
2
2
2
2
-2
-2
-2
2.70667
-2
2
2
2
0
0
2
-2
2.64667
-2
2.63333
2.62667
2
2
2
-2
-3
2
-2
2
-2
2
2
-2
2
2
-2
-2
-2
2
-2
3.50667
2
2
2
0
2
3.54667
-3
2
-3
2
2
2
2
2.4
-2
-2
-2
3.62667
-2
2
3.64667
2
2
2
-2
-2
2
-3
2
-3
2
2
2
2
2
-2
-2
-2
2
-2
2
2
2
2.2
-2
3.81333
-2
2
-2
2
-2
2
2
2
2
-2
2
-2
2
-2
2
2
2
2
2
2
-2
2
-2
-2
-2
2
-2
2
2
-2
2
-2
2
-2
2
-2
2
-2
2
2
2
-2
2
-2
2
-2
0
0
2
2
2
-2
2
-2
0
0
0
0
