____________________________________
Sun Apr  7 13:54:07 2024


PARAMETERS
NUMBER_NEURON = 6
VOLTAGE_TRESHOLD = 0.9
LEARNING_RATE = 0.1
LEAK_RATE = 1.5
TIME_ITERATION = 500
ITERATION_SPIKE_IN = 5
THRESHOLD_COORDINATES = 0.047
THRESHOLD_GYROSCOPE = 0.03  0.03  1.9   
____________________________________
Sun Apr  7 13:54:07 2024


PARAMETERS
NUMBER_NEURON = 6
VOLTAGE_TRESHOLD = 0.9
LEARNING_RATE = 0.1
LEAK_RATE = 1.5
TIME_ITERATION = 500
ITERATION_SPIKE_IN = 5
THRESHOLD_COORDINATES = 0.047
THRESHOLD_GYROSCOPE = 0.03  0.03  1.9   
2
-3
-3
-2
7
-2
-2
4
4
1.964
0
1.956
-2
-2
-2
7
-2
-2
0
0
0
4
7
-2
-2
7
-2
-2
1.888
0
0
1.876
-2
-2
-2
4
-2
0
0
0
0
4
-2
-2
-2
4
0
0
0
0
0
1.796
-2
1.788
1.784
-2
-2
0
0
0
0
1.756
-2
1.748
-2
-2
0
0
0
0
0
4
-2
1.708
-2
-2
0
0
0
0
0
4
-2
0
-2
4
7
0
0
0
0
1.636
-2
0
0
7
-2
0
0
0
0
1.596
-2
4
-2
0
0
0
0
0
0
1.556
-3
0
0
4
-2
0
0
0
0
1.516
-2
7
-2
0
0
0
0
0
0
1.476
-2
0
4
-2
0
0
0
0
0
4
-2
0
4
-2
0
0
0
0
0
4
-2
0
4
-2
0
0
0
0
0
1.356
-2
0
0
4
-2
0
0
0
0
1.316
-2
0
0
1.3
7
0
0
0
0
1.276
-2
0
1.264
-2
0
0
0
0
0
1.236
-2
0
0
4
-2
0
0
0
0
1.196
-2
0
0
1.18
-2
0
0
0
0
1.156
-2
0
0
1.14
-2
0
0
0
0
1.116
-2
0
0
4
-2
0
0
0
0
1.076
-2
0
0
1.06
1.056
0
0
0
0
1.036
-2
0
0
1.02
1.016
0
0
0
0
0.996
-2
0
0
4
0
0
0
0
0
0.956
-3
0
0
0
0
0
0
0
0
0.916
-2
0
0
4
0
0
0
0
0
0.876
-3
0
0
0
0
0
0
0
0
4
-2
0
0
4
0.816
0
0
0
0
0.796
-2
0
0
0.78
7
0
0
0
0
0.756
-2
0
0
0.74
3.736
0
0
0
0
0.716
-2
0
0
4
-2
0
0
0
0
0.676
-2
0
0
4
0.656
0
0
0
0
0.636
-2
0
0.624
0.62
0.616
0
0
0
0
0.596
-2
0
0
4
0.576
0
0
0
0
0.556
-2
0
0
0.54
4
0
0
0
0
0.516
-2
0
0
4
0.496
0
0
0
0
0.476
-2
0
0
0.46
0.456
0
0
0
0
0.436
-2
0
0
0.42
0.416
0
0
0
0
0.396
0.392
0.388
0
0.38
3.376
0
0
0
0
0.356
-2
0
0.344
0.34
0.336
0
0
0
0
0.316
0.312
0.308
0
4
3.296
0
0
0
0
0.276
-2
0
0
0.26
0.256
0
0
0
0
0.236
0.232
0.228
0
0.22
-2
0
0
0
0
0.196
4
4
4
4
-2
0
0
0
0
0.156
4
-2
0
0.14
-2
0
0
0
0
0.116
-2
0
0.104
-2
0.096
0
0
0
0
0.076
-2
0
4
4
-2
0
0
0
0
0.036
4
-2
0
0.02
0.016
0
0
0
____________________________________
Sun Apr  7 14:36:08 2024


PARAMETERS
NUMBER_NEURON = 6
VOLTAGE_TRESHOLD = 0.9
LEARNING_RATE = 0.1
LEAK_RATE = 1.5
TIME_ITERATION = 500
ITERATION_SPIKE_IN = 5
THRESHOLD_COORDINATES = 0.047
THRESHOLD_GYROSCOPE = 0.03  0.03  1.9   
0
1.996
-3
-3
-2
-2
4
0
0
0
0
0
4
-2
4
0
0
0
0
0
0
1.916
-2
1.908
1.904
1.9
1.896
1.892
1.888
-2
-2
0
1.872
-2
-2
1.86
0
0
0
0
0
1.836
1.832
-2
4
1.82
-2
0
0
0
0
1.796
1.792
-3
1.784
0
0
0
0
0
0
1.756
1.752
-2
-2
0
0
0
0
0
0
0
4
1.708
-2
0
0
0
0
0
0
1.676
1.672
-2
0
0
0
0
0
0
0
1.636
1.632
-2
4
-2
0
0
0
0
0
1.596
1.592
-2
0
4
-2
1.572
0
0
0
0
1.552
1.548
-2
1.54
-3
0
0
0
0
0
1.512
1.508
1.504
-2
0
0
0
0
0
0
4
1.468
-2
0
0
0
0
0
0
1.436
1.432
-2
0
0
0
0
0
0
0
1.396
1.392
1.388
-2
0
0
0
0
0
0
1.356
1.352
1.348
-2
0
0
0
0
0
0
1.316
1.312
-2
-2
0
0
0
0
0
0
4
1.272
1.268
-2
0
0
0
0
0
0
1.236
4
1.228
-3
0
0
0
0
0
0
1.196
1.192
1.188
-2
0
0
0
0
0
0
4
1.152
-2
1.144
4.14
4
0
0
0
0
0
1.112
1.108
-2
0
0
0
0
0
0
4
4.072
4
0
4
4.056
-2
0
0
0
0
1.032
4.028
-2
0
0
0
0
0
0
0.996
7
-2
0
0
0
0
0
0
0
4
-2
-2
0
4
-2
4
0
0
0
0.916
3.912
-2
0
0
0
0
0
0
0
4
-2
7
-3
0.86
0
0
0
0
0
0.836
-3
0
0.824
-2
4
0
0
0
0
0.796
-2
4
0.784
-2
4
0
0
0
0
0.756
-2
4
0.744
-2
4
0
0
0
0
0.716
-2
4
0.704
-2
0.696
0
0
0
0
0.676
-2
0
0.664
-2
0.656
0
0
0
0
0.636
-2
0
0.624
7
7
0
0
0
0
0.596
-2
4
0.584
-2
4
0
0
0
0
0.556
-2
4
0.544
-2
0.536
0
0
0
0
0.516
-2
0
0.504
-2
0.496
0
0
0
0
0.476
3.472
7
0
0.46
-2
0
0
0
0
0.436
-2
0
0.424
-2
0.416
0
0
0
0
0.396
-2
0
0.384
-2
0.376
0
0
0
0
0.356
7
-2
0
0.34
-2
-2
0
0
0
0.316
7
-2
0
0.3
-2
0
0
0
0
0.276
-2
0
0.264
3.26
7
0.252
0
0
0
4
3.232
-2
0
0.22
-2
0.212
0
0
0
0.196
-2
-2
4
0
0
0
0
0
0
0.156
-2
-2
0.144
0
0
0
0
0
0
0.116
-2
0.108
0
0.1
-2
7
0
0
0
0
0.072
-2
-2
0
0
0
0
0
0
4
-2
-2
0
0
0
0
0
0
____________________________________
Sun Apr  7 15:20:28 2024


PARAMETERS
NUMBER_NEURON = 6
VOLTAGE_TRESHOLD = 0.9
LEARNING_RATE = 0.1
LEAK_RATE = 1.5
TIME_ITERATION = 500
ITERATION_SPIKE_IN = 5
THRESHOLD_COORDINATES = 0.047
THRESHOLD_GYROSCOPE = 0.03  0.03  1.9   
4
-2
-3
-3
-2
0
0
0
0
0
0
0
1.952
1.948
-2
1.94
1.936
-2
0
0
0
4
1.912
-2
-2
-2
0
0
0
0
0
1.876
1.872
4.868
-2
1.86
-2
1.852
0
0
0
1.836
1.832
-2
1.824
4.82
-2
0
0
0
0
4
1.792
-2
4
-2
1.776
0
0
0
0
4
7
-3
4
-2
7
1.732
0
0
0
1.716
-2
7
-2
-2
-2
-2
7
-2
1.68
-2
-2
-2
-2
4
-2
4.652
-2
0
0
1.636
-2
4
-2
1.62
4.616
-2
0
0
0
1.596
-3
4
-2
1.58
-2
0
0
0
0
1.556
-2
1.548
-2
4
-2
0
0
0
0
4
4.512
-2
4
-2
0
0
0
0
0
1.476
-3
1.468
-2
4.46
-2
0
0
0
0
4
4.432
-2
4
-3
0
0
0
0
0
1.396
-2
4
-2
4
-3
0
0
0
0
1.356
4.352
-2
7
-3
0
0
0
0
0
1.316
-2
4
-2
1.3
-2
0
0
0
0
4
4.272
-2
7
-2
0
0
0
0
0
1.236
-2
4
4.224
4.22
-2
0
0
0
0
4
4.192
-3
1.184
4.18
-2
0
0
0
0
4
4.152
-2
1.144
-3
0
0
0
0
0
4
-2
1.108
-2
4
-3
0
0
0
0
1.076
-2
4
4.064
-2
0
0
0
0
0
4
-2
4
-2
1.02
-3
0
0
0
0
0.996
3.992
3.988
-2
0.98
-3
0
0
0
0
0.956
-2
0.948
-2
4
-3
0
0
0
0
4
-2
4
-2
0.9
-2
0
0
0
0
4
3.872
3.868
3.864
3.86
-2
0
0
0
0
0.836
-2
4
-2
4
-3
0
0
0
0
4
-2
4
-2
4
-3
0
0
0
0
0.756
-2
4
-2
4
-3
0
0
0
0
0.716
-2
4
-2
0.7
-2
0
0
0
0
4
3.672
3.668
-2
7
-2
0
0
0
0
4
3.632
-2
4
-2
0
0
0
0
0
4
-3
0
4
-2
-2
0
0
0
0
0.556
3.552
3.548
3.544
3.54
-2
0
0
0
0
4
3.512
-2
0.504
-3
0
0
0
0
0
0.476
-3
0
0.464
3.46
-2
0
0
0
0
4
3.432
-2
4
-2
0
0
0
0
0
0.396
-3
0.388
7
-2
0
0
0
0
0
0.356
-2
4
-2
4
-3
0
0
0
0
0.316
-2
0.308
-3
0
0
0
0
0
0
4
-2
0.268
-2
0.26
-2
0
0
0
0
4
3.232
3.228
3.224
3.22
7
0
0
0
0
0.196
-2
0.188
-3
0
0
0
0
0
0
0.156
-3
0
4
0.14
-2
0
0
0
0
0.116
-2
7
-3
0
0
0
0
0
0
4
-2
4
3.064
3.06
-2
0
0
0
0
4
3.032
3.028
3.024
3.02
-2
0
0
0
____________________________________
Sun Apr  7 16:11:12 2024


PARAMETERS
NUMBER_NEURON = 6
VOLTAGE_TRESHOLD = 1
LEARNING_RATE = 0.1
LEAK_RATE = 1.5
TIME_ITERATION = 500
ITERATION_SPIKE_IN = 5
THRESHOLD_COORDINATES = 0.047
THRESHOLD_GYROSCOPE = 0.03  0.03  1.9   
____________________________________
Sun Apr  7 16:11:12 2024


PARAMETERS
NUMBER_NEURON = 6
VOLTAGE_TRESHOLD = 1
LEARNING_RATE = 0.1
LEAK_RATE = 1.5
TIME_ITERATION = 500
ITERATION_SPIKE_IN = 5
THRESHOLD_COORDINATES = 0.047
THRESHOLD_GYROSCOPE = 0.03  0.03  1.9   
0
1.996
-3
-3
-2
1.98
4
1.972
-2
1.964
1.96
1.956
-3
7
-3
1.94
4.936
-2
-2
4
1.92
-2
-2
1.908
-2
1.9
1.896
0
0
0
0
1.876
-2
7
-2
4
4.856
-2
0
0
0
1.836
-2
-2
-2
-2
4
0
0
0
0
1.796
4.792
-2
-2
7
-2
0
0
0
0
4
-2
-3
1.744
-2
1.736
0
0
0
0
1.716
7
-3
1.704
-2
4
0
0
0
0
1.676
7
-3
4
-2
1.656
0
0
0
0
1.636
-2
0
1.624
-2
0
0
0
0
0
1.596
-2
0
4
-2
-2
0
0
0
0
1.556
1.552
-2
4
1.54
7
1.532
0
0
0
1.516
7
-3
4
-2
-2
0
0
0
0
1.476
-2
-2
-2
4.46
1.456
0
0
0
0
4
7
-3
1.424
-2
-2
0
0
0
0
1.396
7
-3
0
1.38
-2
0
0
0
0
4
7
-3
0
1.34
-2
0
0
0
0
4
7
-3
0
1.3
-2
0
0
0
0
4
7
-3
1.264
-2
-2
0
0
0
0
1.236
7
-3
0
1.22
-2
0
0
0
0
1.196
-2
4
-2
-2
-2
0
0
0
0
1.156
7
-3
0
1.14
-2
0
0
0
0
4
7
-3
0
1.1
4.096
1.092
0
0
0
1.076
4.072
-3
0
1.06
-2
0
0
0
0
4
-2
1.028
-2
-2
-2
0
0
0
0
0.996
7
-3
0
0.98
-2
0
0
0
0
0.956
-2
7
-3
0
0
0
0
0
0
0.916
-2
4
-3
0
0
0
0
0
0
0.876
-2
4
-2
-2
0.856
-2
0
0
0
0.836
7
-3
0
0.82
0.816
-2
0
0
0
0.796
-2
0.788
-2
-2
0
0
0
0
0
0.756
-2
0.748
7
-3
0
0
0
0
0
0.716
7
-3
0
0.7
0.696
-2
0
0
0
0.676
7
-3
0
4
0.656
-2
0
0
0
0.636
3.632
-3
0
0.62
0.616
-2
0
0
0
4
7
-3
0
0.58
0.576
-2
0
0
0
4
-2
0.548
-2
0
0
0
0
0
0
4
-2
4
-2
0
0
0
0
0
0
0.476
-2
0.468
-2
-2
0
0
0
0
0
0.436
3.432
-3
0
0.42
0.416
7
0.408
0
0
0
0.392
7
-2
0
0
0
0
0
0
4
-2
0.348
-2
0
0
0
0
0
0
0.316
-2
0.308
-2
0
0
0
0
0
0
4
-2
0.268
-2
-2
0
0
0
0
0
4
-2
4
-2
-2
0
0
0
0
0
0.196
-2
4
7
-3
0
0
0
0
0
0.156
7
-3
0
4
4
-2
0
0
0
0.116
7
-3
0
0.1
0.096
-2
0
0
0
0.076
7
-3
0
4
4
-2
0
0
0
0.036
7
-3
0
0.02
0.016
-2
0
0
____________________________________
Sun Apr  7 17:00:34 2024


PARAMETERS
NUMBER_NEURON = 6
VOLTAGE_TRESHOLD = 1
LEARNING_RATE = 0.1
LEAK_RATE = 1.5
TIME_ITERATION = 500
ITERATION_SPIKE_IN = 5
THRESHOLD_COORDINATES = 0.047
THRESHOLD_GYROSCOPE = 0.03  0.03  1.9   
0
-2
-2
-3
-3
-2
0
0
0
0
0
0
0
0
4
4
4.936
1.932
-2
0
0
4
-2
-2
1.904
-2
0
0
0
0
0
4
-2
-2
4
-2
0
0
0
0
0
0
1.832
-2
7
1.82
0
0
0
0
0
1.796
-2
-2
-2
0
0
0
0
0
0
0
1.752
-2
0
1.74
7
0
0
0
0
0
1.712
-2
-2
4
0
0
0
0
0
0
1.672
-2
1.664
4
1.656
0
0
0
0
0
1.632
4.628
1.624
-2
1.616
0
0
0
0
1.596
-2
-2
7
-2
1.576
4
1.568
1.564
0
1.556
4.552
-3
-2
-2
-2
4
-2
4
1.52
1.516
-2
-2
-2
-2
7
-2
4
-2
1.48
-2
1.472
1.468
1.464
-2
1.456
4.452
4
-2
1.44
-2
1.432
-2
1.424
1.42
0
0
0
0
0
0
0
0
1.384
1.38
1.376
1.372
-2
4
-2
4
1.352
1.348
7
1.34
4.336
-3
4.328
-2
-2
7
-2
-2
-2
-2
7
-2
7
-2
-2
-2
-2
-2
-2
-2
4
-2
0
0
0
0
4
1.228
-2
4
-2
1.212
-2
0
0
0
0
4
1.184
-2
0
0
0
0
0
0
4
1.148
-2
0
0
0
0
0
0
4
1.112
-2
4
1.1
1.096
-2
0
0
0
0
1.072
1.068
4.064
1.06
-2
1.052
0
0
0
0
1.032
1.028
-2
0
0
0
0
0
0
0.996
0.992
-2
0
0
0
0
0
0
0
0.956
0.952
3.948
0.944
-2
0
0
0
0
0
0.916
0.912
3.908
-2
-2
-2
4
0
0
0
0.876
0.872
3.868
-2
-2
-2
4
0.848
7
0
0.836
0.832
3.828
-2
-2
-2
4
0.808
7
0
0.796
4
0.788
-2
4
0.776
4
4
-2
0.76
3.756
-2
-2
0.744
3.74
-2
0.732
-2
4
3.72
-2
-2
0.708
3.704
-2
0.696
-2
0.688
0
0
0.676
-2
4
-2
3.66
-2
0.652
-2
4
7
0.636
0.632
0.628
-2
0.62
-2
4
0.608
-2
0.6
0.596
-2
-2
0.584
-2
-2
0
0
0
0
4
0.552
0.548
0.544
0.54
-2
0
0
0
0
0.516
0.512
0.508
4
0.5
-2
0
0
0
0
0.476
4
0.468
0.464
0.46
-2
0
0
0
0
0.436
0.432
0.428
-2
-2
-2
0
0
0
0
4
-2
-2
7
-2
0.376
0.372
0
0
0
0.356
0.352
0.348
4
0.34
-2
0
0
0
0
0.316
-2
3.308
3.304
3.3
-2
0.292
0.288
0
0
0.276
4
4
0.264
0.26
-2
0
0
0
0
0.236
-2
4
-2
0.22
3.216
-2
0.208
0.204
0
0.196
-2
3.188
-2
0.18
-2
0
0
0
0
0.156
-2
-2
4
-2
0.136
0
0
0
0
0.116
4
0.108
-2
4
0.096
0.092
4
7
0
0.076
-2
7
-2
0.06
-2
0
0
0
0
0.036
-2
-2
4
0.02
-2
0
0
0
____________________________________
Sun Apr  7 18:02:57 2024


PARAMETERS
NUMBER_NEURON = 6
VOLTAGE_TRESHOLD = 1
LEARNING_RATE = 0.1
LEAK_RATE = 1.5
TIME_ITERATION = 500
ITERATION_SPIKE_IN = 5
THRESHOLD_COORDINATES = 0.047
THRESHOLD_GYROSCOPE = 0.03  0.03  1.9   
0
-2
-2
-3
-2
4
0
0
0
0
0
1.956
1.952
-2
7
-2
4
7
-2
-2
4
-2
-2
-2
7
-2
0
0
0
0
0
1.876
-2
1.868
-2
0
0
0
0
0
0
4
4.832
-2
-2
4
0
0
0
0
0
4
4.792
-2
4
-2
4
0
0
0
0
4
-2
4
-2
4
7
1.732
7
1.724
-2
-3
-2
4.708
-3
-2
0
0
0
0
0
4.676
-2
7
-2
7
-3
0
0
0
0
4.636
-2
4
-2
4.62
-3
0
0
0
0
1.596
-2
4
-2
0
0
0
0
0
0
7
-2
0
4.544
-2
0
0
0
0
0
4
-2
0
4
-2
4.496
0
0
0
0
1.476
-2
0
4
4.46
4.456
0
0
0
0
1.436
-2
4
4.424
-3
4.416
0
0
0
0
1.396
-3
0
4.384
-3
0
0
0
0
0
4
-3
0
1.344
-2
-2
0
0
0
0
4
4.312
-3
0
1.3
-2
0
0
0
0
1.276
4.272
-3
0
4
-2
0
0
0
0
1.236
-2
7
-2
4
1.216
0
0
0
0
1.196
-3
0
1.184
4.18
-2
0
0
0
0
4
-2
-2
-3
0
0
0
0
0
0
4
4.112
-3
0
1.1
1.096
1.092
0
0
0
1.076
-2
1.068
4.064
4.06
4.056
0
0
0
0
1.036
-3
0
1.024
4.02
-2
0
0
0
0
4
3.992
-3
0
0.98
-2
0
0
0
0
4
-2
4
3.944
-2
0
0
0
0
0
4
-3
0
4
3.9
-2
0
0
0
0
4
-2
0
4
3.86
-2
0
0
0
0
4
-2
4
-2
0.82
-3
0
0
0
0
4
-2
0
4
3.78
-2
0
0
0
0
4
-2
-3
0
4
-2
-2
0
0
0
4
3.712
-3
0
0.7
3.696
-2
0
0
0
4
3.672
-3
0
0.66
3.656
-2
0
0
0
4
3.632
-3
0
4
3.616
-2
0
0
0
4
3.592
-3
0
0.58
3.576
-2
0
0
0
4
3.552
-3
0
0.54
3.536
-2
0
0
0
4
3.512
-3
0
4
3.496
-2
0
0
0
4
3.472
-3
0
0.46
0.456
0.452
0
0
0
4
-2
7
-3
0
0
0
0
0
0
0.396
-2
4
-2
-2
-2
0
0
0
0
4
3.352
-3
0
0.34
3.336
-2
0
0
0
4
3.312
-3
0
0.3
3.296
-2
0
0
0
4
3.272
-3
0
4
3.256
-2
0
0
0
4
3.232
-3
0
4
3.216
-2
0
0
0
4
3.192
-3
0
4
7
-2
0
0
0
4
3.152
-3
0
4
3.136
-2
0
0
0
4
3.112
-3
0
0.1
3.096
-2
0
0
0
4
3.072
-3
0
0.06
3.056
-2
0
0
0
4
3.032
-3
0
0.02
3.016
-2
0
0
____________________________________
Sun Apr  7 18:52:20 2024


PARAMETERS
NUMBER_NEURON = 6
VOLTAGE_TRESHOLD = 1.1
LEARNING_RATE = 0.1
LEAK_RATE = 1.5
TIME_ITERATION = 500
ITERATION_SPIKE_IN = 5
THRESHOLD_COORDINATES = 0.047
THRESHOLD_GYROSCOPE = 0.03  0.03  1.9   
____________________________________
Sun Apr  7 18:52:20 2024


PARAMETERS
NUMBER_NEURON = 6
VOLTAGE_TRESHOLD = 1.1
LEARNING_RATE = 0.1
LEAK_RATE = 1.5
TIME_ITERATION = 500
ITERATION_SPIKE_IN = 5
THRESHOLD_COORDINATES = 0.047
THRESHOLD_GYROSCOPE = 0.03  0.03  1.9   
0
-2
-2
-3
-2
0
0
0
0
0
0
0
4
1.948
1.944
1.94
1.936
0
0
0
0
0
1.912
4.908
-2
4.9
-2
0
0
0
0
0
4.872
-3
-2
4
-2
0
0
0
0
0
7
-3
-2
0
0
0
0
0
0
0
4
-2
-2
0
0
0
0
0
0
0
4
1.748
-2
0
0
0
0
0
0
0
4
-2
-2
0
0
0
0
0
0
4
1.672
-2
-2
0
0
0
0
0
0
0
4
4
-2
1.62
4
0
0
0
0
0
4
1.588
-3
0
0
0
0
0
0
4
4
-3
0
1.54
-2
0
0
0
0
1.516
4
-3
0
1.5
4
-2
0
0
0
0
1.472
4
-3
0
0
0
0
0
0
4
4
-2
1.424
-2
4.416
0
0
0
0
1.396
4
-3
0
1.38
-2
4.372
0
0
0
1.356
1.352
-3
0
1.34
-2
-2
0
0
0
4
1.312
-2
0
1.3
-2
-2
0
0
0
1.276
4
-2
0
1.26
4
-3
0
0
0
4
1.232
-2
0
1.22
4
-3
0
0
0
4
1.192
-2
0
1.18
4
-3
0
0
0
1.156
4
-2
0
4
1.136
-3
0
0
0
1.116
1.112
-2
4
4
-3
0
0
0
0
1.076
1.072
-2
0
1.06
1.056
-3
0
0
0
4
4
-2
0
4
1.016
-3
0
0
0
4
0.992
0.988
-3
0
0
0
0
0
0
0.956
4
-2
0
0.94
4
-3
0
0
0
0.916
0.912
7
-2
0.9
-2
0
0
0
0
0.876
4
3.868
-2
0.86
-3
0
0
0
0
0.836
4
-2
4
4
-3
0
0
0
0
4
0.792
7
-2
4
-3
0
0
0
0
0.756
-2
4
-3
0
0
0
0
0
0
0.716
-2
4
-3
0
0
0
0
0
0
0.676
0.672
-2
0
4
0.656
-3
0
0
0
4
0.632
-2
0.624
0.62
-3
0
0
0
0
0.596
4
-2
0
4
0.576
-3
0
0
0
0.556
0.552
-2
4
-2
0
0
0
0
0
4
4
-2
0
4
0.496
-3
0
0
0
0.476
0.472
-2
4
-2
0
0
0
0
0
0.436
0.432
-2
0
4
4
-3
0
0
0
4
4
7
-2
0
0
0
0
0
0
4
-2
4
-3
0
0
0
0
0
0
0.316
0.312
-2
0
0.3
0.296
-3
0
0
0
4
0.272
3.268
0
4
-3
0
0
0
0
4
0.232
-2
0.224
0.22
-3
0
0
0
0
0.196
0.192
7
0
0.18
-2
0
0
0
0
0.156
0.152
0.148
0
0.14
0.136
-3
0
0
0
4
4
3.108
0
4
-3
0
0
0
0
0.076
0.072
-2
0
0.06
0.056
-3
0
0
0
4
0.032
3.028
0
0.02
-3
0
0
0
____________________________________
Sun Apr  7 19:40:57 2024


PARAMETERS
NUMBER_NEURON = 6
VOLTAGE_TRESHOLD = 1.1
LEARNING_RATE = 0.1
LEAK_RATE = 1.5
TIME_ITERATION = 500
ITERATION_SPIKE_IN = 5
THRESHOLD_COORDINATES = 0.047
THRESHOLD_GYROSCOPE = 0.03  0.03  1.9   
0
4
-3
-3
-2
4
0
0
0
0
0
0
1.952
1.948
4.944
-3
1.936
0
0
0
0
0
4.912
-3
-2
-2
4
0
0
0
0
0
1.872
4.868
-2
-2
0
0
0
0
0
0
7
-2
-2
7
-2
1.812
0
0
0
1.796
4.792
-3
-2
4.78
-2
1.772
0
0
0
1.756
4.752
-3
-2
-2
-2
0
0
0
0
4
4.712
-3
4
1.7
-2
1.692
0
0
0
4
-2
-2
0
4
-2
0
0
0
0
4
4.632
-3
1.624
1.62
-2
0
0
0
0
1.596
-2
1.588
1.584
-2
4.576
0
0
0
0
4
-2
4
1.544
-2
1.536
0
0
0
0
1.516
4.512
-3
0
4
-2
0
0
0
0
4
4.472
-3
0
4
-2
0
0
0
0
4
-2
-2
0
4.42
-2
0
0
0
0
4
-2
1.388
-3
0
0
0
0
0
0
4
4.352
-3
0
4
7
0
0
0
0
1.316
-2
4.308
-3
0
0
0
0
0
0
1.276
4.272
-3
0
1.26
-2
0
0
0
0
1.236
4.232
-3
0
4
-2
1.212
0
0
0
1.196
4.192
-3
0
4
-2
4
0
0
0
4
4.152
-3
0
4
-2
4
0
0
0
1.116
4.112
-2
4
-3
0
0
0
0
0
4
4.072
-3
0
4
-2
0
0
0
0
1.036
-2
-2
7
-3
0
0
0
0
0
4
3.992
-3
0
4
-2
0.972
0
0
0
0.956
3.952
-2
4
-2
0.936
0
0
0
0
0.916
3.912
-3
0
4
-2
4
0
0
0
0.876
3.872
-3
0
4
-2
-2
0
0
0
4
3.832
-3
0
0.82
-2
0
0
0
0
0.796
3.792
-3
0
4
-2
3.772
0
0
0
4
3.752
-3
0
4
-2
0
0
0
0
0.716
3.712
-3
0
4
-2
3.692
0
0
0
4
3.672
-3
0
0.66
-2
0.652
0
0
0
0.636
3.632
-2
0.624
-3
0
0
0
0
0
0.596
3.592
-2
0.584
-2
4
0
0
0
0
0.556
3.552
-2
4
-2
3.536
0
0
0
0
0.516
-2
-2
0.504
-3
0
0
0
0
0
0.476
3.472
-2
0
0.46
-3
0
0
0
0
0.436
3.432
3.428
-2
0
0
0
0
0
0
0.396
3.392
3.388
-2
7
-2
0
0
0
0
4
3.352
-3
0
4
-2
-2
0
0
0
4
3.312
3.308
-3
0
0
0
0
0
0
4
-2
0.268
-3
0
0
0
0
0
0
0.236
3.232
3.228
-2
0.22
-3
0
0
0
0
4
-2
0.188
-3
0
0
0
0
0
0
4
3.152
3.148
-2
0.14
0.136
-3
0
0
0
4
-2
7
-2
0
0
0
0
0
0
4
3.072
3.068
-2
3.06
-3
0
0
0
0
0.036
3.032
3.028
-2
4
0.016
-2
0
0
____________________________________
Sun Apr  7 20:28:54 2024


PARAMETERS
NUMBER_NEURON = 6
VOLTAGE_TRESHOLD = 1.1
LEARNING_RATE = 0.1
LEAK_RATE = 1.5
TIME_ITERATION = 500
ITERATION_SPIKE_IN = 5
THRESHOLD_COORDINATES = 0.047
THRESHOLD_GYROSCOPE = 0.03  0.03  1.9   
0
-2
-3
-2
7
-2
-2
4
1.968
-2
1.96
-2
-2
7
-2
-2
7
-2
1.928
4.924
-2
4
-2
-2
-2
4
-2
1.892
1.888
4
1.88
-2
1.872
-2
-2
-2
1.856
4
0
0
0
0
-2
-2
4
-2
0
0
0
0
0
0
4
-2
0
1.78
-2
0
0
0
0
0
1.752
1.748
1.744
1.74
0
0
0
0
0
1.716
-2
1.708
7
-2
4
1.692
0
0
0
1.676
-2
-2
-2
1.66
4.656
1.652
1.648
0
0
1.636
-2
-2
-2
1.62
4.616
4.612
1.608
0
0
1.596
1.592
-2
-2
4.58
-2
4
1.568
-2
0
0
7
-2
-2
-2
4.536
-2
0
0
0
1.516
7
-3
4
-2
-2
0
0
0
0
1.476
-2
-2
4
-2
-2
0
0
0
0
1.436
-2
1.428
-3
0
0
0
0
0
0
4
-2
1.388
-2
1.38
-2
0
0
0
0
4
-2
1.348
-2
1.34
-2
0
0
0
0
4
-2
1.308
1.304
-2
0
0
0
0
0
1.276
-2
1.268
1.264
-2
0
0
0
0
0
1.236
1.232
-2
1.224
1.22
-2
0
0
0
0
4
1.192
-2
1.184
1.18
-3
0
0
0
0
4
1.152
-2
4
1.14
-2
0
0
0
0
1.116
1.112
-2
1.104
1.1
-2
0
0
0
0
1.076
1.072
1.068
-2
4
-2
0
0
0
0
4
1.032
-2
1.024
1.02
-3
0
0
0
0
4
0.992
0.988
-2
0.98
-2
0
0
0
0
0.956
0.952
0.948
-2
0.94
-2
0
0
0
0
0.916
0.912
0.908
-2
0.9
-2
0
0
0
0
0.876
0.872
4
0.864
-2
0.856
0
0
0
0
0.836
0.832
0.828
-2
0
0
0
0
0
0
0.796
0.792
0.788
-2
0
0
0
0
0
0
0.756
0.752
0.748
-2
0.74
-2
0
0
0
0
0.716
0.712
0.708
0.704
-2
0
0
0
0
0
4
0.672
0.668
-2
0.66
-2
0
0
0
0
0.636
0.632
0.628
0.624
0.62
-3
0
0
0
0
0.596
0.592
0.588
0.584
0.58
-3
0
0
0
0
0.556
0.552
0.548
0.544
0.54
-2
0
0
0
0
0.516
0.512
0.508
0.504
0.5
-2
0
0
0
0
0.476
0.472
0.468
0.464
0.46
4
0
0
0
0
0.436
0.432
4
-2
0
0
0
0
0
0
0.396
0.392
0.388
-2
0
0
0
0
0
0
4
0.352
0.348
-2
0.34
-2
0
0
0
0
4
0.312
0.308
0.304
-2
0
0
0
0
0
0.276
0.272
0.268
0.264
-2
0
0
0
0
0
4
0.232
0.228
0.224
-2
-2
0
0
0
0
0.196
0.192
0.188
0.184
0.18
-3
0
0
0
0
4
0.152
0.148
0.144
0.14
-3
0
0
0
0
4
0.112
0.108
0.104
0.1
-3
0
0
0
0
0.076
0.072
0.068
0.064
0.06
-2
0
0
0
0
4
0.032
0.028
0.024
0.02
-2
0
0
0
