____________________________________
Sat Apr  6 17:22:02 2024


PARAMETERS
NUMBER_NEURON = 6
VOLTAGE_TRESHOLD = 0.9
LEARNING_RATE = 0.1
LEAK_RATE = 1.5
TIME_ITERATION = 500
ITERATION_SPIKE_IN = 5
THRESHOLD_COORDINATES = 0.047
THRESHOLD_GYROSCOPE = 0.03  0.03  1.9   
____________________________________
Sat Apr  6 17:22:02 2024


PARAMETERS
NUMBER_NEURON = 6
VOLTAGE_TRESHOLD = 0.9
LEARNING_RATE = 0.1
LEAK_RATE = 1.5
TIME_ITERATION = 500
ITERATION_SPIKE_IN = 5
THRESHOLD_COORDINATES = 0.047
THRESHOLD_GYROSCOPE = 0.03  0.03  1.9   
1
-3
-3
-2
5
-2
-2
1
1
0
0
0
-2
5
-2
2.94
0
0
0
0
0
0
1
-2
-2
0
0
0
0
0
0
0
1
1
0
1
1
0
0
0
0
0
1
-2
1
1
2.816
0
0
0
0
0
1
-2
0
1
1
0
0
0
0
0
1
-2
1
1
1
0
0
0
0
0
1
-2
0
1
0
0
0
0
0
0
1
5
1
-2
0
0
0
0
0
1
5
1
-2
1
1
-2
0
0
0
0
1
-2
-2
0
0
0
0
0
0
1
-2
1
1
5
1
1
0
0
0
1
-2
1
1
1
-2
1
0
0
0
0
1
-2
1
1
0
0
0
0
0
0
1
-2
1
1
0
0
0
0
0
1
1
5
-2
2.38
1
1
0
0
0
1
-2
2.348
-2
-2
1
0
0
0
0
0
1
1
1
-2
0
0
0
0
0
1
1
5
-2
1
0
0
0
0
0
0
1
1
1
-2
0
0
0
0
0
0
1
1
5
-3
0
0
0
0
0
0
1
1
1
-2
0
0
0
0
0
1
1
1
-2
0
0
0
0
0
0
1
-2
-2
0
0
0
0
0
0
0
1
-2
1
0
1
-2
0
0
0
0
0
1
5
-3
0
0
0
0
0
0
1
1
1
-2
1
0
0
0
0
0
1
5
-3
0
0
0
0
0
0
0
1
1.872
-3
0
0
0
0
0
0
0
1
1
1
1
1
-2
0
0
0
0
0
1
5
-2
0
0
0
0
0
0
1
5
-3
0
0
0
0
0
0
0
1
1.712
-2
0
0
0
0
0
0
0
1
1.672
-2
0
0
0
0
0
0
0
1
1.632
-2
0
0
0
0
0
0
0
1
1.592
-2
0
0
0
0
0
0
0
1
1.552
-2
0
0
0
0
0
0
0
1
1.512
-2
0
0
0
0
0
0
0
1
1.472
-2
0
0
0
0
0
0
0
1
1.432
1.428
0
1.42
-2
0
0
0
0
1
1.392
-2
0
0
0
0
0
0
0
1
1.352
-2
0
0
0
0
0
0
0
1
5
-3
0
0
0
0
0
0
0
1
5
-2
0
0
0
0
0
0
0
1
5
-3
0
0
0
0
0
0
0
1
1.192
-3
0
0
0
0
0
0
0
1
5
-2
0
0
0
0
0
0
0
1
5
-3
0
0
0
0
0
0
0
1
1.072
-2
0
0
0
0
0
0
0
1
5
-3
0
0
0
0
0
0
____________________________________
Sat Apr  6 17:58:25 2024


PARAMETERS
NUMBER_NEURON = 6
VOLTAGE_TRESHOLD = 0.9
LEARNING_RATE = 0.1
LEAK_RATE = 1.5
TIME_ITERATION = 500
ITERATION_SPIKE_IN = 5
THRESHOLD_COORDINATES = 0.047
THRESHOLD_GYROSCOPE = 0.03  0.03  1.9   
1
-3
-3
-2
1
1
1
0
0
0
0
0
1
1
-2
1
1
5
-2
0
0
1
-2
2.908
-2
1
-2
0
0
0
0
1
-2
1
-2
1
2.856
0
0
0
0
1
1
-2
1
1
1
5
2.808
1
0
1
-2
5
-2
-2
-2
1
1
2.764
2.76
-2
2.752
-2
-2
1
-2
0
0
0
0
1
-2
1
1
5
2.696
2.692
2.688
-3
2.68
2.676
-2
2.668
-2
5
-3
1
0
0
0
1
-2
-2
-2
-2
1
5
-2
1
0
1
-2
-2
-2
-2
5
0
0
0
0
1
1
5
2.544
2.54
-3
0
0
0
0
1
-2
1
5
2.5
-3
1
0
0
0
1
-2
-2
-2
-2
1
0
0
0
0
1
-2
-2
1
1
5
1
1
1
1
0
1
-2
-2
-2
1
0
0
0
0
1
5
-2
-2
-2
1
0
0
0
0
1
1
5
-2
-2
1
1
0
0
0
1
1
1
1
2.26
2.256
2.252
2.248
-2
1
1
-2
1
-2
1
5
1
-2
0
0
1
5
2.188
-2
-2
1
-2
0
0
0
2.156
2.152
-2
-2
-2
2.136
1
1
2.124
-2
0
1
-2
1
-2
1
2.092
1
1
1
-2
1
-2
1
-2
1
5
1
0
0
1
-2
1
-2
1
2.016
1
1
0
0
1
-2
1
-2
1
5
-2
0
0
0
1
-2
1
5
1.94
-2
1
0
0
0
1
-2
-2
-2
5
1.896
1.892
-3
0
0
1
-2
1
1
-2
1
0
0
0
0
1
-2
1
1
5
-2
1
5
-2
1
-2
-2
1
1
-2
1
1
0
0
0
1
5
-2
1
1
-2
0
0
0
0
1
-2
1
1
5
-2
0
0
0
0
1
-2
1
-2
0
0
0
0
0
0
1
-2
1
1
1
1
1
0
0
0
1
-2
1
1
5
-2
0
0
0
0
1
-2
-2
-2
0
0
0
0
0
0
1
-2
1
1
1
-2
0
0
0
0
1
1
1.468
1.464
1.46
-2
0
0
0
0
1
5
1.428
-2
1
-2
0
0
0
0
1
-2
1
-2
1
0
0
0
0
0
1
5
1.348
1.344
5
-2
1
1
0
0
1
1.312
5
-2
1
-2
0
0
0
0
1
1.272
-2
1
-2
1
1
0
0
0
1
5
-2
1
1
-2
0
0
0
0
1
1.192
-3
0
1
-2
0
0
0
0
1
5
-3
0
1
-2
0
0
0
0
1
5
-3
0
1
-2
0
0
0
0
1
5
-3
0
1
-2
0
0
0
0
1
-2
-2
5
-2
-2
0
0
0
____________________________________
Sat Apr  6 19:00:41 2024


PARAMETERS
NUMBER_NEURON = 6
VOLTAGE_TRESHOLD = 1
LEARNING_RATE = 0.1
LEAK_RATE = 1.5
TIME_ITERATION = 500
ITERATION_SPIKE_IN = 5
THRESHOLD_COORDINATES = 0.047
THRESHOLD_GYROSCOPE = 0.03  0.03  1.9   
____________________________________
Sat Apr  6 19:00:41 2024


PARAMETERS
NUMBER_NEURON = 6
VOLTAGE_TRESHOLD = 1
LEARNING_RATE = 0.1
LEAK_RATE = 1.5
TIME_ITERATION = 500
ITERATION_SPIKE_IN = 5
THRESHOLD_COORDINATES = 0.047
THRESHOLD_GYROSCOPE = 0.03  0.03  1.9   
0
1
-2
-3
-3
-2
0
0
0
0
0
0
0
0
0
0
0
0
0
0
0
0
0
0
0
0
0
0
0
0
0
0
0
0
0
0
0
0
0
0
0
0
0
0
0
0
0
0
0
0
0
0
0
0
0
0
0
0
0
0
0
0
0
0
0
0
0
0
0
0
0
0
0
0
0
0
0
0
0
0
0
0
0
0
0
0
0
0
0
0
0
0
0
0
0
0
0
0
0
0
0
0
0
0
0
0
0
0
0
0
0
0
0
0
0
0
0
0
0
0
0
0
0
0
0
0
0
0
0
0
0
0
0
0
0
0
0
0
0
0
0
0
0
0
0
0
0
0
0
0
0
0
0
0
0
0
0
0
0
0
0
0
0
0
0
0
0
0
0
0
0
0
0
0
0
0
0
0
0
0
0
0
0
0
0
0
0
0
0
0
0
0
0
0
0
0
0
0
0
0
0
0
0
0
0
0
0
0
0
0
0
0
0
0
0
0
0
0
0
0
0
0
0
0
0
0
0
0
0
0
0
0
0
0
0
0
0
0
0
0
0
0
0
0
0
0
0
0
0
0
0
0
0
0
0
0
0
0
0
0
0
0
0
0
0
0
0
0
0
0
0
0
0
0
0
0
0
0
0
0
0
0
0
0
0
0
0
0
0
0
0
0
0
0
0
0
0
0
0
0
0
0
0
0
0
0
0
0
0
0
0
0
0
0
0
0
0
0
0
0
0
0
0
0
0
0
0
0
0
0
0
0
0
0
0
0
0
0
0
0
0
0
0
0
0
0
0
0
0
0
0
0
0
0
0
0
0
0
0
0
0
0
0
0
0
0
0
0
0
0
0
0
0
0
0
0
0
0
0
0
0
0
0
0
0
0
0
0
0
0
0
0
0
0
0
0
0
0
0
0
0
0
0
0
0
0
0
0
0
0
0
0
0
0
0
0
0
0
0
0
0
0
0
0
0
0
0
0
0
0
0
0
0
0
0
0
0
0
0
0
0
0
0
0
0
0
0
0
0
0
0
0
0
0
0
0
0
0
0
0
0
0
0
0
0
0
0
0
0
0
0
0
0
0
0
0
0
0
0
0
0
0
0
0
0
0
0
0
0
0
0
0
0
0
0
0
0
0
0
0
____________________________________
Sat Apr  6 19:01:24 2024


PARAMETERS
NUMBER_NEURON = 6
VOLTAGE_TRESHOLD = 1
LEARNING_RATE = 0.1
LEAK_RATE = 1.5
TIME_ITERATION = 500
ITERATION_SPIKE_IN = 5
THRESHOLD_COORDINATES = 0.047
THRESHOLD_GYROSCOPE = 0.03  0.03  1.9   
0
1
-2
-2
-3
-2
1
1
0
0
0
0
0
1
0
0
0
0
0
0
0
0
0
0
1
0
0
0
0
0
0
0
0
0
1
0
0
0
0
0
0
0
0
0
1
0
0
0
0
0
0
0
0
0
1
0
0
0
0
0
0
0
0
0
1
0
0
0
0
0
0
0
0
0
1
1
1
0
0
0
0
0
0
0
1
1
1
0
0
0
0
0
0
0
1
1
1
-2
1
-2
5
-2
-2
-2
1
1
1
1
0
0
0
0
0
0
1
0
0
0
0
0
0
0
0
0
1
0
0
0
0
0
0
0
0
0
1
0
0
0
0
0
0
0
0
0
1
0
0
0
0
0
0
0
0
0
1
1
1
-2
1
1
1
1
1
1
1
-2
5
2.332
-2
-2
-2
2.316
1
-2
-2
1
1
0
0
0
0
0
0
0
1
1
1
0
0
0
0
0
0
0
1
1
1
1
1
1
1
1
1
5
-2
-2
1
-2
1
1
1
0
1
1
5
-2
1
1
1
-2
0
0
1
1
-2
-2
1
0
0
0
0
0
1
1
1
-2
5
1
1
-2
0
0
1
1
-2
5
-2
0
0
0
0
1
1
-3
1
1
1
1
1
-2
0
0
1
1
1
-2
1
0
0
0
0
1
1
5
-2
1
-2
0
0
0
0
1
1
-3
1
1
1
1
1
-2
0
0
1
5
-2
1
-2
0
0
0
0
1
1
-2
0
1
1
1
0
0
0
1
1
-3
0
1
1
0
0
0
0
1
1
-2
1
1
1
0
0
0
0
1
1
-2
0
1
1
1
-2
0
0
0
1
1
1
-2
1
0
0
0
0
1
1
1
-3
0
0
0
0
0
0
1
1
1
-2
0
0
0
0
0
0
1
1
1
-2
0
0
0
0
0
0
1
1
1
-3
0
0
0
0
0
0
1
1
1
-2
0
0
0
0
0
0
1
1
1
-2
0
0
0
0
0
0
1
1
1
-2
0
0
0
0
0
0
1
1
1
-2
0
0
0
0
0
0
1
1
1
-3
0
0
0
0
0
0
1
1
1
5
1
0
0
0
0
0
1
1
-2
1
5
-2
0
0
0
0
0
1
1
5
1.14
-2
0
0
0
0
1
1
-3
0
1
1
-3
0
0
0
1
1
-2
0
1
1
-3
0
0
0
0
1
1
-2
1
-3
0
0
0
