____________________________________
Thu Apr 11 17:20:43 2024


PARAMETERS
NUMBER_NEURON = 6
VOLTAGE_TRESHOLD = 1.1
LEARNING_RATE = 0.1
LEAK_RATE_TEST = 1
TIME_ITERATION = 300
ITERATION_SPIKE_IN = 5
THRESHOLD_COORDINATES = 0.047
THRESHOLD_GYROSCOPE = 0.03  0.03  1.9   
____________________________________
Thu Apr 11 17:20:43 2024


PARAMETERS
NUMBER_NEURON = 6
VOLTAGE_TRESHOLD = 1.1
LEARNING_RATE = 0.1
LEAK_RATE_TEST = 1
TIME_ITERATION = 300
ITERATION_SPIKE_IN = 5
THRESHOLD_COORDINATES = 0.047
THRESHOLD_GYROSCOPE = 0.03  0.03  1.9   
-0
4.00667
-5.01333
-4.02
-4.02667
-0.0333333
-0.04
-0.0466667
-0.0533333
-0.06
-0.0666667
0.926667
0.92
0.913333
0.906667
0.9
0.893333
3.88667
0.88
0.126667
-0.133333
0.86
0.853333
-4.15333
-0.16
0.833333
-0.173333
-0.18
-0.186667
-0.193333
-0.2
0.793333
0.786667
0.78
0.773333
0.766667
0.76
-0.246667
-0.253333
-0.26
-0.266667
0.726667
0.72
0.713333
0.706667
0.7
0.693333
0.686667
0.32
-0.326667
-0.333333
0.66
0.653333
-4.35333
-0.36
0.633333
0.626667
-0.38
-0.386667
-0.393333
-0.4
1.40667
0.586667
1.42
3.57333
0.566667
1.44
0.553333
0.546667
-0.46
-0.466667
0.526667
-4.48
0.513333
0.506667
0.5
1.50667
1.51333
0.48
0.473333
-0.533333
0.46
0.453333
-4.55333
0.44
0.433333
0.426667
0.42
0.413333
0.406667
0.4
0.393333
0.386667
0.38
0.373333
3.36667
-4.64
-0.646667
-0.653333
-0.66
-0.666667
-0.673333
-0.68
0.313333
0.306667
0.3
0.293333
0.286667
0.28
-0.726667
-0.733333
-0.74
0.253333
0.246667
0.24
0.233333
0.226667
-0.78
-0.786667
-0.793333
-0.8
0.193333
0.186667
4.82
0.173333
4.83333
0.16
-0.846667
-0.853333
-0.86
-0.866667
3.12667
4.88
0.113333
0.106667
-3.1
4.90667
-4.91333
-4.92
0.0733333
-0.933333
0.06
3.05333
4.95333
-4.96
0.0333333
-4.97333
-0.98
-0.986667
-0.993333
-1
-1.00667
2.01333
-0.02
-5.02667
-0.0333333
-1.04
-1.04667
-1.05333
-1.06
-1.06667
2.92667
2.92
-0.0866667
2.90667
-0.1
-0.106667
-1.11333
-1.12
-1.12667
-1.13333
2.14
2.85333
-0.153333
2.84
-5.16667
2.17333
-1.18
-1.18667
-1.19333
-1.2
-1.20667
2.21333
-0.22
2.22667
-0.233333
-0.24
-1.24667
-1.25333
-1.26
-1.26667
2.72667
-5.28
-1.28667
2.29333
-0.3
-1.30667
-1.31333
-1.32
-1.32667
-1.33333
2.34
-0.346667
2.64667
-0.36
-1.36667
-1.37333
-1.38
-1.38667
-1.39333
-1.4
2.40667
-0.413333
-0.42
-0.426667
-0.433333
-1.44
-1.44667
-1.45333
-1.46
-1.46667
-1.47333
2.48
-0.486667
-0.493333
2.5
-0.506667
-1.51333
-1.52
-1.52667
-1.53333
-1.54
2.54667
-0.553333
5.56
-5.56667
2.57333
-1.58
-1.58667
-1.59333
-1.6
-1.60667
-0.613333
-0.62
-0.626667
-0.633333
-5.64
-1.64667
-1.65333
-1.66
-1.66667
-1.67333
-0.68
-0.686667
-0.693333
2.3
-0.706667
-1.71333
-1.72
-1.72667
-1.73333
-1.74
-0.746667
2.75333
2.24
-5.76667
-0.773333
-1.78
-1.78667
-1.79333
-1.8
-1.80667
-1.81333
2.82
-1.82667
2.83333
-0.84
-1.84667
-1.85333
-1.86
-1.86667
-1.87333
2.88
2.11333
2.10667
2.1
-0.906667
-1.91333
-1.92
-1.92667
-1.93333
-1.94
2.94667
2.95333
2.04
2.03333
-0.973333
-1.98
-1.98667
-1.99333
____________________________________
Thu Apr 11 18:00:38 2024


PARAMETERS
NUMBER_NEURON = 6
VOLTAGE_TRESHOLD = 1.1
LEARNING_RATE = 0.1
LEAK_RATE_TEST = 1.5
TIME_ITERATION = 300
ITERATION_SPIKE_IN = 5
THRESHOLD_COORDINATES = 0.047
THRESHOLD_GYROSCOPE = 0.03  0.03  1.9   
____________________________________
Thu Apr 11 18:00:38 2024


PARAMETERS
NUMBER_NEURON = 6
VOLTAGE_TRESHOLD = 1.1
LEARNING_RATE = 0.1
LEAK_RATE_TEST = 1.5
TIME_ITERATION = 300
ITERATION_SPIKE_IN = 5
THRESHOLD_COORDINATES = 0.047
THRESHOLD_GYROSCOPE = 0.03  0.03  1.9   
-0
0.993333
-5.01333
-5.02
0.973333
0.0333333
-0.04
-0.0466667
-0.0533333
-0.06
-0.0666667
-0.0733333
-0.08
3.91333
3.90667
-4.1
0.893333
0.113333
-0.12
-0.126667
-0.133333
-0.14
-0.146667
3.84667
3.84
1.16667
0.826667
-0.18
-0.186667
-0.193333
-0.2
-0.206667
0.786667
0.78
0.773333
-4.23333
1.24
-0.246667
-0.253333
-0.26
-0.266667
-0.273333
0.72
0.713333
1.29333
3.7
1.30667
0.686667
1.32
-0.326667
-0.333333
-0.34
0.653333
3.64667
-4.36
1.36667
-0.373333
-0.38
-0.386667
-0.393333
-0.4
1.40667
1.41333
3.58
0.573333
0.566667
0.56
0.446667
-0.453333
-0.46
-0.466667
1.47333
0.52
-4.48667
3.50667
3.5
1.50667
-0.513333
-0.52
-0.526667
-0.533333
1.54
0.453333
-4.55333
-0.56
0.433333
-0.573333
-0.58
-0.586667
-0.593333
-0.6
1.60667
0.386667
3.38
-4.62667
0.366667
-0.64
-0.646667
-0.653333
-0.66
-0.666667
0.326667
-0.68
1.68667
0.306667
0.3
-0.706667
-0.713333
-0.72
-0.726667
-0.733333
0.26
0.253333
1.75333
0.24
-4.76667
-0.773333
-0.78
-0.786667
-0.793333
-0.8
0.193333
0.813333
0.18
0.173333
0.166667
-0.84
-0.846667
-0.853333
-0.86
-0.866667
0.126667
-0.88
0.113333
0.106667
0.1
-0.906667
-0.913333
-0.92
-0.926667
-0.933333
0.06
-0.946667
0.0466667
0.04
0.0333333
-0.973333
-0.98
-0.986667
-0.993333
-1
-0.00666667
-1.01333
-0.02
-0.0266667
-0.0333333
-1.04
-1.04667
-1.05333
-1.06
-1.06667
-0.0733333
-1.08
-0.0866667
-0.0933333
-0.1
-1.10667
-1.11333
-1.12
-1.12667
-1.13333
2.14
-0.146667
2.15333
-0.16
-0.166667
-1.17333
-1.18
-1.18667
-1.19333
-1.2
-0.206667
-0.213333
2.22
-0.226667
-0.233333
-1.24
-1.24667
-1.25333
-1.26
-1.26667
-0.273333
-0.28
2.71333
-0.293333
-0.3
-1.30667
-1.31333
-1.32
-1.32667
-1.33333
-0.34
-0.346667
-0.353333
2.36
-0.366667
-1.37333
-1.38
-1.38667
-1.39333
-1.4
-0.406667
-0.413333
-0.42
-0.426667
2.43333
-0.44
-1.44667
-1.45333
-1.46
-1.46667
-0.473333
-0.48
-0.486667
-0.493333
2.5
-0.506667
2.51333
-1.52
-1.52667
-1.53333
-0.54
-0.546667
-5.55333
-1.56
-1.56667
-1.57333
-1.58
-1.58667
-1.59333
-1.6
-0.606667
-1.61333
-0.62
-1.62667
-0.633333
1.64
-1.64667
-1.65333
-1.66
-1.66667
2.67333
-1.68
2.31333
2.69333
2.3
-2.29333
-1.71333
-1.72
-1.72667
-1.73333
2.74
-0.746667
-0.753333
-1.76
2.76667
2.77333
2.22
-1.78667
-1.79333
-1.8
2.80667
2.18667
2.18
-5.82667
-0.833333
-1.84
-1.84667
-1.85333
-1.86
-1.86667
-0.873333
-5.88
-1.88667
-0.893333
-1.9
-1.90667
-1.91333
-1.92
-1.92667
-1.93333
-0.94
2.05333
5.95333
-0.96
-0.966667
-1.97333
-1.98
-1.98667
-1.99333
____________________________________
Thu Apr 11 18:35:42 2024


PARAMETERS
NUMBER_NEURON = 6
VOLTAGE_TRESHOLD = 1.1
LEARNING_RATE = 0.1
LEAK_RATE_TEST = 1.8
TIME_ITERATION = 300
ITERATION_SPIKE_IN = 5
THRESHOLD_COORDINATES = 0.047
THRESHOLD_GYROSCOPE = 0.03  0.03  1.9   
____________________________________
Thu Apr 11 18:35:42 2024


PARAMETERS
NUMBER_NEURON = 6
VOLTAGE_TRESHOLD = 1.1
LEARNING_RATE = 0.1
LEAK_RATE_TEST = 1.8
TIME_ITERATION = 300
ITERATION_SPIKE_IN = 5
THRESHOLD_COORDINATES = 0.047
THRESHOLD_GYROSCOPE = 0.03  0.03  1.9   
-0
-0.00666667
0.986667
-4.02
-5.02667
0.966667
0.96
0.953333
0.946667
3.94
0.933333
4.07333
-5.08
0.913333
0.906667
0.9
1.10667
-0.113333
-0.12
-0.126667
-0.133333
-0.14
-0.146667
0.846667
1.16
0.833333
1.17333
-0.18
-0.186667
-0.193333
-0.2
-0.206667
-0.213333
0.78
1.22667
0.766667
-0.24
-0.246667
-0.253333
-0.26
-0.266667
-0.273333
-0.28
0.713333
0.706667
0.7
0.693333
0.686667
-4.32
3.67333
0.666667
1.34
0.653333
0.646667
0.64
3.63333
-3.62667
-4.38
0.613333
0.606667
0.6
3.59333
3.58667
-4.42
0.573333
4.43333
-4.44
0.553333
0.546667
0.54
0.533333
0.526667
0.52
0.513333
0.506667
0.5
0.493333
0.486667
0.48
0.473333
0.466667
0.46
0.453333
0.446667
-4.56
0.433333
0.426667
0.42
0.413333
-0.593333
-0.6
-0.606667
0.386667
1.62
3.37333
-4.63333
0.36
-0.646667
-0.653333
-0.66
-0.666667
-0.673333
1.68
0.313333
0.306667
0.3
0.293333
1.71333
-0.72
-0.726667
-0.733333
-0.74
1.74667
0.246667
0.24
0.233333
0.226667
0.22
0.213333
1.79333
0.2
0.193333
0.186667
0.18
0.173333
0.166667
0.16
0.153333
1.85333
0.14
0.133333
0.126667
0.12
0.113333
0.106667
0.1
0.0933333
0.0866667
-4.92
0.0733333
0.933333
-0.94
1.94667
0.0466667
0.04
0.0333333
0.0266667
0.02
-0.986667
-0.993333
-1
2.00667
-0.0133333
-0.02
-0.0266667
-0.0333333
-0.04
-0.0466667
-0.0533333
-1.06
-1.06667
2.07333
-0.08
-0.0866667
-0.0933333
-0.1
-0.106667
-0.113333
-0.12
-1.12667
-1.13333
-0.14
-0.146667
-0.153333
-0.16
-0.166667
-0.173333
-0.18
-1.18667
-1.19333
-1.2
2.20667
-0.213333
-0.22
-0.226667
-0.233333
-0.24
-0.246667
-1.25333
-1.26
-1.26667
-0.273333
-0.28
-0.286667
-0.293333
-0.3
-0.306667
-0.313333
-1.32
-1.32667
-1.33333
2.34
-0.346667
-0.353333
-0.36
-0.366667
-0.373333
-0.38
-1.38667
-1.39333
-1.4
2.40667
2.58667
-5.42
-0.426667
-0.433333
-0.44
-0.446667
-1.45333
-1.46
-1.46667
2.47333
2.52
-0.486667
-0.493333
-5.5
-0.506667
-0.513333
-1.52
-1.52667
-1.53333
2.54
-0.546667
-0.553333
-1.56
2.56667
5.57333
-1.58
-1.58667
-1.59333
-1.6
-0.606667
-0.613333
-0.62
-0.626667
-0.633333
-1.64
-1.64667
-1.65333
-1.66
-1.66667
2.67333
2.32
2.68667
-0.693333
-0.7
-0.706667
1.71333
-1.72
-1.72667
-1.73333
-0.74
2.25333
-5.75333
-0.76
-1.76667
-1.77333
-1.78
-1.78667
-1.79333
-1.8
-0.806667
-0.813333
-0.82
-0.826667
2.83333
-0.84
-1.84667
-1.85333
-1.86
-1.86667
-0.873333
-0.88
2.11333
-0.893333
-0.9
-1.90667
-1.91333
-1.92
-1.92667
-1.93333
-0.94
-0.946667
-0.953333
-0.96
-0.966667
-0.973333
-1.98
-1.98667
-1.99333
____________________________________
Thu Apr 11 19:17:17 2024


PARAMETERS
NUMBER_NEURON = 6
VOLTAGE_TRESHOLD = 1.1
LEARNING_RATE = 0.1
LEAK_RATE_TEST = 2
TIME_ITERATION = 300
ITERATION_SPIKE_IN = 5
THRESHOLD_COORDINATES = 0.047
THRESHOLD_GYROSCOPE = 0.03  0.03  1.9   
____________________________________
Thu Apr 11 19:17:17 2024


PARAMETERS
NUMBER_NEURON = 6
VOLTAGE_TRESHOLD = 1.1
LEARNING_RATE = 0.1
LEAK_RATE_TEST = 2
TIME_ITERATION = 300
ITERATION_SPIKE_IN = 5
THRESHOLD_COORDINATES = 0.047
THRESHOLD_GYROSCOPE = 0.03  0.03  1.9   
-0
0.993333
4.01333
-5.02
-4.02667
0.966667
4.04
1.04667
-0.0533333
-0.06
-0.0666667
0.926667
4.08
-4.08667
-4.09333
0.9
0.893333
0.886667
0.88
-4.12667
0.866667
1.14
0.853333
0.846667
0.84
0.833333
0.826667
3.82
0.813333
-4.19333
0.8
0.793333
3.78667
-3.78
0.773333
-3.76667
0.76
0.753333
1.25333
-0.26
-0.266667
-0.273333
-0.28
-0.286667
0.706667
0.7
3.69333
-4.31333
-0.32
-0.326667
-0.333333
-0.34
0.653333
-0.353333
0.64
-0.366667
-0.373333
-0.38
-0.386667
-0.393333
-0.4
-0.406667
0.586667
0.58
0.573333
0.566667
4.44
0.553333
0.546667
0.54
-0.466667
0.526667
0.52
-3.51333
1.49333
0.5
1.50667
0.486667
-0.52
-0.526667
-0.533333
-0.54
0.453333
0.446667
-3.44
1.56667
-0.573333
-0.58
-0.586667
-0.593333
-0.6
-0.606667
0.386667
1.62
0.373333
0.366667
1.64
1.64667
0.346667
-0.66
-0.666667
-0.673333
0.32
1.68667
0.306667
1.7
1.70667
1.71333
0.28
0.273333
-4.73333
-0.74
1.74667
4.75333
-4.76
1.76667
3.22667
0.22
1.78667
0.206667
3.2
0.193333
-3.18667
4.82
-4.82667
0.166667
0.16
-0.846667
-0.853333
-0.86
-0.866667
1.87333
0.12
-3.11333
0.106667
0.1
0.0933333
1.91333
-0.92
-0.926667
-0.933333
1.94
0.0533333
0.0466667
0.04
0.0333333
0.0266667
1.98
0.0133333
1.99333
0
-0.00666667
-0.0133333
-0.02
-0.0266667
-0.0333333
-0.04
2.04667
-0.0533333
2.06
-0.0666667
-0.0733333
-0.08
-0.0866667
-0.0933333
-0.1
2.89333
-0.113333
-0.12
-0.126667
2.13333
2.14
-0.146667
-5.15333
2.16
2.16667
2.17333
-0.18
-0.186667
-0.193333
-0.2
-0.206667
-0.213333
-0.22
-0.226667
-0.233333
2.24
-0.246667
-0.253333
2.26
2.26667
-0.273333
-0.28
-2.71333
2.29333
-2.7
2.69333
-0.313333
2.32
5.32667
-0.333333
2.34
-5.34667
-0.353333
-0.36
-0.366667
2.62667
-1.38
-1.38667
-1.39333
-1.4
-0.406667
-2.58667
-0.42
-0.426667
2.43333
2.44
2.44667
-0.453333
2.46
-5.46667
2.47333
5.48
-5.48667
2.49333
5.5
-2.49333
2.51333
-0.52
-1.52667
-1.53333
-0.54
-2.45333
-0.553333
-5.56
-0.566667
-1.57333
-1.58
-1.58667
-1.59333
-1.6
-0.606667
2.61333
5.62
-5.62667
-1.63333
-1.64
-1.64667
-1.65333
-1.66
-1.66667
-0.673333
2.68
-0.686667
-1.69333
2.7
-5.70667
-1.71333
-1.72
-1.72667
-1.73333
-0.74
5.74667
2.24667
-0.76
5.76667
-0.773333
-1.78
-1.78667
-1.79333
-1.8
-0.806667
-0.813333
-1.82
-0.826667
-0.833333
-0.84
-1.84667
-1.85333
-1.86
-1.86667
-0.873333
-0.88
2.88667
-1.89333
-0.9
2.90667
-1.91333
-1.92
-1.92667
-1.93333
-0.94
-5.94667
-1.95333
2.96
5.96667
2.02667
-1.98
-1.98667
-1.99333
____________________________________
Thu Apr 11 20:01:30 2024


PARAMETERS
NUMBER_NEURON = 6
VOLTAGE_TRESHOLD = 1.1
LEARNING_RATE = 0.1
LEAK_RATE_TEST = 2.5
TIME_ITERATION = 300
ITERATION_SPIKE_IN = 5
THRESHOLD_COORDINATES = 0.047
THRESHOLD_GYROSCOPE = 0.03  0.03  1.9   
____________________________________
Thu Apr 11 20:01:30 2024


PARAMETERS
NUMBER_NEURON = 6
VOLTAGE_TRESHOLD = 1.1
LEARNING_RATE = 0.1
LEAK_RATE_TEST = 2.5
TIME_ITERATION = 300
ITERATION_SPIKE_IN = 5
THRESHOLD_COORDINATES = 0.047
THRESHOLD_GYROSCOPE = 0.03  0.03  1.9   
-0
0.993333
3.98667
-5.02
-4.02667
-4.03333
-0.04
-0.0466667
-0.0533333
-0.06
-0.0666667
-0.0733333
-0.08
-0.0866667
-0.0933333
-0.1
-0.106667
-0.113333
-0.12
-0.126667
-0.133333
-0.14
-0.146667
-0.153333
-0.16
-0.166667
-0.173333
-0.18
-0.186667
-0.193333
-0.2
-0.206667
-0.213333
-0.22
-0.226667
-0.233333
-0.24
-0.246667
-0.253333
-0.26
-0.266667
-0.273333
-0.28
-0.286667
-0.293333
-0.3
-0.306667
-0.313333
-0.32
-0.326667
-0.333333
-0.34
-0.346667
-0.353333
-0.36
-0.366667
-0.373333
-0.38
-0.386667
-0.393333
-0.4
-0.406667
-0.413333
-0.42
-0.426667
-0.433333
-0.44
-0.446667
-0.453333
-0.46
-0.466667
-0.473333
-0.48
-0.486667
-0.493333
-0.5
-0.506667
-0.513333
-0.52
-0.526667
-0.533333
-0.54
-0.546667
-0.553333
-0.56
-0.566667
-0.573333
-0.58
-0.586667
-0.593333
-0.6
-0.606667
-0.613333
-0.62
-0.626667
-0.633333
-0.64
-0.646667
-0.653333
-0.66
-0.666667
-0.673333
-0.68
-0.686667
-0.693333
-0.7
-0.706667
-0.713333
-0.72
-0.726667
-0.733333
-0.74
-0.746667
-0.753333
-0.76
-0.766667
-0.773333
-0.78
-0.786667
-0.793333
-0.8
-0.806667
-0.813333
-0.82
-0.826667
-0.833333
-0.84
-0.846667
-0.853333
-0.86
-0.866667
-0.873333
-0.88
-0.886667
-0.893333
-0.9
-0.906667
-0.913333
-0.92
-0.926667
-0.933333
-0.94
-0.946667
-0.953333
-0.96
-0.966667
-0.973333
-0.98
-0.986667
-0.993333
-1
-1.00667
-1.01333
-1.02
-1.02667
-1.03333
-1.04
-1.04667
-1.05333
-1.06
-1.06667
-1.07333
-1.08
-1.08667
-1.09333
-1.1
-1.10667
-1.11333
-1.12
-1.12667
-1.13333
-1.14
-1.14667
-1.15333
-1.16
-1.16667
-1.17333
-1.18
-1.18667
-1.19333
-1.2
-1.20667
-1.21333
-1.22
-1.22667
-1.23333
-1.24
-1.24667
-1.25333
-1.26
-1.26667
-1.27333
-1.28
-1.28667
-1.29333
-1.3
-1.30667
-1.31333
-1.32
-1.32667
-1.33333
-1.34
-1.34667
-1.35333
-1.36
-1.36667
-1.37333
-1.38
-1.38667
-1.39333
-1.4
-1.40667
-1.41333
-1.42
-1.42667
-1.43333
-1.44
-1.44667
-1.45333
-1.46
-1.46667
-1.47333
-1.48
-1.48667
-1.49333
-1.5
-1.50667
-1.51333
-1.52
-1.52667
-1.53333
-1.54
-1.54667
-1.55333
-1.56
-1.56667
-1.57333
-1.58
-1.58667
-1.59333
-1.6
-1.60667
-1.61333
-1.62
-1.62667
-1.63333
-1.64
-1.64667
-1.65333
-1.66
-1.66667
-1.67333
-1.68
-1.68667
-1.69333
-1.7
-1.70667
-1.71333
-1.72
-1.72667
-1.73333
-1.74
-1.74667
-1.75333
-1.76
-1.76667
-1.77333
-1.78
-1.78667
-1.79333
-1.8
-1.80667
-1.81333
-1.82
-1.82667
-1.83333
-1.84
-1.84667
-1.85333
-1.86
-1.86667
-1.87333
-1.88
-1.88667
-1.89333
-1.9
-1.90667
-1.91333
-1.92
-1.92667
-1.93333
-1.94
-1.94667
-1.95333
-1.96
-1.96667
-1.97333
-1.98
-1.98667
-1.99333
