____________________________________
Wed Apr 10 09:25:25 2024


PARAMETERS
NUMBER_NEURON = 6
VOLTAGE_TRESHOLD = 1.1
LEARNING_RATE = 0.1
LEAK_RATE = 1.5
TIME_ITERATION = 300
ITERATION_SPIKE_IN = 5
THRESHOLD_COORDINATES = 0.047
THRESHOLD_GYROSCOPE = 0.03  0.03  1.9   
____________________________________
Wed Apr 10 09:25:25 2024


PARAMETERS
NUMBER_NEURON = 6
VOLTAGE_TRESHOLD = 1.1
LEARNING_RATE = 0.1
LEAK_RATE = 1.5
TIME_ITERATION = 300
ITERATION_SPIKE_IN = 5
THRESHOLD_COORDINATES = 0.047
THRESHOLD_GYROSCOPE = 0.03  0.03  1.9   
0
3.00667
-3
-3
-2
-2
2
2.95333
0
0
0
2
2
-2
2.90667
2
2
2
2
2
-2
2.86
-2
-2
2
-2
2.82667
2
2
-2
2
-3
2
-2
2
-2
2
2
2
2
2.73333
-2
2
-2
2
-2
2
2
2
2
2
2
2
-2
-2
2
-2
0
0
0
0
2
2
-2
2
-3
2
2
2.54667
2.54
2.53333
-2
2
-3
2
2
-3
0
0
0
0
2
2
-2
2
-3
0
0
0
0
0
2
2
3.62
-2
2
-3
0
0
0
0
2
2
-2
2.30667
-2
2
0
0
0
0
2
2.25333
2.24667
-2
2
-2
2
-2
0
0
2
2
-2
-2
2.16667
-2
0
0
0
0
2
-2
2
-2
2
2
-2
0
0
0
2
-2
2
2.04
-2
2
-2
0
0
0
2
2
1.98
1.97333
-2
2
-2
0
0
0
2
2
2
-2
4.1
-2
0
0
0
0
2
2
4.15333
-2
2
-3
0
0
0
0
2
2
1.78
4.22667
-2
2
1.75333
2
2
-3
2
1.72
1.71333
-3
2
1.69333
-3
2
0
0
2
1.65333
1.64667
-2
-2
-2
1.62
4.38667
2
-2
2
1.58667
-2
-2
-2
-2
2
-2
2
2
4.47333
-2
-2
-2
-2
-2
2
-2
2
-2
2
1.45333
1.44667
-2
-2
4.57333
1.42
1.41333
1.40667
1.4
1.39333
1.38667
1.38
1.37333
1.36667
1.36
-2
2
1.34
-2
1.32667
1.32
1.31333
1.30667
1.3
-2
2
-2
1.27333
4.73333
-2
1.25333
1.24667
1.24
-2
2
-2
2
-2
2
1.19333
-2
2
-2
-2
4.84
-3
2
2
2
2
-2
4.88667
-2
-2
-2
2
-3
2
2
2
4.94667
-2
-2
4.96667
-2
2
-3
2
____________________________________
Wed Apr 10 10:05:12 2024


PARAMETERS
NUMBER_NEURON = 6
VOLTAGE_TRESHOLD = 1.1
LEARNING_RATE = 0.1
LEAK_RATE = 1.5
TIME_ITERATION = 300
ITERATION_SPIKE_IN = 5
THRESHOLD_COORDINATES = 0.047
THRESHOLD_GYROSCOPE = 0.03  0.03  1.9   
0
2
-3
-3
-2
2.96667
2
2
-2
2
-2
2.92667
-2
-2
-2
2
2
0
0
0
0
2
-2
2
-2
2
2
2
0
0
0
2
2
-2
2
2
-2
0
0
0
0
0
2
2.71333
2.70667
2
-2
0
0
0
0
2
2
-2
2.64
-2
0
0
0
0
0
0
2.58667
2
2
2.56667
-2
0
0
0
0
2
2
2
-3
-2
0
0
0
0
0
2
2
-2
2
-3
2
0
0
0
0
0
2
2
-2
-2
-2
0
0
0
0
0
2
2.31333
2.30667
3.7
-2
0
0
0
0
2
2.25333
-2
-2
2
2.22667
2
2
0
0
2
2.18667
2.18
2.17333
-2
2
0
0
0
0
2
2.12
3.88667
-2
-2
2
2
0
0
0
2
2
-2
2.04
-2
2
0
0
0
0
2
1.98667
-2
1.97333
-2
2
0
0
0
0
1.92667
-2
1.91333
-2
1.9
4.10667
0
0
0
0
2
2
-3
2
2
-3
2
0
0
0
2
1.78667
-2
2
2
-2
2
0
0
0
2
-2
1.71333
-2
2
2
2
2
-2
0
2
-2
1.64667
-2
2
2
-2
0
0
0
2
2
-2
2
2
-2
2
2
2
0
2
2
-2
-2
2
-3
2
2
0
0
1.46
-3
2
1.44
-2
2
2
2
2
2
2
1.38667
-2
-2
1.36667
-2
2
2
2
-2
-2
-2
-2
2
4.7
-2
1.28667
-2
2
-2
-2
2
-2
2
-2
2
-3
0
0
0
2
2
2
-2
2
1.16
2
2
4.86
1.13333
0
2
2
-2
2
-2
2
0
0
0
2
2
-3
2
2
-3
0
0
0
____________________________________
Wed Apr 10 10:38:25 2024


PARAMETERS
NUMBER_NEURON = 6
VOLTAGE_TRESHOLD = 1.1
LEARNING_RATE = 0.1
LEAK_RATE = 1.5
TIME_ITERATION = 300
ITERATION_SPIKE_IN = 5
THRESHOLD_COORDINATES = 0.047
THRESHOLD_GYROSCOPE = 0.03  0.03  1.9   
0
2
-3
-3
-2
0
0
0
0
0
0
2
-2
2
2
2
2
2
0
0
0
0
2
2
3.16
-2
-2
-2
2
2
2
-2
2
-2
2
-2
2
-2
2
2
2
2
2
-2
2.70667
-2
2
-2
2.68
2
3.33333
-3
2.65333
-3
2
2.63333
-2
0
0
0
0
2
2
-2
2.57333
-3
0
0
0
0
0
2
2
-2
2
-3
0
0
0
0
0
2
2
-2
2
-2
0
0
0
0
0
2
-2
2
-2
2
-2
0
0
0
0
2
2
2
3.69333
-2
2
2
2
0
0
2
2
2.24667
-2
-2
2
0
0
0
0
2
2
-2
2
-3
0
0
0
0
0
2
2
-2
2
2
-3
0
0
0
0
2
2
2.04667
-2
2.03333
2.02667
2
0
0
0
2
1.98667
2
-2
1.96667
-2
4.04667
2
0
0
2
2
1.91333
1.90667
1.9
1.89333
-2
-2
1.87333
1.86667
1.86
1.85333
-2
1.84
1.83333
-2
-2
-2
1.80667
-2
2
-2
-2
-2
-2
-2
-2
1.74667
2
2
-2
4.28
1.71333
1.70667
1.7
1.69333
1.68667
1.68
1.67333
1.66667
1.66
1.65333
-2
1.64
1.63333
-2
-2
-2
2
2
1.59333
1.58667
-2
-2
-2
-2
-2
2
1.54
2
1.52667
-2
-2
-2
1.5
2
2
2
2
2
1.46
-2
1.44667
-2
1.43333
1.42667
1.42
1.41333
1.40667
1.4
1.39333
1.38667
1.38
1.37333
-2
-2
-2
-2
2
2
1.32667
1.32
1.31333
1.30667
1.3
1.29333
1.28667
-2
-2
-2
1.26
1.25333
1.24667
1.24
1.23333
-2
-2
2
-2
0
2
-2
1.18
-2
1.16667
-2
-2
2
0
0
2
-2
-2
-2
-2
2
0
0
0
0
2
1.05333
1.04667
1.04
1.03333
1.02667
1.02
-2
2
____________________________________
Wed Apr 10 11:16:39 2024


PARAMETERS
NUMBER_NEURON = 6
VOLTAGE_TRESHOLD = 1.1
LEARNING_RATE = 0.1
LEAK_RATE = 1.5
TIME_ITERATION = 300
ITERATION_SPIKE_IN = 5
THRESHOLD_COORDINATES = 0.047
THRESHOLD_GYROSCOPE = 0.03  0.03  1.9   
____________________________________
Wed Apr 10 11:16:39 2024


PARAMETERS
NUMBER_NEURON = 6
VOLTAGE_TRESHOLD = 1.1
LEARNING_RATE = 0.1
LEAK_RATE = 1.5
TIME_ITERATION = 300
ITERATION_SPIKE_IN = 5
THRESHOLD_COORDINATES = 0.047
THRESHOLD_GYROSCOPE = 0.03  0.03  1.9   
0
2
-2
-3
2.97333
-3
-2
2.95333
2
2.94
2.93333
-2
-2
-2
2
2.9
2
2
2.88
2.87333
-2
-2
2.85333
-2
-2
2.83333
2.82667
-2
2
2.80667
-2
2.79333
-2
-2
-2
2
-2
2.75333
-2
-2
2.73333
-2
2.72
-2
-2
2
2
2
2
2
2
2
2.65333
-2
-2
-2
2.62667
-2
-2
2.60667
-2
2.59333
-2
2
-2
2
2
2
2
2
2
2
-2
-2
-2
-2
2
2
2
2
2
2
-2
-2
2.44
-2
3.57333
-2
-2
2
2
2
2
-2
-2
-2
2
2
2
2
2.33333
-2
-2
2.31333
-2
-2
2
2
2
2
2
2
-2
-2
3.76
-2
2
2
2
3.79333
-2
2
-2
-2
-2
2
2
2
2
2
2
2
2.12
-2
-2
-2
2
