____________________________________
Fri Mar 29 17:10:26 2024


PARAMETERS
NUMBER_NEURON = 6
VOLTAGE_TRESHOLD = 0.5
LEARNING_RATE = 0.1
LEAK_RATE = 1.5
TIME_ITERATION = 500
ITERATION_SPIKE_IN = 5
THRESHOLD_COORDINATES = 0.1
THRESHOLD_GYROSCOPE = 0.05  0.05  1.9   
____________________________________
Fri Mar 29 17:10:26 2024


PARAMETERS
NUMBER_NEURON = 6
VOLTAGE_TRESHOLD = 0.5
LEARNING_RATE = 0.1
LEAK_RATE = 1.5
TIME_ITERATION = 500
ITERATION_SPIKE_IN = 5
THRESHOLD_COORDINATES = 0.1
THRESHOLD_GYROSCOPE = 0.05  0.05  1.9   
0
-2
-2.004
-2.008
-2.012
2.984
2.98
2.976
-2.028
-2.032
2.964
-2.04
-2.044
2.952
-2.052
2.944
-2.06
2.936
-2.068
2.928
2.924
-2.08
-2.084
-2.088
2.908
-2.096
2.9
-2.104
2.892
-2.112
2.884
-2.12
2.876
-2.128
2.868
-2.136
2.86
2.856
2.852
-2.152
-2.156
-2.16
-2.164
2.832
-2.172
2.824
2.82
-0.18
-0.18
-0.18
-0.18
2.8
-2.204
2.792
-2.212
2.784
2.78
0.776
2.772
-2.232
2.764
2.76
-2.244
-2.248
-2.252
2.744
-2.26
-0.26
-0.26
-0.26
-0.26
2.72
-2.284
2.712
-2.292
-0.292
-0.292
-0.292
-0.292
-0.292
-0.292
2.68
2.676
2.672
2.668
2.664
2.66
2.656
2.652
2.648
-2.356
-2.36
-2.364
-2.368
2.628
-2.376
2.62
2.616
2.612
2.608
-2.396
-2.4
2.596
-2.408
2.588
-2.416
2.58
2.576
2.572
2.568
2.564
-2.44
-2.444
-2.448
2.548
-2.456
2.54
2.536
2.532
2.528
2.524
-2.48
-2.484
2.512
-2.492
2.504
-2.5
2.496
-2.508
2.488
-2.516
2.48
2.476
2.472
2.468
2.464
-2.54
-2.544
2.452
-2.552
2.444
2.44
2.436
2.432
-2.572
-2.576
2.42
-2.584
2.412
2.408
2.404
2.4
-2.604
-2.608
2.388
2.384
-2.62
-2.624
2.372
2.368
2.364
-2.64
-2.644
2.352
2.348
-2.656
2.34
2.336
2.332
2.328
2.324
2.32
-2.684
-2.688
-2.692
-2.696
2.3
2.296
-2.708
2.288
2.284
2.28
-2.724
-2.728
2.268
2.264
-2.74
2.256
2.252
2.248
2.244
2.24
-2.764
-2.768
2.228
2.224
2.22
-2.784
2.212
2.208
-2.796
2.2
2.196
2.192
-2.812
2.184
2.18
-0.82
-0.82
-0.82
-0.82
2.16
2.156
-2.848
-2.852
2.144
2.14
2.136
2.132
-0.868
-0.868
2.12
2.116
-2.888
-2.892
2.104
2.1
2.096
2.092
2.088
-0.912
2.08
-2.924
-2.928
2.068
-2.936
2.06
2.056
2.052
2.048
2.044
-2.96
-2.964
2.032
-2.972
2.024
-2.98
2.016
2.012
2.008
2.004
2
-3.004
1.992
1.988
1.984
-3.02
-1.02
-1.02
-1.02
-1.02
1.96
1.956
1.952
-3.052
1.944
1.94
1.936
1.932
1.928
-1.072
1.92
-3.084
1.912
-3.092
1.904
1.9
1.896
1.892
1.888
-3.116
1.88
1.876
-3.128
1.868
1.864
1.86
-0.144
1.852
1.848
1.844
1.84
-3.164
-3.168
1.828
-3.176
1.82
-3.184
1.812
1.808
1.804
-3.2
1.796
1.792
-3.212
1.784
1.78
-0.224
1.772
1.768
1.764
-3.24
1.756
-3.248
1.748
1.744
-3.26
1.736
1.732
1.728
1.724
-3.28
1.716
1.712
1.708
-3.296
1.7
1.696
-3.308
1.688
-3.316
1.68
1.676
1.672
1.668
-3.336
1.66
1.656
1.652
1.648
1.644
1.64
1.636
-3.368
1.628
1.624
-3.38
-3.384
1.612
-3.392
1.604
1.6
-3.404
1.592
-3.412
1.584
-3.42
-1.42
-1.42
-1.42
-1.42
1.56
1.556
1.552
1.548
1.544
1.54
1.536
1.532
-1.468
-1.468
1.52
1.516
1.512
1.508
1.504
-3.5
1.496
1.492
-1.508
-1.508
1.48
1.476
-3.528
1.468
-3.536
1.46
-1.54
-1.54
-1.54
-1.54
1.44
1.436
1.432
1.428
1.424
-3.58
1.416
1.412
-1.588
-1.588
1.4
1.396
1.392
1.388
1.384
-3.62
-1.62
-1.62
-1.62
-1.62
1.36
1.356
1.352
1.348
1.344
-3.66
-1.66
-1.66
-1.66
-1.66
1.32
1.316
1.312
1.308
1.304
-3.7
-1.7
-1.7
-1.7
-1.7
1.28
1.276
1.272
-3.732
1.264
-3.74
1.256
1.252
-1.748
-1.748
1.24
1.236
1.232
1.228
1.224
-3.78
1.216
-1.784
-1.784
-1.784
1.2
1.196
1.192
1.188
1.184
-3.82
-1.82
-1.82
-1.82
-1.82
1.16
1.156
1.152
1.148
1.144
-3.86
-1.86
-1.86
-1.86
-1.86
1.12
1.116
1.112
1.108
-3.896
1.1
-1.9
-1.9
-1.9
-1.9
1.08
1.076
1.072
1.068
1.064
-3.94
-1.94
-1.94
-1.94
-1.94
1.04
1.036
1.032
1.028
1.024
-3.98
-1.98
-1.98
-1.98
____________________________________
Fri Mar 29 17:16:18 2024


PARAMETERS
NUMBER_NEURON = 6
VOLTAGE_TRESHOLD = 0.5
LEARNING_RATE = 0.1
LEAK_RATE = 1.5
TIME_ITERATION = 500
ITERATION_SPIKE_IN = 5
THRESHOLD_COORDINATES = 0.1
THRESHOLD_GYROSCOPE = 0.05  0.05  1.9   
1.004
-2
-2.004
-2.008
-2.012
-2.016
-2.02
2.976
2.972
2.968
-2.036
-2.04
2.956
-2.048
-2.052
2.944
-2.06
2.936
2.932
-2.072
2.924
-2.08
-2.084
2.912
-2.092
2.904
-2.1
2.896
-2.108
-2.112
2.884
2.88
-2.124
2.872
-2.132
2.864
-2.14
-2.144
2.852
2.848
-2.156
2.84
-2.164
2.832
-2.172
2.824
-2.18
2.816
2.812
-2.192
-2.196
2.8
2.796
-2.208
2.788
-2.216
-2.22
-2.224
2.772
2.768
2.764
2.76
2.756
-2.248
2.748
-2.256
-2.26
-2.264
2.732
-0.268
-0.268
2.72
-2.284
2.712
-2.292
2.704
-2.3
2.696
-2.308
-0.308
-0.308
2.68
2.676
2.672
-2.332
-2.336
2.66
2.656
-2.348
-2.352
-0.352
2.64
2.636
2.632
-2.372
-2.376
2.62
2.616
-0.384
-0.384
-0.384
2.6
2.596
-2.408
-2.412
2.584
2.58
2.576
-2.428
2.568
-0.432
2.56
2.556
-2.448
-2.452
2.544
-2.46
2.536
2.532
-2.472
-0.472
2.52
2.516
-2.488
-2.492
2.504
2.5
-2.504
-0.504
-0.504
-0.504
2.48
2.476
-2.528
-2.532
2.464
-2.54
2.456
2.452
0.452
-0.548
2.44
-2.564
2.432
2.428
-2.576
-2.58
2.416
2.412
2.408
-0.592
2.4
2.396
-2.608
-2.612
2.384
-2.62
2.376
2.372
2.368
-0.632
2.36
2.356
-2.648
2.348
-2.656
2.34
2.336
2.332
-0.668
-0.668
2.32
2.316
-2.688
-2.692
2.304
-2.7
2.296
-0.704
-0.704
-0.704
2.28
2.276
2.272
-2.732
2.264
-2.74
2.256
2.252
2.248
2.244
2.24
-2.764
-2.768
2.228
-2.776
2.22
2.216
2.212
2.208
2.204
-2.8
-2.804
2.192
-2.812
2.184
-2.82
2.176
-0.824
-0.824
-0.824
2.16
2.156
2.152
2.148
-2.856
2.14
-0.86
-0.86
-0.86
-0.86
2.12
2.116
-2.888
2.108
-2.896
2.1
-0.9
-0.9
-0.9
-0.9
2.08
2.076
2.072
2.068
2.064
-2.94
2.056
2.052
-0.948
-0.948
2.04
2.036
-2.968
-2.972
2.024
-2.98
2.016
-0.984
-0.984
-0.984
2
1.996
1.992
-3.012
1.984
-3.02
1.976
-1.024
-1.024
-1.024
1.96
1.956
1.952
1.948
-3.056
1.94
-1.06
-1.06
-1.06
-1.06
1.92
1.916
1.912
-3.092
1.904
1.9
1.896
-1.104
-1.104
-1.104
1.88
1.876
-3.128
1.868
-3.136
1.86
1.856
-1.144
-1.144
-1.144
1.84
1.836
-3.168
1.828
-3.176
1.82
-1.18
-1.18
-1.18
-1.18
1.8
1.796
1.792
-3.212
1.784
-3.22
1.776
-1.224
-1.224
-1.224
1.76
1.756
1.752
1.748
1.744
-3.26
1.736
-1.264
-1.264
-1.264
1.72
1.716
1.712
-3.292
1.704
1.7
-1.3
-1.3
-1.3
-1.3
1.68
1.676
1.672
-3.332
1.664
1.66
-1.34
-1.34
-1.34
-1.34
1.64
1.636
-3.368
1.628
1.624
1.62
1.616
-1.384
-1.384
-1.384
1.6
1.596
-3.408
-3.412
1.584
1.58
-1.42
-1.42
-1.42
-1.42
1.56
1.556
-3.448
1.548
1.544
1.54
-1.46
-1.46
-1.46
-1.46
1.52
1.516
-3.488
1.508
1.504
1.5
1.496
-1.504
-1.504
-1.504
1.48
1.476
-3.528
1.468
1.464
1.46
1.456
-1.544
-1.544
-1.544
1.44
1.436
-3.568
1.428
1.424
1.42
1.416
-1.584
-1.584
-1.584
1.4
-3.604
1.392
1.388
-3.616
1.38
-1.62
-1.62
-1.62
-1.62
1.36
1.356
-3.648
1.348
1.344
1.34
-1.66
-1.66
-1.66
-1.66
1.32
-3.684
1.312
1.308
1.304
1.3
-1.7
-1.7
-1.7
-1.7
1.28
-3.724
1.272
1.268
1.264
1.26
-1.74
-1.74
-1.74
-1.74
1.24
-3.764
1.232
1.228
-3.776
1.22
-1.78
-1.78
-1.78
-1.78
1.2
1.196
-3.808
1.188
1.184
-3.82
1.176
-1.824
-1.824
-1.824
1.16
1.156
1.152
-3.852
1.144
1.14
-1.86
-1.86
-1.86
-1.86
1.12
1.116
1.112
-3.892
1.104
1.1
-1.9
-1.9
-1.9
-1.9
1.08
1.076
1.072
1.068
-3.936
1.06
-1.94
-1.94
-1.94
-1.94
1.04
1.036
1.032
1.028
1.024
1.02
1.016
-1.984
-1.984
____________________________________
Fri Mar 29 17:21:50 2024


PARAMETERS
NUMBER_NEURON = 6
VOLTAGE_TRESHOLD = 0.5
LEARNING_RATE = 0.1
LEAK_RATE = 1.5
TIME_ITERATION = 500
ITERATION_SPIKE_IN = 5
THRESHOLD_COORDINATES = 0.1
THRESHOLD_GYROSCOPE = 0.05  0.05  1.9   
1.004
-2
-2.004
-2.008
-2.012
2.984
-2.02
2.976
2.972
2.968
-2.036
-2.04
2.956
-2.048
2.948
-2.056
2.94
2.936
2.932
-2.072
-2.076
2.92
-2.084
2.912
-2.092
-2.096
2.9
2.896
2.892
2.888
-2.116
2.88
-2.124
2.872
-2.132
2.864
-2.14
2.856
2.852
-2.152
2.844
-2.16
-2.164
-2.168
-2.172
2.824
2.82
2.816
2.812
2.808
-2.196
2.8
2.796
-2.208
-2.212
2.784
-2.22
-2.224
-0.224
-0.224
-0.224
2.76
2.756
-2.248
-2.252
-2.256
2.74
2.736
-0.264
-0.264
-0.264
2.72
-2.284
2.712
-2.292
2.704
-2.3
-0.3
-0.3
-0.3
-0.3
2.68
-2.324
2.672
2.668
-2.336
-0.336
-0.336
-0.336
-0.336
-0.336
2.64
-2.364
2.632
-2.372
2.624
-2.38
-0.38
-0.38
-0.38
-0.38
2.6
2.596
-2.408
-0.408
2.584
2.58
-2.424
-0.424
-0.424
-0.424
2.56
2.556
-2.448
-0.448
2.544
2.54
-2.464
-0.464
-0.464
-0.464
2.52
2.516
-2.488
2.508
-2.496
-0.496
-0.496
-0.496
-0.496
-0.496
2.48
-2.524
-0.524
2.468
2.464
-2.54
-0.54
-0.54
-0.54
-0.54
2.44
2.436
2.432
-2.572
2.424
-2.58
-0.58
-0.58
-0.58
-0.58
2.4
2.396
2.392
-2.612
2.384
-2.62
-0.62
-0.62
-0.62
-0.62
2.36
2.356
-2.648
2.348
-2.656
2.34
-0.66
-0.66
-0.66
-0.66
2.32
2.316
-2.688
-0.688
2.304
-2.7
2.296
-0.704
-0.704
-0.704
2.28
2.276
-2.728
-0.728
2.264
2.26
-2.744
-0.744
-0.744
-0.744
2.24
2.236
-2.768
-0.768
2.224
-2.78
2.216
-0.784
-0.784
-0.784
2.2
2.196
-2.808
-0.808
2.184
-2.82
2.176
-0.824
-0.824
-0.824
2.16
2.156
-2.848
-0.848
2.144
2.14
-2.864
-0.864
-0.864
-0.864
2.12
2.116
-2.888
2.108
2.104
-2.9
-0.9
-0.9
-0.9
-0.9
2.08
2.076
-2.928
2.068
2.064
-2.94
-0.94
-0.94
-0.94
-0.94
2.04
2.036
-2.968
-0.968
2.024
-2.98
2.016
-0.984
-0.984
-0.984
2
1.996
-3.008
-1.008
1.984
-3.02
1.976
-1.024
-1.024
-1.024
1.96
1.956
1.952
1.948
1.944
1.94
1.936
-1.064
-1.064
-1.064
1.92
1.916
1.912
1.908
1.904
-3.1
-1.1
-1.1
-1.1
-1.1
1.88
1.876
1.872
1.868
-3.136
-1.136
-1.136
-1.136
-1.136
-1.136
1.84
-3.164
-1.164
1.828
1.824
-3.18
-1.18
-1.18
-1.18
-1.18
1.8
1.796
____________________________________
Fri Mar 29 17:28:25 2024


PARAMETERS
NUMBER_NEURON = 6
VOLTAGE_TRESHOLD = 0.5
LEARNING_RATE = 0.1
LEAK_RATE = 1.5
TIME_ITERATION = 500
ITERATION_SPIKE_IN = 5
THRESHOLD_COORDINATES = 0.015
THRESHOLD_GYROSCOPE = 0.05  0.05  1.9   
____________________________________
Fri Mar 29 17:28:25 2024


PARAMETERS
NUMBER_NEURON = 6
VOLTAGE_TRESHOLD = 0.5
LEARNING_RATE = 0.1
LEAK_RATE = 1.5
TIME_ITERATION = 500
ITERATION_SPIKE_IN = 5
THRESHOLD_COORDINATES = 0.015
THRESHOLD_GYROSCOPE = 0.05  0.05  1.9   
0
0
-2.004
0
0
0
-2.02
0
0
0
0
0
0
-2.048
2.948
0
0
0
0
0
0
0
0
0
0
0
0
0
0
0
-2.116
0
0
0
-2.132
2.864
5
0
-2.148
2.848
0
0
0
-2.168
0
5
0
0
0
-2.192
0
0
2.796
0
0
0
-2.22
2.776
5
0
-2.236
0
-2.244
2.752
-2.252
2.744
5
5
2.732
-2.272
0
0
0
0
0
0
0
-2.304
2.692
0
0
0
0
0
0
0
0
0
0
0
0
0
0
0
0
0
0
0
0
0
0
0
-2.404
2.592
0
0
0
0
0
0
0
0
0
