____________________________________
Sun Apr  7 12:15:29 2024


PARAMETERS
NUMBER_NEURON = 6
VOLTAGE_TRESHOLD = 0.9
LEARNING_RATE = 0.1
LEAK_RATE = 1.5
TIME_ITERATION = 500
ITERATION_SPIKE_IN = 5
THRESHOLD_COORDINATES = 0.047
THRESHOLD_GYROSCOPE = 0.03  0.03  1.9   
____________________________________
Sun Apr  7 12:15:29 2024


PARAMETERS
NUMBER_NEURON = 6
VOLTAGE_TRESHOLD = 0.9
LEARNING_RATE = 0.1
LEAK_RATE = 1.5
TIME_ITERATION = 500
ITERATION_SPIKE_IN = 5
THRESHOLD_COORDINATES = 0.047
THRESHOLD_GYROSCOPE = 0.03  0.03  1.9   
0.493583    0    0.292517    0.771358    0.526745    0.769914     
0    0    0    0    0    0     
0    0    0    0    0    0     
0    0    0    0.743317    0.219727    0     
0.732512    0    0.0994166    0    -0.539541    0     
0    0    0    0    -0.0616045    0     
0.807454    0    0    0.0983137    -1.484    0     
0.570434    0.490685    0.833922    0.364858    -2.05471    0     
0.0345883    0.790489    0    0.897835    -1.38259    0.533288     
0.592182    0.14726    -0.431692    0.0675768    -1.61521    0.33014     
0.394788    0.0981732    -0.287795    0.0450512    -1.07681    0.220094     
0.756775    0.634831    -0.456292    0.502847    -0.437397    0.741493     
0    0    -0.568623    0.808044    -0.0111235    0     
0.0179377    0    0.0477922    0    -0.686048    0     
0    0    0    0    -0.256719    0     
0    0.628618    0.311286    0.274479    -1.84981    0     
-0.228338    0.691709    0.833402    0.0852185    -1.5875    -0.197741     
-0.152226    0.461139    0.555601    0.0568124    -1.05833    -0.131827     
-0.101484    0.307426    0.370401    0.0378749    -0.705556    -0.0878849     
-0.0676558    0.204951    0.246934    0.0252499    -0.47037    -0.0585899     
-0.0451039    0.136634    0.164623    0.0168333    -0.31358    -0.0390599     
0.463514    0.433155    -0.324469    0.83952    0.0714209    0.59711     
0.802592    0.630836    -0.650529    0    0.328088    0     
0    0    0.806853    0    0.282504    0     
0    0    0    0.722569    -0.796503    0     
0.3473    -0.0157234    -0.55762    0.278022    -2.43324    0.5445     
0.231533    -0.0104822    -0.371747    0.185348    -1.62216    0.363     
0.154355    -0.00698816    -0.247831    0.123565    -1.08144    0.242     
0.102904    -0.00465878    -0.165221    0.0823768    -0.720961    0.161333     
0.0686024    -0.00310585    -0.110147    0.0549179    -0.480641    0.107556     
0.0457349    -0.00207057    -0.0734314    0.0366119    -0.320427    0.0717037     
0.524073    0.154786    -0.543524    0.864729    0.0668563    0.378385     
0.842965    0.259357    -0.856919    0    0.325045    0.582839     
0    0.859927    -0.53055    0.782962    0.146376    0.785591     
0.493583    0.584344    -1.39335    0.598602    -0.085629    0.556413     
0.822638    0.545729    -1.42347    0    0.223388    0.701524     
0    0    -0.366024    -0.0397218    -0.184888    0.595106     
-0.113458    0.113135    -0.453589    -0.632113    -1.10567    0.627592     
-0.0756388    0.0754236    -0.302393    -0.421408    -0.737114    0.418394     
-0.0504259    0.0502824    -0.201595    -0.280939    -0.49141    0.27893     
-0.0336172    0.0335216    -0.134397    -0.187293    -0.327606    0.185953     
0.471171    0.207597    -0.584167    0.81229    0.0620702    0.454551     
0.807697    0.323647    -0.884014    0    0.321855    0.633616     
0    0    -0.419465    0    0.227145    0.884049     
0.824598    0.662986    -0.503377    -0.0380269    -1.08261    0     
0.657392    0    0.16475    0    -0.426189    0.645025     
0    0.871126    0    0.0342721    -1.14283    0     
-0.187952    -0.0580933    -0.319479    -1.46119    -2.60828    -0.247454     
-0.125301    -0.0387289    -0.212986    -0.974127    -1.73885    -0.164969     
-0.0835342    -0.0258193    -0.141991    -0.649418    -1.15923    -0.10998     
-0.0556894    -0.0172128    -0.0946604    -0.432946    -0.772823    -0.0733197     
0.456457    0.158469    -0.609991    0.695175    -0.234741    0.136236     
0.797887    0.27559    -0.953544    0    0.123981    0.275939     
0    0    -0.382393    0    0.0809228    0.569646     
0.873804    0.177565    -0.596851    -0.558264    -1.6334    0.556298     
0    0.101637    -0.944784    0.589617    -0.808457    0.555981     
0    -0.36182    -1.23756    -0.758817    -1.31341    0.0839389     
0    -0.241213    -0.825041    -0.505878    -0.875604    0.0559592     
0    -0.160809    -0.550027    -0.337252    -0.583736    0.0373062     
0    -0.107206    -0.366685    -0.224835    -0.389157    0.0248708     
0    -0.0714706    -0.244457    -0.14989    -0.259438    0.0165805     
0.493583    -0.0643869    -0.709855    0.861866    0.107516    0.196169     
0.822638    -0.0596644    -1.02012    0    0.352152    0.315895     
0    0.586091    -0.41825    0    0.105455    0.549771     
0    0.673733    -0.560957    -0.0382944    -0.659632    0.526664     
0.493583    0.0936761    -1.42765    0.0158823    -0.789304    0.319247     
0.329055    0.0624507    -0.951765    0.0105882    -0.526203    0.212832     
0.21937    0.0416338    -0.63451    0.00705879    -0.350802    0.141888     
0.146247    0.0277559    -0.423007    0.00470586    -0.233868    0.0945918     
0.0974979    0.0185039    -0.282005    0.00313724    -0.155912    0.0630612     
0.0649986    0.0123359    -0.188003    0.00209149    -0.103941    0.0420408     
0.536915    -0.00851583    -0.672219    0    0.21118    0.213143     
0    0.732443    -0.0863597    0    0.150282    0.533783     
0    0    -0.0936023    0.220086    -0.45433    0.572988     
0.36003    -0.0370781    -0.787104    0.322055    -1.19859    0.760177     
0.733603    -0.0194798    -1.07162    0    -0.518585    0.6919     
0    0.854133    0.285754    0.138426    -0.548144    0.754643     
0    0.460295    -0.131149    -0.817956    -0.893045    0.408436     
0    0.306863    -0.0874329    -0.545304    -0.595363    0.272291     
0    0.204575    -0.0582886    -0.363536    -0.396909    0.181527     
0    0.136384    -0.0388591    -0.242357    -0.264606    0.121018     
0.493583    0.0961614    -0.57279    0    0.104071    0.265794     
0    0    0.118041    0    0.235866    0.752416     
0    0.557016    0.0660839    0.0195335    -1.0723    0     
-0.0251352    0.402626    0.129311    0.819122    -0.996075    0.329546     
0.476826    0.0903519    -0.460676    0    -0.383576    0.429075     
0    0    0.765667    0.104471    -0.347769    0.622447     
-0.272291    -0.0185856    0.25725    -0.905837    -1.53896    0.643519     
-0.181527    -0.0123904    0.1715    -0.603891    -1.02598    0.429013     
-0.121018    -0.00826028    0.114333    -0.402594    -0.683984    0.286008     
-0.0806788    -0.00550685    0.0762223    -0.268396    -0.455989    0.190672     
0.439797    -0.0917937    -0.496069    0    -0.0235182    0.336493     
0    0.789473    0.289852    0    0.184977    0.856671     
0    0    0.490263    0.760297    -0.262821    0     
-0.413793    -0.0322906    0.427814    0    -1.40322    0.249913     
0    0    0    0    -0.669805    0.750958     
0.71268    -0.236203    -0.596271    -2.10507    -3.36633    0.867063     
0.47512    -0.157469    -0.397514    -1.40338    -2.24422    0.578042     
0.316747    -0.104979    -0.265009    -0.935587    -1.49615    0.385361     
0.211164    -0.069986    -0.176673    -0.623724    -0.997432    0.256907     
0.140776    -0.0466574    -0.117782    -0.415816    -0.664955    0.171272     
0.587434    -0.153405    -0.637015    0    -0.162829    0.160779     
0    0.735811    0.0974543    0    0.097604    0.659589     
0    0    0.193594    0.693087    -0.356682    0     
-0.624985    -0.634176    -0.377435    0.712188    -1.90721    -0.0516467     
0.0769261    -0.714108    -0.810117    0    -0.990999    -0.107986     
0    0.589644    0.698287    0.385022    -0.646604    0.461103     
0    0.106958    -0.0757616    -0.77763    -1.08311    0.173566     
0    0.0713054    -0.0505077    -0.51842    -0.722072    0.115711     
0    0.0475369    -0.0336718    -0.345613    -0.481381    0.0771403     
0    0.0316913    -0.0224479    -0.230409    -0.320921    0.0514269     
0.493583    -0.270197    -0.573459    0    0.0665272    -0.0392705     
0    0.628657    0.333559    0    0.343279    0.435744     
0    0    0.49444    0.841134    -0.0567949    0.715263     
0.161764    -0.499335    -0.898229    0.628177    -1.31957    0.652792     
0.601425    -0.566353    -1.15731    0    -0.599237    0.36164     
0    0.896815    0.559205    0.485723    -0.253909    0.875556     
0    0.467621    -0.0274819    -0.606419    -0.679945    0.647678     
0    0.311748    -0.0183212    -0.404279    -0.453297    0.431785     
0    0.207832    -0.0122142    -0.269519    -0.302198    0.287857     
0    0.138554    -0.00814278    -0.17968    -0.201465    0.191905     
0.493583    -0.141093    -0.563923    0    0.146164    0.0543813     
0    0    0.47239    0    0.533168    0.695273     
0    0.435625    0.363989    0.348512    -0.878594    0     
0.162072    0.00392712    0.614883    0    -0.772278    0.0338788     
0    0.885462    0    0    -0.0936003    0.720174     
0    0.809499    -0.157187    -1.72029    -1.93497    0.808114     
0    0.40846    -0.309643    -1.99972    -1.7864    0.574309     
0    0.272306    -0.206429    -1.33315    -1.19094    0.382872     
0    0.181538    -0.137619    -0.888764    -0.793957    0.255248     
0    0.121025    -0.091746    -0.592509    -0.529305    0.170166     
0.493583    -0.286445    -0.735194    0    -0.0723953    0.042606     
0    0.679884    0.162228    0    0.316066    0.632951     
0    0    0.625789    0    0.152486    0     
0.658137    0.302044    0    0.76965    -1.56314    0.318017     
0    -0.974078    -1.67582    0    -1.99864    -0.195717     
0    0.577468    0.0351161    -0.468796    -1.78902    0.548652     
0    0.309849    -0.107014    -1.03079    -1.55424    0.491934     
0    0.206566    -0.0713424    -0.687191    -1.03616    0.327956     
0    0.137711    -0.0475616    -0.458127    -0.690775    0.218637     
0    0.0918072    -0.0317077    -0.305418    -0.460517    0.145758     
0.493583    -0.434827    -0.618792    0    -0.0265368    -0.0995374     
0    0.616249    0.310207    0    0.302681    0.336597     
0    0    0.875521    0    0.242878    0.796244     
0    0.176356    0.752127    0.432699    -1.43651    0     
0.525829    -0.0518353    0    0    -1.07281    0.420839     
0    0    0    -0.941717    -1.70728    0.62224     
-0.715888    -1.1354    -1.62971    -2.9233    -4.02883    0.426471     
-0.477259    -0.756933    -1.08647    -1.94886    -2.68589    0.284314     
-0.318173    -0.504622    -0.724314    -1.29924    -1.79059    0.189543     
-0.212115    -0.336415    -0.482876    -0.866162    -1.19373    0.126362     
0.352173    -0.932176    -0.926398    0    -0.515344    -0.0351132     
0    0.289381    0.316256    0    0.0469431    0.293014     
0    0    0    0    0.186551    0     
0    -0.323679    0.189143    0.30593    -3.00567    -0.35035     
0.493583    -0.949886    -0.474349    0    -2.0364    -0.155755     
0    0    0    0.381854    -1.21973    0.352894     
-1.07701    -1.67505    -1.93982    -2.59191    -4.20637    -0.409009     
-0.718005    -1.1167    -1.29321    -1.72794    -2.80425    -0.272673     
-0.47867    -0.744466    -0.862142    -1.15196    -1.8695    -0.181782     
-0.319114    -0.496311    -0.574761    -0.767975    -1.24633    -0.121188     
0.280841    -1.13553    -1.33403    0    -0.550413    -0.375267     
0    0.133474    -0.384724    0    0.0520997    -0.0181133     
0    0    0.488686    0    0.127716    0.463361     
0    -0.100486    -0.0400122    0.332473    -1.55651    0.147814     
0.493583    -1.06878    -0.852371    0    -1.08067    0.0218331     
0    0    0.88741    0.376    -0.57958    0.498572     
-0.99603    -0.765943    -0.0541331    -1.49599    -2.33342    0.166804     
-0.66402    -0.510629    -0.0360887    -0.997324    -1.55561    0.111202     
-0.44268    -0.340419    -0.0240591    -0.664883    -1.03707    0.074135     
-0.29512    -0.226946    -0.0160394    -0.443255    -0.691383    0.0494233     
0.296836    -1.00815    -0.96155    0    -0.180448    -0.261526     
0    0.185938    -0.134916    0    0.315534    0.0897056     
0    0    0.747967    0    0.462738    0.612371     
0    -0.165171    0.2962    0.459122    -1.55956    0.107011     
0.493583    -1.1999    -0.48759    0    -1.13845    -0.0161959     
0    0    0    0.50978    -0.666375    0.364326     
-1.46719    -2.18732    -2.27201    -2.97651    -4.27142    -0.852132     
-0.978128    -1.45822    -1.51467    -1.98434    -2.84761    -0.568088     
-0.652085    -0.972144    -1.00978    -1.32289    -1.89841    -0.378726     
-0.434724    -0.648096    -0.673188    -0.881928    -1.26561    -0.252484     
0.203767    -1.63376    -1.45794    0    -0.563262    -0.462798     
0    -0.466503    -0.487778    0    0.0702832    -0.166294     
0    0.23263    0.387018    0    0.0432518    0.377345     
0    0    0    0    0.658184    0     
0    -1.02618    -0.307409    -0.00902846    -3.06939    -0.760193     
0    -0.691348    0.111227    -0.112803    -2.35416    0.270207     
0    -0.460899    0.0741511    -0.0752017    -1.56944    0.180138     
0    -0.307266    0.0494341    -0.0501345    -1.04629    0.120092     
0    -0.204844    0.0329561    -0.033423    -0.69753    0.0800613     
0    -0.136563    0.0219707    -0.022282    -0.46502    0.0533742     
0.493583    -1.30926    -1.14831    0    -0.0295388    -0.287786     
0    0.140575    -0.0094119    0    0.814847    0.0873946     
0    0    0    0    0    0     
0    -1.91201    -1.02274    -0.971021    -3.65652    -1.32751     
0.493583    -2.51478    -1.81053    0    -2.79103    -0.595273     
0    0.360678    0.523371    0.411902    -1.22926    0.0534773     
0    0.32199    0.612759    0.272947    -1.2386    0.886726     
0    0.21466    0.408506    0.181965    -0.82573    0.59115     
0    0.143107    0.272337    0.12131    -0.550487    0.3941     
0    0.0954045    0.181558    0.0808732    -0.366991    0.262734     
0.493583    -1.20536    -1.23198    0    -0.125603    -0.342265     
0    0.022634    -0.4031    0    0.668161    -0.220378     
0    0    0.475708    0    0    0.769565     
0    -0.776    -0.415181    0.161071    -1.60994    0.31901     
0.493583    -1.90404    -1.39813    0    -1.40749    0.595051     
0    0.723947    0.768405    0.444879    -0.299618    0     
0.242856    0    0    0    -0.621191    0     
0.532226    -0.648955    -0.111462    -2.43483    -4.21765    -1.95144     
0.354817    -0.432636    -0.074308    -1.62322    -2.81177    -1.30096     
0.236545    -0.288424    -0.0495387    -1.08215    -1.87451    -0.867309     
0.65128    -1.65439    -1.39688    0    -1.23229    -0.773422     
0    -0.662837    -0.586482    0    -0.177214    -0.149137     
0    0.358951    0.56274    0    0.327217    0     
0    0    0    0    0    0     
0    -2.25288    -1.22599    -0.549996    -3.90823    -1.36663     
0    -0.93448    -0.249559    0.30625    -2.81336    0.379716     
0    -0.622986    -0.166372    0.204167    -1.87557    0.253144     
0    -0.415324    -0.110915    0.136111    -1.25038    0.168762     
0    -0.276883    -0.0739433    0.0907407    -0.833589    0.112508     
0    -0.184589    -0.0492955    0.0604938    -0.555726    0.0750055     
0.493583    -1.77284    -1.58583    0    -0.448477    -0.140561     
0    -1.01894    -0.79197    0    0.805563    0.43376     
0    0.11991    0.412034    0    0    0     
0    0.890269    0    0    0.633599    0.372651     
0    -0.661479    -1.40524    0.86947    -1.44891    0.865994     
0    0.162765    -0.322526    0    -1.25839    0     
0    0    0    0.84325    0.198494    -0.133475     
-2.73159    -2.96385    -3.33847    -3.16782    -5.36416    -1.22833     
-1.82106    -1.9759    -2.22565    -2.11188    -3.57611    -0.818884     
-1.21404    -1.31727    -1.48376    -1.40792    -2.38407    -0.545922     
-0.315776    -2.69441    -2.59603    0    -1.68564    -0.648434     
0    -1.75093    -1.65841    0    -0.091003    0.0653988     
0    -0.583785    -0.452577    0    0.70502    0     
0    0.539859    0    0    0.822765    0.53642     
0    -0.687687    0    0    -1.00428    0     
0    0    0    -0.25785    -1.99115    0     
-2.57743    -2.11861    -1.78678    -3.09319    -7.13971    -1.9466     
-1.71828    -1.4124    -1.19119    -2.06213    -4.75981    -1.29774     
-1.14552    -0.941603    -0.794125    -1.37475    -3.1732    -0.865157     
-0.763682    -0.627735    -0.529416    -0.916501    -2.11547    -0.576771     
-0.0155381    -2.35748    -1.76929    0    -1.50657    -0.673858     
0    -1.53143    -0.609288    0    0.199609    0.320412     
0    -0.176896    0    0    0    0     
0    -1.64065    -0.107292    0    -2.47516    -0.732115     
0    -0.440832    0    0    -0.818496    0     
0    0.61913    0    -0.670802    -2.87292    -0.13931     
-1.02552    -0.736294    -1.81169    -1.57092    -4.89031    -0.00806731     
-0.683679    -0.490863    -1.20779    -1.04728    -3.2602    -0.00537821     
-0.455786    -0.327242    -0.805194    -0.698189    -2.17347    -0.00358547     
-0.303857    -0.218161    -0.536796    -0.465459    -1.44898    -0.00239031     
0.291012    -2.08443    -1.92139    0    -1.19134    -0.481371     
0    -1.44628    -0.939906    0    0.174074    0.289746     
0    -0.259073    0.520698    0    0.764693    0     
0    0.385828    0    0    0.551    0.271162     
0    -1.10818    0    0    -1.24767    0     
0    -0.418176    0    -0.754658    -3.1489    0.631159     
-0.955427    -1.62551    -1.65094    -1.56981    -4.92364    0     
-0.484464    -1.02141    0.0033439    -0.545925    -3.79399    -1.35949     
-0.322976    -0.680943    0.00222927    -0.36395    -2.52933    -0.906324     
-0.215317    -0.453962    0.00148618    -0.242633    -1.68622    -0.604216     
0.350038    -2.24163    -1.39673    0    -1.3495    -1.05352     
0    -1.71771    -0.268048    0    -0.0193472    0.0936319     
0    -0.6148    0    0    0.50597    0     
0    -1.23348    0    0    -1.19385    0     
0    -1.39212    0    0    -2.12231    0     
0    0.700066    0    0.631252    -2.20966    0     
-0.0758046    0.220989    0    0    -3.39205    0     
0    0.890566    0.892578    -0.376098    -3.10172    -0.36901     
0    0    0    0    -2.00887    0     
0.584996    -1.30687    -1.22974    -2.96992    -5.1648    -2.11902     
0.88358    -2.81593    -1.58306    0.834585    -3.66856    -1.54668     
0    -3.82198    -1.81861    0    -2.67106    -1.16512     
0    -1.51131    0    0    -0.461373    0     
0    -1.8499    0    0    -1.86126    0     
0    -2.31763    0.608052    0    -3.24859    0.741282     
0    0    0    0    -0.971307    0     
-0.3222    -1.17478    -0.655854    -2.70109    -5.73527    -0.763673     
-0.2148    -0.783188    -0.437236    -1.80073    -3.82351    -0.509115     
-0.1432    -0.522125    -0.291491    -1.20049    -2.54901    -0.33941     
-0.0954667    -0.348084    -0.194327    -0.800323    -1.69934    -0.226273     
0.429939    -2.28913    -1.23975    0    -1.35825    -0.509652     
0    -1.88794    0.207048    0    -0.0395241    0     
0    -0.904797    0    0    -0.00340455    0     
0    -1.22473    0    0    -1.80105    0     
0    -1.86515    0.397983    0    -3.52279    0     
0    0    0    0.482172    -1.90795    0     
-3.15599    -3.08143    -3.47349    -2.96801    -7.91946    -2.77716     
-2.10399    -2.05429    -2.31566    -1.97867    -5.27964    -1.85144     
-1.40266    -1.36952    -1.54377    -1.31911    -3.51976    -1.2343     
-0.935107    -0.913016    -1.02918    -0.879409    -2.34651    -0.822864     
-0.129822    -2.74155    -1.61023    0    -1.7897    -0.989741     
0    -2.25692    -0.0303574    0    -0.121825    0.899192     
0    -0.883288    0    0    0.654732    0     
0    -1.44922    0    0    -0.804378    0     
0    -2.28641    0.0410376    0    -2.2659    0     
0    0    0    0    0.541695    0     
0.24051    -0.834409    -0.943471    -2.86091    -3.52939    -0.426575     
0.16034    -0.556272    -0.628981    -1.90727    -2.35293    -0.284383     
0.106894    -0.370848    -0.41932    -1.27152    -1.56862    -0.189589     
0.0712623    -0.247232    -0.279547    -0.847677    -1.04574    -0.126393     
0.541091    -2.3588    -1.10677    0    -0.922521    -0.719003     
0    -1.58303    0.515978    0    0.883388    0     
0    -0.112063    0    0    0    0.883032     
0    -2.21031    -1.87985    0.820125    -1.87795    0     
0.757595    -2.73978    0.571214    0    -1.54601    0     
0    0.430293    0    0.00504905    0.735942    -0.514403     
-1.12096    -0.945217    -2.0911    -0.581792    -2.28382    0     
-0.362697    -0.478346    0.049769    0.49593    -1.45568    -2.74081     
-0.241798    -0.318897    0.0331793    0.33062    -0.970454    -1.82721     
-0.161199    -0.212598    0.0221196    0.220413    -0.646969    -1.21814     
0.386117    -2.33572    -1.05263    0    -0.672318    -1.2686     
0    -1.52296    0.163601    0    0    0     
0    -0.870157    0    0    0.891521    0.018203     
0    -2.35911    -1.89885    0    -1.26039    0     
0    -0.702607    0    0    0.600655    0     
0    -0.127987    0.377451    -1.0628    -1.14745    -0.247624     
0    0.741807    0    0.0720331    -0.88152    0     
-0.999402    -1.73798    -2.42582    -0.5453    -3.46647    -3.84256     
-0.666268    -1.15865    -1.61721    -0.363533    -2.31098    -2.5617     
-0.444179    -0.772434    -1.07814    -0.242356    -1.54065    -1.7078     
0.197464    -2.70894    -1.86633    0    -1.35744    -1.65318     
0    -2.06925    -0.641228    0    0.297533    0.593205     
0    -0.800347    0    0    0    0     
0    -3.45044    -1.24301    0.825319    -2.66472    -1.50354     
0.493583    -3.64402    -0.642099    0    -2.36859    0.0340132     
0    -0.485864    0    -1.0203    0.0698513    0     
-1.44529    -2.25282    -1.66127    -0.988571    -3.33345    -2.72917     
-0.963527    -1.50188    -1.10751    -0.659048    -2.2223    -1.81945     
-0.642351    -1.00125    -0.738342    -0.439365    -1.48153    -1.21296     
-0.428234    -0.667503    -0.492228    -0.29291    -0.987688    -0.808643     
0.208093    -2.63899    -1.67138    0    -1.15212    -1.08818     
0    -1.95701    -0.769243    0    0.462309    0     
0    -1.32627    0    0    0    -0.274384     
0    -4.42354    -3.60485    -0.598697    -3.19163    0.68176     
0.493583    -4.51316    -2.62094    0    -3.01875    0     
0    -1.70916    0.802984    -0.160038    -0.44458    -1.15436     
0    -0.421436    0    0.422469    -0.502909    0.648677     
-1.66913    -2.7892    -4.11041    -1.52478    -3.53352    -0.604199     
-1.11275    -1.85947    -2.74027    -1.01652    -2.35568    -0.402799     
-0.741835    -1.23964    -1.82685    -0.677678    -1.57045    -0.268533     
-0.000973876    -3.02041    -2.54691    0    -1.6397    -0.73907     
0    -2.41793    -1.47205    0    0.0340547    0     
0    -1.88705    0    0    0.563355    -0.634184     
0    -3.90615    -3.00595    -0.0666915    -2.41131    0     
0.555216    -4.64613    -1.44239    0    -2.6126    -2.71901     
0    -1.43036    0.662047    -1.15581    -0.126347    0.0905277     
0    -0.384748    0    -0.451142    -0.352844    0     
-1.58287    -3.09427    -3.07229    -1.42328    -3.51269    -4.25287     
-1.05525    -2.06285    -2.04819    -0.948851    -2.34179    -2.83525     
-0.703497    -1.37523    -1.36546    -0.632567    -1.5612    -1.89017     
0.0245849    -3.1108    -2.32267    0    -1.63353    -1.75397     
0    -2.53708    -1.30849    0    -0.0163767    0.314487     
0    -1.42747    0.645765    0    0.847977    0     
0    -1.26355    0    0    0    -0.846364     
0    -4.48715    -4.13244    -1.76313    -3.7499    -0.209638     
0    -2.3833    -1.92195    -0.99127    -2.86319    0.846482     
0    -1.58886    -1.2813    -0.660847    -1.9088    0.564321     
0    -1.05924    -0.854198    -0.440565    -1.27253    0.376214     
0    -0.706162    -0.569465    -0.29371    -0.848354    0.250809     
0    -0.470775    -0.379644    -0.195806    -0.565569    0.167206     
0.493583    -2.50783    -1.81973    0    -1.08283    -0.383936     
0    -2.17784    -1.14213    0    0.0517199    0     
0    -1.96216    0.708306    0    -0.0157377    -1.4919     
0    -1.17735    0    0    0.297864    0     
0    -4.21855    -3.22635    -0.367398    -3.30111    -2.96994     
0    -2.26425    -1.63618    -0.180666    -2.59488    -1.01016     
0    -1.5095    -1.09079    -0.120444    -1.72992    -0.673439     
0    -1.00633    -0.727192    -0.0802961    -1.15328    -0.448959     
0    -0.670889    -0.484795    -0.0535307    -0.768854    -0.299306     
0    -0.447259    -0.323196    -0.0356872    -0.51257    -0.199537     
0.493583    -2.49216    -1.89238    0    -1.0475    -0.735018     
0    -2.21942    -1.38196    0    -0.038397    0.575848     
0    -1.37298    -0.404032    0    0.324366    0     
0    -1.69709    0.885631    0    -0.122932    -1.83816     
0    -1.08987    0    0    0.0408362    0.727982     
0    0.139803    0    -2.13095    -1.19031    0     
-2.25648    -2.27422    -2.69844    -3.23589    -4.41524    -4.03222     
-1.50432    -1.51615    -1.79896    -2.15726    -2.94349    -2.68814     
-1.00288    -1.01076    -1.19931    -1.43817    -1.96233    -1.7921     
-0.668587    -0.673843    -0.799539    -0.958782    -1.30822    -1.19473     
0.0478581    -2.64321    -1.99018    0    -1.57793    -1.59165     
0    -1.81889    -0.973657    0    0.0436316    0.199733     
0    -0.235796    0.799778    0    0    0     
0    -1.5587    0    0.701907    -0.768368    -3.01586     
-1.36703    -4.65339    -4.57423    0    -4.3662    -3.01356     
0    -1.01368    -1.27827    -0.98569    -1.09169    0.0427424     
0    0.399295    0.286117    -0.435122    -0.730807    0     
-0.431666    -0.670589    0.826643    0.110413    -1.09996    -3.97145     
-0.287777    -0.447059    0.551095    0.0736087    -0.733307    -2.64763     
-0.191851    -0.298039    0.367397    0.0490724    -0.488871    -1.76509     
0.365682    -2.39268    -1.12806    0    -1.16092    -2.05114     
0    -1.63465    -0.350151    0    0.267956    -0.183703     
0    0.0873877    0    0    0    0     
0.424303    -4.05393    -3.42556    -1.61176    -4.16715    -4.59695     
0.776452    -4.8966    -3.7142    0    -3.81035    -4.02838     
0    -1.18858    -0.702301    -0.988437    -0.756678    -0.616274     
0    0.278111    0.644809    -0.459158    -0.510424    0.524896     
0    0.185407    0.429873    -0.306105    -0.340283    0.34993     
0    0.123605    0.286582    -0.20407    -0.226855    0.233287     
0    0.0824033    0.191055    -0.136047    -0.151237    0.155525     
0.493583    -2.13905    -1.30312    0    -1.13308    -0.860064     
0    -1.49944    -0.525279    0    0.00899747    0.602765     
0    0.116647    0    0    0.779152    0     
0    -1.4175    0    0    -1.64298    0     
0    -2.90846    -1.77072    0    -3.46895    -2.74294     
0    0    0    -0.37374    -0.178039    0     
-5.18272    -4.69073    -4.78178    -4.45881    -6.88227    -6.65219     
-3.45515    -3.12715    -3.18785    -2.97254    -4.58818    -4.43479     
-2.30343    -2.08477    -2.12524    -1.98169    -3.05879    -2.95653     
-1.53562    -1.38985    -1.41682    -1.32113    -2.03919    -1.97102     
-0.530165    -3.18915    -2.43746    0    -2.39172    -2.29079     
0    -1.68646    -1.01828    0    -0.611232    -0.204804     
0    0.427649    0    0    0.634247    0     
0    -1.5046    0    0    -1.70061    0     
0    -2.5671    0    0    -2.93612    0     
0    -0.730178    0    -0.751263    -2.47273    0     
-2.59333    -2.69289    -2.23528    -1.77679    -4.80638    -4.62779     
-1.72889    -1.79526    -1.49018    -1.18453    -3.20425    -3.08519     
-1.15259    -1.19684    -0.993457    -0.789684    -2.13617    -2.05679     
-0.768394    -0.797893    -0.662304    -0.526456    -1.42411    -1.3712     
-0.0186797    -2.79451    -1.95875    0    -1.98166    -1.8544     
0    -1.26433    -0.380652    0    -0.0262219    0.39487     
0    0    0    0    0    0     
-2.89699    -5.65369    -5.38294    -3.31377    -7.10701    -6.77761     
-1.43774    -6.19743    -5.3145    0    -5.93672    -5.52533     
0    -1.25244    -1.20851    -0.759195    -1.53543    -0.981303     
0    0.402301    0.604493    0.243002    -0.916936    0.465255     
0    0.268201    0.402996    0.162002    -0.61129    0.31017     
0    0.1788    0.268664    0.108001    -0.407527    0.20678     
0    0.1192    0.179109    0.0720007    -0.271685    0.137853     
0.493583    -2.34883    -1.60647    0    -1.37984    -0.91502     
0    -1.08015    -0.391141    0    0.325216    0     
0    -0.122639    0    0    0.848933    -1.68281     
0    -1.57869    -3.13424    0.386024    -1.66433    -0.0954812     
0.493583    -2.38029    -2.68701    0    -2.43918    -0.126386     
0    0    0.59485    -0.955196    0.755852    0     
-3.90969    -2.10352    -0.402831    -2.80193    -4.08379    -5.86522     
-2.60646    -1.40235    -0.268554    -1.86795    -2.72253    -3.91015     
-1.73764    -0.934899    -0.179036    -1.2453    -1.81502    -2.60677     
-1.15843    -0.623266    -0.119357    -0.830201    -1.21001    -1.73784     
-0.278701    -2.92483    -1.90861    0    -2.00539    -2.31875     
0    -1.54177    -0.648835    0    -0.0690101    -0.0202872     
0    0.521788    0    0    0    0     
-0.967679    -4.11772    -3.88721    -1.40639    -4.53357    -5.6997     
-0.151536    -5.25446    -4.51545    0    -4.22713    -5.0434     
0    -0.616136    -0.418347    -0.925867    -0.380511    -0.568749     
0    0.632073    0.719464    -0.252064    -0.561741    0.414321     
0    0.421382    0.479643    -0.168043    -0.374494    0.276214     
0    0.280921    0.319762    -0.112029    -0.249663    0.184143     
0    0.187281    0.213175    -0.0746857    -0.166442    0.122762     
0.493583    -2.38446    -1.78185    0    -1.31571    -1.16176     
0    -1.17332    -0.467387    0    0.423    0.869502     
0    0.760617    0    0    0    0     
-1.01582    -4.20208    -4.16486    -1.90285    -5.16086    -6.08029     
-0.18363    -5.3107    -4.75722    0    -4.73902    -5.32983     
0    -0.745612    -0.49649    -0.945665    -0.624695    -0.805869     
0    0.577645    0.574865    -0.331351    -0.852477    0.144193     
0    0.385097    0.383243    -0.2209    -0.568318    0.0961287     
0    0.256731    0.255496    -0.147267    -0.378879    0.0640858     
0    0.171154    0.17033    -0.098178    -0.252586    0.0427239     
0.493583    -2.39522    -1.8671    0    -1.46684    -1.24782     
0    -1.2939    -0.54777    0    0.33488    0.650466     
0    0.589599    0    0    0    0     
-1.38879    -4.59006    -4.61316    -2.3193    -5.28771    -6.55562     
-0.432279    -5.56936    -5.1141    0    -4.83505    -5.66973     
0    -0.8314    -0.621253    -0.87635    -0.616084    -0.981347     
0    0.434773    0.559376    -0.240749    -0.775316    0.0886041     
0    0.289849    0.372918    -0.1605    -0.516877    0.0590694     
0    0.193232    0.248612    -0.107    -0.344585    0.0393796     
0    0.128822    0.165741    -0.0713332    -0.229723    0.0262531     
0.493583    -2.42344    -1.92816    0    -1.46305    -1.28181     
0    -1.22267    -0.50415    0    0.387211    0.68494     
0    0.651177    0    0    0    0     
-1.7209    -4.91985    -4.83302    -2.63368    -5.7429    -7.08865     
-0.653686    -5.78922    -5.35986    0    -5.33597    -6.17231     
0    -0.950337    -0.691527    -0.856581    -0.955476    -1.39446     
0    0.376498    0.44692    -0.167975    -0.996253    -0.14637     
0    0.250999    0.297947    -0.111983    -0.664169    -0.0975802     
0    0.167333    0.198631    -0.0746556    -0.442779    -0.0650535     
0    0.111555    0.132421    -0.0497704    -0.295186    -0.043369     
0.493583    -2.43495    -2.04957    0    -1.70416    -1.47546     
0    -1.16747    -0.597615    0    -0.0413149    0.36189     
0    0.775616    0    0    0.795615    0     
-0.399458    -2.96593    -3.63533    -0.101637    -3.55739    -5.37053     
0.227278    -4.4866    -4.57199    0    -3.87896    -5.08865     
0    -0.0277381    -0.15519    -0.831259    -0.0422072    -0.631294     
0    0    0.785533    -0.0728316    -0.424181    0.368671     
-2.85512    -2.02393    -1.97032    -2.83953    -3.88479    -1.99858     
-1.90342    -1.34929    -1.31355    -1.89302    -2.58986    -1.33239     
-1.26894    -0.899526    -0.875697    -1.26201    -1.72657    -0.888257     
-0.35238    -3.04084    -2.73223    0    -2.65842    -2.10047     
0    -1.49119    -1.00208    0    -0.676752    -0.0714388     
0    0.757798    0    0    0.357325    0     
-0.729438    -2.81768    -3.63602    -0.294019    -3.88798    -5.64551     
0.00729099    -4.31961    -4.64058    0    -4.09936    -5.27521     
0    0.101302    -0.0231275    -0.81132    -0.0288307    -0.623083     
0    0    0    -0.142417    -0.312548    0.310726     
-5.77177    -5.38461    -7.95503    -6.04159    -7.39107    -4.14212     
-3.84785    -3.58974    -5.30335    -4.02773    -4.92738    -2.76141     
____________________________________
Sun Apr  7 13:06:18 2024


PARAMETERS
NUMBER_NEURON = 6
VOLTAGE_TRESHOLD = 0.9
LEARNING_RATE = 0.1
LEAK_RATE = 1.5
TIME_ITERATION = 500
ITERATION_SPIKE_IN = 5
THRESHOLD_COORDINATES = 0.047
THRESHOLD_GYROSCOPE = 0.03  0.03  1.9   
0.0568833    0.149964    0.875478    0.848144    0.555519    0.00994797     
0.0948055    0.249939    0    0    0    0.0165799     
0    0    0    0    0    0     
0    0    0    0    0    0     
0.634406    0.118906    0.240956    0    0    0.538679     
0.69231    -0.303889    0.774015    0    0.481448    -0.384888     
0.453035    0.0378731    0    0.587265    0.748677    -0.628397     
0.704933    0.33901    -0.167071    0.436595    0    0.265626     
0.844515    -0.0703576    -0.366013    0.543726    0.121387    0.167753     
0.56301    -0.0469051    -0.244009    0.362484    0.0809244    0.111835     
0.37534    -0.03127    -0.162673    0.241656    0.0539496    0.074557     
0.30711    -0.229662    0.4255    0.592129    0.129642    -0.242744     
0.261623    -0.361923    0.817616    0.825777    0.180104    -0.454278     
0.231299    -0.450097    0    0    0.213745    -0.5953     
0    0.153495    0    0.61079    0    0.141985     
0    -0.190636    0    0    0    0     
0.59903    -0.513874    0.213805    0    0    0     
0.383233    -1.19436    0.172708    0    0.0700295    -0.418145     
0.3895    -0.824457    0.564881    0.424721    0.647718    -0.511426     
0.259667    -0.549638    0.376587    0.283148    0.431812    -0.340951     
0.173111    -0.366425    0.251058    0.188765    0.287874    -0.227301     
0.172291    -0.453098    0    0.418295    0.249957    -0.671538     
0.772065    0.0341887    0    0.685139    0    0.0708222     
0    -0.0997855    0.735216    0    0.844535    0.568038     
0.354657    -0.151614    0    0.78056    0    0.661307     
0    -0.202527    0.880619    0    0    0     
0.0946675    -1.11564    0.892105    0    0.42534    0.380822     
0.329407    -0.38374    0    0.348319    0.884279    0.212683     
0    0.380305    -0.0369148    0.394142    0    0     
-0.395391    -1.36505    -0.854753    0.761639    -0.542629    0.165081     
-0.263594    -0.910035    -0.569835    0.507759    -0.361752    0.110054     
-0.118846    -0.815505    0.822571    0.575433    -0.274406    -0.664311     
-0.0223472    -0.752485    0    0.620549    -0.216176    -1.18056     
0.849048    -0.046832    0    0.889259    0.834808    -0.235601     
0    0.479499    0    0    0    0.45859     
0    -0.477938    0    0    0    0.858403     
0.720145    -1.29697    -0.533177    0.268097    0    0     
0.0318641    -1.93393    -1.17742    0.331624    -1.11315    -0.636035     
0.0212427    -1.28929    -0.784948    0.221082    -0.742097    -0.424024     
0.0141618    -0.859526    -0.523299    0.147388    -0.494731    -0.282682     
0.00944122    -0.573017    -0.348866    0.0982589    -0.329821    -0.188455     
0.0631775    -0.590826    0    0.152943    -0.495898    -0.814702     
0    -0.195545    0    0.381476    0.184851    0.0357514     
0    -0.519307    0    0.766161    0    0     
0.236574    -2.15819    -0.0526738    0.554001    -0.482739    0.114823     
0.214599    -1.64761    0    0.456771    -0.669508    -0.634087     
0    -0.61874    0.061038    0.453822    0.477741    0.834246     
0    -1.12514    -0.216388    0.274007    0.548747    0     
-0.61683    -1.0542    -0.379825    0.412855    -0.258615    -0.11187     
-0.41122    -0.702801    -0.253217    0.275236    -0.17241    -0.07458     
-0.274147    -0.468534    -0.168811    0.183491    -0.11494    -0.04972     
-0.125881    -0.521171    0    0.209764    -0.424309    -0.674482     
0.846104    -0.00213573    0    0.386351    0.339088    0.214958     
0    0.414405    0    0.517306    0    0.89175     
0    0.0971681    0    0    0    0     
0.578496    -0.829065    0    0.489412    0.314067    0.120958     
0    0.223497    0.219799    0.62697    0    0     
-0.548018    -1.76355    -1.34649    0.489722    -1.29686    -0.388434     
-0.365346    -1.1757    -0.89766    0.326481    -0.864572    -0.258956     
-0.243564    -0.783799    -0.59844    0.217654    -0.576381    -0.172638     
-0.162376    -0.522533    -0.39896    0.145103    -0.384254    -0.115092     
-0.0513672    -0.55717    0    0.0544268    -0.578236    -0.87269     
0    0.268561    0    0.297159    0.523183    0.156933     
0    0.396976    0    0.835642    0    0     
0.460836    -1.12968    0.284116    0.469497    -0.789641    -0.132081     
0.364107    -0.961932    0    0.27069    -0.853581    -0.921227     
0    0.306137    0.358756    0.359082    0.560012    0.820463     
0    -0.330899    -0.166872    0.644761    0.774725    0.788617     
0    -0.220599    -0.111248    0.429841    0.516483    0.525745     
0    -0.147066    -0.0741653    0.286561    0.344322    0.350497     
0    -0.0980442    -0.0494435    0.19104    0.229548    0.233664     
0.0568833    -0.274178    0    0.0850518    -0.174121    -0.677396     
0    0.628382    0    0.22242    0.743291    0.211561     
0    0.780681    0    0.869237    0    0     
0.28541    -1.01949    0.273809    0.487643    -1.21401    -0.452325     
0.247157    -0.888476    0    0.282787    -1.27922    -1.25495     
0    0.406061    0.462782    0.407828    0.244012    0.714029     
0    -0.207407    -0.0399061    0.780122    0.508413    0.710729     
0    -0.138271    -0.0266041    0.520082    0.338942    0.473819     
0    -0.0921807    -0.017736    0.346721    0.225961    0.315879     
0    -0.0614538    -0.011824    0.231147    0.150641    0.210586     
0.0568833    -0.249784    0    0.11179    -0.369454    -0.813012     
0    0.649033    0    0.335857    0.413712    0.102979     
0    0.837533    0    0    0    0     
0.0213482    -1.11635    0.617681    -0.214979    -1.16777    -1.16348     
0.0711155    -0.953048    0    -0.187321    -1.40849    -1.75809     
0    0.445603    0.393636    0.286227    0.145811    0.390643     
0    -0.212308    -0.0149096    0.678799    0.487766    0.515269     
0    -0.141538    -0.00993971    0.452533    0.325177    0.343513     
0    -0.094359    -0.00662648    0.301689    0.216785    0.229009     
0    -0.062906    -0.00441765    0.201126    0.144523    0.152672     
0.0568833    -0.250752    0    0.0900816    -0.533628    -0.880652     
0    0.728319    0    0.525092    0.179817    0.0106516     
0    0    0    0    0    0     
-0.0570737    -1.58951    0.119458    -0.107608    -1.84279    -1.57554     
0.0188342    -1.30255    0    -0.215789    -2.04058    -2.17237     
0    0.221699    0.323396    0.516149    -0.270057    0.212566     
0    -0.495024    -0.0158202    0    0.0191763    0.455315     
-0.433967    -0.434699    0.385601    -0.229495    0.372162    -0.329704     
-0.289312    -0.289799    0.257067    -0.152997    0.248108    -0.219803     
-0.192874    -0.193199    0.171378    -0.101998    0.165405    -0.146535     
-0.0716996    -0.371669    0    -0.141291    -0.701791    -1.2197     
0    0.669299    0    0.533971    -0.102488    -0.197368     
0    0.890063    0    0    0.604969    0     
0.619471    0    0    0    0.773153    0     
0    0    0    0.53583    0.068982    -0.247364     
0    0    -0.256055    0    0    0     
-1.88498    -1.72478    -2.17299    -1.10909    -2.56825    -2.13933     
-1.25665    -1.14986    -1.44866    -0.739394    -1.71217    -1.42622     
-0.837768    -0.766571    -0.965775    -0.49293    -1.14145    -0.950815     
-0.558512    -0.511047    -0.64385    -0.32862    -0.760964    -0.633877     
-0.315458    -1.00775    0    -0.208284    -1.51494    -1.38831     
0    0.239531    0    0.712541    -0.717304    -0.102617     
0    0    0    0    0.051294    0     
-0.469052    0.115466    0    0.226945    -1.26478    -0.620075     
0    0    0    0.878905    -0.643718    0.26861     
0    0    -0.764629    0    0.242996    0     
-2.46497    -1.28531    -2.35416    -1.3497    -2.0142    -1.84896     
-1.64331    -0.856873    -1.56944    -0.899797    -1.3428    -1.23264     
-1.09554    -0.571249    -1.04629    -0.599864    -0.895199    -0.821762     
-0.730361    -0.380832    -0.697529    -0.39991    -0.596799    -0.547841     
-0.430024    -1.2484    0    -0.541409    -1.40549    -1.55107     
0    -0.155502    0    0.0584201    -0.741686    -0.523867     
0    0.150906    0    0.841088    -0.133935    0.665259     
0    0.466007    0    0    0.369508    0     
0.319098    0.625276    0    0    0.438257    0     
0.273853    0    0.157791    -0.239655    0    -0.028897     
0.0172188    -0.832806    -1.56422    -1.30661    -0.238952    -1.11317     
0.0114792    -0.555204    -1.04281    -0.87107    -0.159302    -0.742111     
0.0076528    -0.370136    -0.69521    -0.580714    -0.106201    -0.494741     
0.00510186    -0.246757    -0.463473    -0.387142    -0.0708007    -0.329827     
0.0602846    -0.975757    0    -0.546174    -0.807306    -1.44716     
0    0.727971    0    0.158197    0.493679    -0.27739     
0    0    0    0    0    0     
-0.487435    -1.02853    0.587328    -1.86029    -2.68399    -2.8401     
-0.268073    -1.61989    0    -1.54935    -2.6311    -3.39754     
0    0    0.405809    -0.267415    -0.0852601    -0.275259     
-0.355762    -0.355818    -0.225966    -0.135408    -0.161661    0.198576     
-0.237175    -0.237212    -0.150644    -0.0902722    -0.107774    0.132384     
-0.158116    -0.158141    -0.100429    -0.0601815    -0.0718492    0.0882561     
-0.105411    -0.105428    -0.0669528    -0.040121    -0.0478995    0.0588374     
-0.0133907    -0.917701    0    -0.335902    -0.873707    -1.46491     
0    0.707883    0    0.306836    0.244805    -0.417617     
0    0    0    0    0    0     
-1.20253    -2.08973    0.0817467    -3.14865    -3.74042    -3.37091     
-0.744802    -2.47176    0    -2.66365    -3.63326    -4.02649     
0    0.450322    0.40123    -1.0234    -0.752355    -0.580093     
0    -0.153719    0.495141    -0.326977    -0.500922    0.418168     
0    -0.10248    0.330094    -0.217984    -0.333948    0.278779     
0    -0.0683198    0.220063    -0.145323    -0.222632    0.185853     
0    -0.0455465    0.146709    -0.096882    -0.148421    0.123902     
0.0568833    -1.10898    0    -0.62914    -1.23859    -1.69661     
0    0.351908    0    -0.224553    -0.293866    -0.725784     
0    0    0    0.495305    0.4129    0.828154     
0    -0.00987153    0    0.171634    0.243835    0     
0.356948    -0.767482    0    -0.315447    -1.37017    -0.780027     
0    0    0.209004    0.512369    0.81423    0     
-2.34824    -2.2485    -2.29472    -1.29696    -2.45194    -1.67111     
-1.5655    -1.499    -1.52982    -0.864638    -1.63463    -1.11408     
-1.04366    -0.999332    -1.01988    -0.576425    -1.08975    -0.742717     
-0.695776    -0.666222    -0.679918    -0.384283    -0.726501    -0.495145     
-0.406967    -1.70047    0    -0.820741    -1.62398    -2.26451     
0    -0.15239    0    -0.313834    -0.457008    -1.26005     
0    0.293285    0    0.210593    0.0754276    0.126106     
0    0.664168    0    0.654493    0.556037    0     
0.302737    -0.461141    0    -0.354031    -1.50956    -1.04679     
0    0    0.248846    0.614976    0.8546    0     
-2.56315    -2.83934    -2.87187    -1.68943    -2.83322    -2.14702     
-1.70877    -1.8929    -1.91458    -1.12629    -1.88881    -1.43135     
-1.13918    -1.26193    -1.27639    -0.750857    -1.25921    -0.954232     
-0.759452    -0.841287    -0.850924    -0.500571    -0.839472    -0.636155     
-0.449418    -2.00655    0    -0.898266    -1.6993    -2.56792     
0    -0.448407    0    -0.255707    -0.318114    -1.56004     
0    -0.313201    0    0.364601    0.253055    -0.286092     
0    -0.148155    0    0.892264    0.780681    0.642604     
0    0.102808    0    0    0    0     
-0.872662    -1.2684    -3.32429    -2.71685    -2.72845    -1.63654     
-0.581775    -0.845599    -2.21619    -1.81123    -1.81897    -1.09103     
-0.38785    -0.563733    -1.47746    -1.20749    -1.21264    -0.727353     
-0.258567    -0.375822    -0.984975    -0.804993    -0.80843    -0.484902     
-0.172378    -0.250548    -0.65665    -0.536662    -0.538953    -0.323268     
-0.0580351    -1.61272    0    -1.09655    -1.59362    -2.5498     
0    -0.150099    0    -0.481341    -0.20334    -1.52397     
0    0.0257663    0    0.301498    0.361492    -0.203808     
0    0.282952    0    0    0.762967    0.706681     
0    0.017767    0    -0.93699    0.374803    -0.284293     
0    0    0.0311189    0.719474    0    0     
-3.11074    -4.33496    -5.25495    -2.88815    -5.57829    -3.85863     
-2.07383    -2.88997    -3.5033    -1.92544    -3.71886    -2.57242     
-1.38255    -1.92665    -2.33554    -1.28362    -2.47924    -1.71495     
-0.921701    -1.28443    -1.55702    -0.85575    -1.65283    -1.1433     
-0.557584    -2.48308    0    -1.41347    -2.53426    -3.26603     
0    -0.761715    0    -0.599166    -0.946803    -2.099     
0    -0.483324    0    0.300285    -0.317455    -0.837692     
0    -0.23956    0    0    0.228825    0.0955827     
0    0.786089    0    0    0    -0.0225947     
0    0    -1.27948    -1.2223    0.130989    0.598803     
-0.815361    -1.36006    -1.71841    -1.27663    -1.00125    0.286559     
-0.543574    -0.906708    -1.1456    -0.851086    -0.6675    0.191039     
-0.362383    -0.604472    -0.763736    -0.567391    -0.445    0.12736     
-0.241589    -0.402982    -0.509157    -0.37826    -0.296667    0.0849064     
-0.104176    -1.89099    0    -1.1943    -1.63731    -2.44723     
0    0.115003    0    -0.466384    0.160151    -1.25005     
0    0    0    0.450186    0    0.167697     
0    -1.52821    0.531835    -1.38486    -2.11914    -1.51727     
0.0568833    -3.29253    0    -1.49886    -3.14308    -3.04961     
0    0.827404    0.315654    0.28207    0.583035    0.772018     
0    -0.0315154    0.544674    0.593774    0.214188    0     
-1.87592    -1.35296    -1.37951    -1.07097    -2.15483    -2.10597     
-1.25062    -0.901971    -0.919675    -0.713977    -1.43656    -1.40398     
-0.833744    -0.601314    -0.613117    -0.475985    -0.957704    -0.935987     
-0.498946    -2.04225    0    -1.25945    -2.13778    -3.02944     
0    0.0274527    0    -0.407338    -0.16135    -1.52627     
0    0    0    0.644879    0    0.101523     
0.848589    -1.72764    0.446085    -1.27407    -2.28526    -1.53324     
0.622609    -2.80642    0    -1.79151    -3.14144    -3.42761     
0    0    0.396545    0.22526    0.665236    0.542709     
-1.04467    -1.40797    -0.559162    -0.310914    -0.605621    0.136285     
-0.696446    -0.938644    -0.372775    -0.207276    -0.403747    0.090857     
-0.464297    -0.625763    -0.248516    -0.138184    -0.269165    0.0605713     
-0.309532    -0.417175    -0.165678    -0.0921227    -0.179443    0.0403809     
-0.149471    -1.88629    0    -1.00355    -1.73757    -2.37853     
0    0.0856229    0    -0.130776    0.0335563    -1.08364     
0    0.892891    0    0    0    0.36668     
0    -0.654226    0    -2.72254    -1.41152    -1.91676     
0    0.23555    0    -1.08543    -0.00758106    -0.313563     
0    0    0.89027    0    0    0     
-5.03001    -5.03241    -4.86532    -5.52624    -6.00962    -6.02274     
-3.35334    -3.35494    -3.24355    -3.68416    -4.00641    -4.01516     
-2.23556    -2.23663    -2.16237    -2.45611    -2.67094    -2.67677     
-1.49037    -1.49108    -1.44158    -1.6374    -1.78063    -1.78451     
-0.9367    -2.61805    0    -2.27588    -3.04608    -3.68877     
0    -0.379734    0    -1.18155    -0.953825    -2.0191     
0    0.612171    0    -0.0550373    0.386447    -0.441805     
0    0    0    0.754185    0    0.676682     
0.629928    -2.2744    0.013861    -1.54823    -2.76617    -1.54072     
0.419952    -1.51627    0.00924064    -1.03215    -1.84411    -1.02714     
0.279968    -1.01084    0.00616043    -0.688103    -1.22941    -0.684763     
0.186645    -0.673896    0.00410695    -0.458735    -0.819606    -0.456509     
0.12443    -0.449264    0.00273797    -0.305824    -0.546404    -0.304339     
0.0829535    -0.299509    0.00182531    -0.203882    -0.36427    -0.202893     
0.112186    -1.9143    0    -1.3202    -2.24864    -2.63436     
0    0.0180758    0    -0.455699    -0.485057    -1.18985     
0    0    0    0.548117    0.537869    0.211021     
0    -0.611764    0    -0.0428982    -0.0921777    -0.0637705     
0    0.167426    0    0.661787    0.676824    0     
0.463467    0    -1.18013    0.534219    0.398335    0     
-2.65763    -2.47063    -4.21194    -2.24379    -3.27592    -3.24973     
-1.77175    -1.64708    -2.80796    -1.49586    -2.18395    -2.16649     
-1.18117    -1.09806    -1.87197    -0.99724    -1.45597    -1.44432     
-0.787447    -0.732037    -1.24798    -0.664827    -0.970644    -0.962883     
-0.468081    -2.35174    0    -1.6275    -2.65289    -3.11483     
0    -0.359728    0    -0.697933    -0.889473    -1.40232     
0    0.393419    0    0.203118    0.0172797    0.0368227     
0    0    0    0.842791    0.691603    0     
-0.60437    -2.23798    0.382005    -1.65036    -2.76854    -2.70068     
-0.402913    -1.49199    0.25467    -1.10024    -1.8457    -1.80046     
-0.268609    -0.994657    0.16978    -0.733494    -1.23046    -1.2003     
-0.179072    -0.663105    0.113187    -0.488996    -0.82031    -0.800202     
-0.119382    -0.44207    0.0754578    -0.325997    -0.546873    -0.533468     
-0.0795878    -0.294713    0.0503052    -0.217331    -0.364582    -0.355646     
0.00382481    -2.19628    0    -1.32917    -2.24885    -2.89026     
0    -0.293983    0    -0.427819    -0.504065    -1.39103     
0    0.410911    0    0.480134    0.40134    0.0326088     
0    0    0    0    0    0     
-2.9428    -4.95428    -2.92102    -6.9042    -6.46045    -6.48073     
-1.96186    -3.30285    -1.94735    -4.6028    -4.30696    -4.32049     
-1.30791    -2.2019    -1.29823    -3.06853    -2.87131    -2.88033     
-0.87194    -1.46793    -0.865488    -2.04569    -1.91421    -1.92022     
-0.581293    -0.978623    -0.576992    -1.36379    -1.27614    -1.28014     
-0.387529    -0.652415    -0.384661    -0.909195    -0.850758    -0.85343     
-0.201469    -2.43626    0    -1.9721    -2.60125    -3.26665     
0    -0.418067    0    -1.09609    -0.714006    -1.494     
0    0.363492    0    -0.303994    0.318087    0.0651911     
0    0    0    0.332263    0    0     
-2.28305    -5.02611    -2.68833    -4.84056    -6.27786    -5.17191     
-1.52204    -3.35074    -1.79222    -3.22704    -4.18524    -3.44794     
-1.01469    -2.23383    -1.19481    -2.15136    -2.79016    -2.29863     
-0.67646    -1.48922    -0.796541    -1.43424    -1.86011    -1.53242     
-0.450973    -0.992813    -0.531027    -0.95616    -1.24007    -1.02161     
-0.300649    -0.661875    -0.354018    -0.63744    -0.826714    -0.681075     
-0.143549    -2.49196    0    -1.79093    -2.65634    -3.26724     
0    -0.276686    0    -1.01282    -0.779938    -1.67126     
0    0.478332    0    -0.169519    0.265294    -0.205791     
0    0    0    0.434847    0    0.856583     
-0.445499    -3.32625    -0.403325    -3.02806    -3.74388    -2.121     
-0.296999    -2.2175    -0.268883    -2.0187    -2.49592    -1.414     
-0.197999    -1.47833    -0.179255    -1.3458    -1.66395    -0.942665     
-0.132    -0.985555    -0.119504    -0.897202    -1.1093    -0.628443     
-0.0879997    -0.657036    -0.0796691    -0.598134    -0.739532    -0.418962     
-0.0586665    -0.438024    -0.0531127    -0.398756    -0.493021    -0.279308     
0.0177723    -2.38471    0    -1.63181    -2.57951    -2.9994     
0    -0.217305    0    -0.934148    -0.81665    -1.55256     
0    0.515335    0    -0.114524    0.121721    -0.309302     
0    0    0    0.585538    0.875215    0.618089     
0    -1.16121    0    -0.481912    -0.561316    -0.0609245     
0    0    0    0    0    0     
-4.52806    -4.12871    -7.30264    -6.47442    -5.6008    -5.0005     
-3.0187    -2.75247    -4.86843    -4.31628    -3.73387    -3.33367     
-2.01247    -1.83498    -3.24562    -2.87752    -2.48925    -2.22245     
-1.34165    -1.22332    -2.16375    -1.91835    -1.6595    -1.48163     
-0.837547    -3.07148    0    -2.69709    -3.35915    -3.90629     
0    -0.944187    0    -1.72087    -1.54152    -2.50535     
0    -0.349656    0    -0.578887    -0.595346    -1.13046     
0    0.107961    0    0.263267    0.172146    -0.0830629     
0    0.531604    0    0.843945    0.789116    0.779615     
0    0    0    0    0    0     
-4.8766    -4.45738    -7.50557    -6.99622    -5.91802    -5.4891     
-3.25106    -2.97158    -5.00371    -4.66415    -3.94535    -3.6594     
-2.16738    -1.98106    -3.33581    -3.10943    -2.63023    -2.4396     
-1.44492    -1.3207    -2.22387    -2.07296    -1.75349    -1.6264     
-0.906395    -3.22463    0    -2.89249    -3.66631    -4.12216     
0    -0.987785    0    -1.84343    -1.93809    -2.69035     
0    -0.209152    0    -0.561064    -0.744523    -1.29448     
0    0.35026    0    0.379842    0.189477    -0.272954     
0    0.761431    0    0    0    0.509652     
-0.467212    -0.292732    -2.83618    -2.99428    -0.792095    -0.85366     
-0.311475    -0.195155    -1.89079    -1.99619    -0.528063    -0.569106     
-0.20765    -0.130103    -1.26052    -1.33079    -0.352042    -0.379404     
-0.138433    -0.0867355    -0.840349    -0.887194    -0.234695    -0.252936     
-0.0922888    -0.0578237    -0.560233    -0.591463    -0.156463    -0.168624     
-0.00464258    -2.38271    0    -1.9456    -2.74572    -3.15031     
0    -0.476295    0    -1.09235    -1.22598    -2.03075     
0    -0.0282438    0    0.177814    -0.125498    -0.726903     
0    0.341725    0    0    0.686973    0.288113     
0    0.0195744    0    -1.70386    0.227147    -1.34782     
0    0    0    0    0    0     
-5.65389    -5.53249    -8.3909    -7.82791    -6.79604    -6.57626     
-3.76926    -3.68833    -5.59393    -5.21861    -4.53069    -4.38417     
-2.51284    -2.45888    -3.72929    -3.47907    -3.02046    -2.92278     
-1.67523    -1.63926    -2.48619    -2.31938    -2.01364    -1.94852     
-1.05993    -3.55845    0    -3.25996    -4.22817    -4.45213     
0    -1.41437    0    -2.18689    -2.52828    -3.02669     
0    -0.812235    0    -0.915932    -1.43289    -1.74575     
0    -0.260212    0    0.0797697    -0.534727    -0.772909     
0    0.185298    0    0.860455    0.185521    -0.0268924     
0    0    0    0    0    0     
-6.06707    -5.95035    -8.98768    -8.224    -7.37937    -7.12375     
-4.04472    -3.9669    -5.99179    -5.48266    -4.91958    -4.74916     
-2.69648    -2.6446    -3.99452    -3.65511    -3.27972    -3.16611     
-1.79765    -1.76307    -2.66302    -2.43674    -2.18648    -2.11074     
-1.14155    -3.67593    0    -3.47352    -4.59428    -4.68271     
0    -1.36732    0    -2.40327    -2.83903    -3.17238     
0    -0.836884    0    -1.17973    -1.70426    -1.84839     
0    -0.365175    0    -0.265832    -0.760992    -0.871193     
0    0.0885656    0    0.367096    -0.0171358    -0.115917     
0    0    0    0    0    0     
-6.38951    -6.43905    -9.69822    -8.50106    -7.79516    -7.68845     
-4.25967    -4.2927    -6.46548    -5.66737    -5.19677    -5.12563     
-2.83978    -2.8618    -4.31032    -3.77825    -3.46451    -3.41709     
-1.89319    -1.90787    -2.87355    -2.51883    -2.30968    -2.27806     
-1.20524    -3.80758    0    -3.56657    -4.69155    -4.95751     
0    -1.42191    0    -2.40879    -2.71794    -3.25327     
0    -0.479483    0    -1.0687    -1.34982    -1.93919     
0    0.23595    0    -0.0926218    -0.380673    -0.996719     
0    0.822944    0    0.663429    0.366119    -0.31234     
0    0    0    0    0    0     
-7.0894    -6.83651    -10.1547    -8.82997    -8.56233    -7.93308     
-4.72627    -4.55767    -6.76982    -5.88664    -5.70822    -5.28872     
-3.15084    -3.03845    -4.51322    -3.92443    -3.80548    -3.52582     
-2.10056    -2.02563    -3.00881    -2.61629    -2.53699    -2.35054     
-1.34349    -4.11346    0    -3.73917    -4.87915    -5.25535     
0    -1.69696    0    -2.34894    -2.57723    -3.69464     
0    -0.743755    0    -0.967673    -1.19084    -2.31897     
0    0.0647343    0    -0.000267895    -0.213549    -1.25873     
0    0.694851    0    0.689117    0.593447    -0.457785     
0    0    0    0    0    0     
-7.91392    -6.82792    -10.4118    -9.60254    -9.19837    -8.82191     
-5.27595    -4.55195    -6.94118    -6.4017    -6.13225    -5.88127     
-3.5173    -3.03463    -4.62745    -4.2678    -4.08817    -3.92085     
-2.34487    -2.02309    -3.08497    -2.8452    -2.72544    -2.6139     
-1.50636    -4.20538    0    -4.12129    -5.07726    -5.60974     
0    -1.71874    0    -2.86389    -2.76919    -4.13058     
0    -0.572602    0    -1.67038    -1.48245    -2.76743     
0    0.30675    0    -0.698605    -0.573198    -1.81043     
0    0    0    0.0791063    0.134137    -1.1304     
0.359651    0    -1.57705    0.163728    0.867424    0.562251     
-2.14072    -2.60617    -4.13016    -2.15387    -2.15952    -1.91176     
-1.42715    -1.73745    -2.75344    -1.43591    -1.43968    -1.2745     
-0.951433    -1.1583    -1.83563    -0.957274    -0.959789    -0.84967     
-0.634289    -0.772199    -1.22375    -0.638183    -0.639859    -0.566446     
-0.365976    -3.44106    0    -2.64994    -3.68687    -4.24477     
0    -1.15435    0    -1.80142    -1.81174    -3.12525     
0    0.107795    0    -0.794722    -0.69498    -2.04421     
0    0    0    -0.0261425    0.234133    -1.21153     
0.300133    -1.99527    0    -2.04201    -2.31871    -3.35629     
0    0    0    0    0    0     
-8.70887    -7.22957    -10.8161    -10.251    -9.60594    -9.73599     
-5.80591    -4.81971    -7.21071    -6.83397    -6.40396    -6.49066     
-3.87061    -3.21314    -4.80714    -4.55598    -4.26931    -4.32711     
-2.58041    -2.14209    -3.20476    -3.03732    -2.84621    -2.88474     
-1.66339    -4.61188    0    -4.39623    -5.35957    -6.04929     
0    -2.31819    0    -3.16967    -2.86868    -4.48424     
0    -1.22916    0    -1.91341    -1.48566    -3.30585     
0    -0.402859    0    -0.989432    -0.452675    -2.37853     
0    0.277548    0    -0.298071    0.348977    -1.66403     
0    0    0    0    0    0     
-8.99271    -7.82377    -10.8464    -10.7977    -9.99915    -10.1115     
-5.99514    -5.21584    -7.23096    -7.19847    -6.6661    -6.741     
-3.99676    -3.47723    -4.82064    -4.79898    -4.44407    -4.494     
-2.66451    -2.31815    -3.21376    -3.19932    -2.96271    -2.996     
