NOOOOOOOTTTTT________________________________________________________________________
Wed Apr  3 14:04:03 2024


PARAMETERS
NUMBER_NEURON = 6
VOLTAGE_TRESHOLD = 1.2
LEARNING_RATE = 0.1
LEAK_RATE = 1.5
TIME_ITERATION = 500
ITERATION_SPIKE_IN = 5
THRESHOLD_COORDINATES = 0.03
THRESHOLD_GYROSCOPE = 0.03  0.03  1.9   
____________________________________
Wed Apr  3 14:04:03 2024


PARAMETERS
NUMBER_NEURON = 6
VOLTAGE_TRESHOLD = 1.2
LEARNING_RATE = 0.1
LEAK_RATE = 1.5
TIME_ITERATION = 500
ITERATION_SPIKE_IN = 5
THRESHOLD_COORDINATES = 0.03
THRESHOLD_GYROSCOPE = 0.03  0.03  1.9   
0.493583    0.972775    0.292517    0.771358    0.526745    0.769914     
0.822638    0    0.487528    0    0.877908    0     
0    0    0    0    0    0     
0    0    0    0    1.07651    0     
0    0    0    0    0    0     
0    0    0    1.06936    0.261643    0     
0.297855    0.454298    0.404057    0.864316    -0.573992    0.703066     
0.19857    0.302866    0.269371    0.576211    -0.382661    0.46871     
0.13238    0.20191    0.179581    0.384141    -0.255108    0.312474     
0.0882534    0.134607    0.119721    0.256094    -0.170072    0.208316     
0.0588356    0.0897379    0.0798137    0.170729    -0.113381    0.138877     
0.532807    0.983513    -0.0321512    0.541539    0.110921    0.662975     
0.848787    0    -0.106795    0.788746    0.260456    1.01237     
1.11836    1.11548    0.0817153    0    0.591957    0     
0    0    0    1.08227    0.498425    1.18315     
0.754592    0.957491    -0.412557    0.93456    -0.103274    0     
0.756648    1.06725    0.452496    1.1393    0.103886    0     
0.504432    0.711501    0.301664    0.759536    0.0692571    0     
0.336288    0.474334    0.201109    0.506357    0.0461714    0     
0.224192    0.316223    0.134073    0.337572    0.0307809    0     
0.149461    0.210815    0.0893819    0.225048    0.0205206    0     
0.593224    1.08471    -0.16465    0.769706    0.200189    0.732954     
0.889066    0    -0.334005    1.13281    0.319968    0     
0    0    0.708721    0    1.0255    0     
1.1723    0    0    1.08563    0.557346    0     
0    0.980078    -0.0572918    1.01133    0.192372    1.02162     
0    0.719937    0.102119    0.545224    -0.24101    0.732234     
0    0.479958    0.0680795    0.363483    -0.160673    0.488156     
0    0.319972    0.0453863    0.242322    -0.107116    0.325437     
0    0.213315    0.0302576    0.161548    -0.0714104    0.216958     
0    0.14221    0.0201717    0.107699    -0.0476069    0.144639     
0.493583    0.858986    -0.393976    0.518383    0.154771    0.728121     
0.822638    0    -0.670075    0.792172    0.289689    1.11711     
0.770604    0.804117    -0.770824    1.163    0.496184    0     
0    0    0.0476221    0    0.62529    0.695355     
0.661802    0.638098    0.0966128    0.194804    -0.134656    0     
0.958579    0    1.11578    0.813302    0.0442901    0     
0.528055    0    0.794787    0.627569    0.228253    0.833036     
0.352037    0    0.529858    0.418379    0.152168    0.555357     
0.234691    0    0.353239    0.27892    0.101446    0.370238     
0.156461    0    0.235492    0.185946    0.0676304    0.246825     
0.59789    0.888024    -0.250429    0.555052    0.231596    0.982121     
0.892176    0    -0.574377    0.801123    0.340906    0     
0    0    0.517442    0    1.0933    0     
0    0    0    0.714443    0.370033    0     
1.19161    0    0.358058    0.563813    -0.0359139    0     
0    0.978217    0    0    0.731153    0.985179     
0.234734    -0.207597    -0.220745    -1.21781    -1.20049    0.155279     
0.156489    -0.138398    -0.147164    -0.811871    -0.800324    0.103519     
0.104326    -0.0922651    -0.098109    -0.541247    -0.533549    0.0690128     
0.0695509    -0.0615101    -0.065406    -0.360831    -0.355699    0.0460086     
0.53995    0.929189    -0.501478    -0.00900502    -0.0506241    0.984678     
0.85355    0    -0.792192    0.225546    0.152759    0     
0    0    0.595    0    0    0     
0    0.848462    0    0.558552    -0.137335    0     
0    0    0.97408    0.498406    -0.445567    1.07209     
-0.113617    -0.56079    1.15228    0.587009    -0.294637    0     
0    0.872063    0    0    0.492326    0     
0.0597298    -0.733794    -0.689617    -1.45507    -1.5595    -0.393829     
0.0398199    -0.489196    -0.459745    -0.970047    -1.03966    -0.262553     
0.0265466    -0.32613    -0.306496    -0.646698    -0.69311    -0.175035     
0.511281    0.95944    -0.604649    -0.504718    -0.351072    0     
0    0    0.733075    1.00507    0.57907    0     
0    0    0    0    1.06522    0     
0    0.121371    -0.326863    -0.292869    -0.522138    0     
0    0    0.733353    0.813537    -0.276154    0     
0.864257    -0.0147358    0    0    -0.0553209    0.161089     
0.836882    -0.78268    -0.181822    -0.670438    -1.24185    -0.172962     
0.557921    -0.521787    -0.121214    -0.446959    -0.8279    -0.115308     
0.371948    -0.347858    -0.0808096    -0.297972    -0.551934    -0.0768721     
0.247965    -0.231905    -0.0538731    -0.198648    -0.367956    -0.051248     
0.658893    0.753329    -0.578525    -0.037633    -0.134303    0     
0    0    0.728843    0    0.827504    0     
0    0.232847    1.0312    0.540759    -0.0617199    1.17907     
0.493583    0.343237    0.2532    0.067237    -0.775008    0     
0    0    0    0    0.573446    0     
0.575188    -1.3489    0.012817    -0.145099    -0.82869    -0.796398     
0.383459    -0.899269    0.00854466    -0.0967329    -0.55246    -0.530932     
0.255639    -0.599512    0.00569644    -0.0644886    -0.368307    -0.353955     
0.170426    -0.399675    0.00379763    -0.0429924    -0.245538    -0.23597     
0.113617    -0.26645    0.00253175    -0.0286616    -0.163692    -0.157313     
0.569328    0.450419    -0.600025    -0.171896    0.00187322    0     
0    0    0.760232    0    1.01614    0     
0.95269    -0.923156    0.457229    0.17297    -0.284165    0.579486     
1.12871    -0.18413    -0.296893    -0.177332    -0.0784421    0     
0    0    0.872297    0    0.922887    0     
0.225491    -1.78484    1.10064    -0.0296171    -0.758654    -1.23398     
0.150327    -1.18989    0.733757    -0.0197447    -0.505769    -0.82265     
0.100218    -0.793263    0.489172    -0.0131631    -0.337179    -0.548433     
0.0668121    -0.528842    0.326114    -0.00877543    -0.224786    -0.365622     
0.0445414    -0.352561    0.21741    -0.00585028    -0.149858    -0.243748     
0.523277    0.186113    -0.456773    -0.353843    0.0110962    0     
0    0    0.808305    1.13574    1.16389    0     
1.17548    -0.734302    0.507395    1.13027    0.488012    0.563962     
0    -0.109419    -0.26345    0.403569    0.436343    0     
0    0.545799    0.528188    1.0074    0.386976    1.1473     
0    -0.760135    0.0457332    0.104682    -0.907499    0.584996     
0    -0.506757    0.0304888    0.0697879    -0.604999    0.389997     
0    -0.337838    0.0203259    0.0465253    -0.403333    0.259998     
0    -0.225225    0.0135506    0.0310168    -0.268889    0.173332     
0    -0.15015    0.00903371    0.0206779    -0.179259    0.115555     
0.493583    0.280016    -0.59569    -0.336157    -0.00850485    0     
0    0    0.822467    0    0    0     
0    -1.85825    0.56771    -0.958682    -1.55293    -0.140869     
0.493583    -1.95574    -0.36536    -1.7534    -2.21902    0     
0    0.552946    1.1544    0.213789    -0.0973481    0     
0    1.19985    0    0    0.571313    -0.0867867     
-0.283768    -1.51913    -1.243    -2.36018    -2.39702    -1.01773     
-0.189179    -1.01276    -0.82867    -1.57346    -1.59801    -0.678488     
-0.126119    -0.67517    -0.552447    -1.04897    -1.06534    -0.452325     
-0.0840795    -0.450114    -0.368298    -0.699314    -0.710227    -0.30155     
0.43753    0.0536669    -0.847244    -0.959715    -0.531125    0     
0    0    1.16528    1.11186    0    0     
0    -0.667111    0    0.892053    -0.0284244    0.577922     
0.735635    -1.27837    -0.363017    -1.11427    -1.65766    0     
0    0    0    0.936433    0.232599    0     
0.89932    -0.945197    0.627166    0.968896    -0.585251    -1.79543     
0.599547    -0.630131    0.418111    0.645931    -0.390167    -1.19695     
0.399698    -0.420087    0.278741    0.43062    -0.260112    -0.79797     
0.266465    -0.280058    0.185827    0.28708    -0.173408    -0.53198     
0.177643    -0.186705    0.123885    0.191387    -0.115605    -0.354653     
0.612012    0.109812    -0.480072    -0.365914    -0.293224    0     
0    0    0    0    1.15176    0     
0.737455    -2.11237    -1.01274    -1.90745    -1.78726    -0.716826     
0.985219    -1.25943    -1.26129    -1.98384    -1.40766    0     
0    1.15033    1.12176    0.356758    0.417365    0     
0    0    0    0    1.11303    0.00982479     
-2.1108    -4.79749    -3.02124    -3.7922    -3.18151    -1.6487     
-1.4072    -3.19833    -2.01416    -2.52814    -2.12101    -1.09914     
-0.938135    -2.13222    -1.34277    -1.68542    -1.41401    -0.732757     
-0.625423    -1.42148    -0.895181    -1.12362    -0.94267    -0.488505     
0.0766341    -0.914007    -1.39213    -1.51192    -0.844601    0     
0    0    0    0.765691    0.927776    0     
0.758422    -2.21914    -0.972508    -0.549478    -0.650364    -0.560588     
0.999198    -1.53439    -1.51577    -1.12916    -0.64973    0     
0    0.996221    1.14323    1.02178    0    0     
0    0.580919    0    0    0.673119    -2.67354     
-1.02717    -3.60643    -2.67222    -4.07756    -3.43117    -4.08189     
-0.684777    -2.40429    -1.78148    -2.71837    -2.28745    -2.72126     
-0.456518    -1.60286    -1.18765    -1.81225    -1.52496    -1.81417     
-0.304345    -1.06857    -0.791769    -1.20817    -1.01664    -1.20945     
0.290686    -0.767343    -1.44303    -1.65991    -0.931567    0     
0    0    1.19721    0.47642    0.878512    0     
0    -1.29799    0    -0.227412    0.143265    -0.129096     
0.227258    -3.1564    -1.00752    -2.85572    -2.21894    0     
0    -0.0151617    0    -0.103338    0.224878    0     
0    0.147781    0    1.00775    0.333946    -0.624346     
0.0694222    -1.68614    0.111539    -0.671319    -1.45976    -0.707935     
0.0462814    -1.1241    0.0743593    -0.447546    -0.973173    -0.471957     
0.0308543    -0.749398    0.0495728    -0.298364    -0.648782    -0.314638     
0.0205695    -0.499598    0.0330486    -0.198909    -0.432521    -0.209758     
0.507296    -0.388027    -0.210511    -0.987075    -0.542152    0     
0    0    0    0    0    0     
0.22544    -4.80299    -1.51888    -3.86846    -3.10941    -2.49848     
0.643876    -3.54136    -1.50737    -3.66639    -2.35926    0.67164     
0.922834    -2.70027    -1.49971    -3.53168    -1.85917    0     
0    0.587013    0    0.582765    0.959368    0     
0.0185948    -1.42556    0.324191    -1.2532    -1.10786    -0.559538     
0.0123966    -0.950372    0.216127    -0.835464    -0.738575    -0.373025     
0.00826437    -0.633581    0.144085    -0.556976    -0.492383    -0.248683     
0.00550958    -0.422387    0.0960564    -0.371317    -0.328256    -0.165789     
0.497256    -0.620959    -0.422427    -1.33496    -0.50516    0     
0    0    0    1.09817    0    0     
