____________________________________
Fri Mar 29 17:38:26 2024


PARAMETERS
NUMBER_NEURON = 6
VOLTAGE_TRESHOLD = 0.5
LEARNING_RATE = 0.1
LEAK_RATE = 1.5
TIME_ITERATION = 500
ITERATION_SPIKE_IN = 5
THRESHOLD_COORDINATES = 0.03
THRESHOLD_GYROSCOPE = 0.05  0.05  1.9   
____________________________________
Fri Mar 29 17:38:26 2024


PARAMETERS
NUMBER_NEURON = 6
VOLTAGE_TRESHOLD = 0.5
LEARNING_RATE = 0.1
LEAK_RATE = 1.5
TIME_ITERATION = 500
ITERATION_SPIKE_IN = 5
THRESHOLD_COORDINATES = 0.03
THRESHOLD_GYROSCOPE = 0.05  0.05  1.9   
0.493583    0    0.292517    0    0    0     
0    0    0    0    0    0     
0    0    0    0    0    0     
0    0    0    0    0    0     
0    0    0    0    -0.10233    0     
0    0    0    0    -0.646077    0     
0.268929    0    0    -0.270569    -1.52657    0     
0.28108    0    0    0.261123    -1.05758    0     
0.28918    0    0    0    -0.744919    0     
0    0    0    0    -0.466445    0     
0    0    0    0    -0.57352    0     
0    0    0    0    -1.20649    0     
0    0    0    0.275058    -2.06832    0     
0    0    0    0    -1.82952    0     
0    0    0    0    -2.07976    0     
0    0.272646    0    0    -2.88339    0     
0    0    0    0    -2.64107    0.183968     
0    0.490932    0    0.287057    -1.73021    0     
0    0    0.401412    0    -1.51314    0     
0    0    0    0    -0.49715    0     
0    0    0    0    -0.321442    0     
0    0    0    0    -0.72263    0     
0    0    0    0    -1.50019    0     
0    0    0.423299    -0.134207    -2.42304    0.425184     
0    0.328549    0    0.0439689    -1.58125    0     
0    0    0    0    -1.27014    0     
0    0    0    0.0802235    -1.61707    0     
0    0    0    0    -0.447699    0     
0    0    0    0.456076    -0.379441    0     
0    0    0    0    0    0     
0    0    0    -0.0203739    -0.104578    0     
0    0    0    0    0    0     
0    0    0    -0.0720757    -0.259824    0     
0    0    0    0    0    0     
0    0    0    -0.599728    -0.397769    0     
0    0    0    0.394543    0    0     
0    0    0    0    0    0     
0    0    0.0723075    -0.708795    -0.038653    0.273729     
0.475513    0.37523    0    0.301871    0    0     
0    0    0    0.236657    0.205499    0.457188     
0    0    0    0    0    0     
0    0    0    -0.22144    0.194281    0     
0    0    0    0    0    0     
0    0    0    -0.183202    0    0     
0    0    0    0    0    0     
0    0    0    -0.733815    -0.298894    0     
0    0    0    0    0    0     
0    0.100314    -0.212957    -0.0835557    -0.184718    -0.59134     
0    0    0    0    0.224219    0     
0    0    0    0    0    0.176895     
0    0.0616866    0    0.421915    0    0     
0    0    0    0    0    0     
0    0    0    -0.619351    0    0     
0    0    0    0.181374    0    0     
0    0    0    0    0    0     
0    0    0    -1.55811    0.132223    0.252142     
0    0    0    0.21532    0    0     
0    0    0    0    0    0     
0    -0.131913    -0.884442    -0.803988    0.372774    -0.757698     
0    0    0.170879    0    0    0     
0    -0.390456    0    0    0    -0.634251     
0    0    0    -0.0707392    0.322766    0     
0    0    0    0    0    0     
0    0    0    0.473208    0    0     
0    0    0    0    0    0     
0    0.364919    0.475338    -0.390843    0.0767429    -0.728764     
0    0    0    0    0    0     
0    -0.352378    0    0    0.0380535    -1.78923     
0.219039    0.184108    0    0    0.0920191    -0.830565     
0.442494    -0.16499    -0.431003    0.0972117    -0.620889    -1.32897     
0.294996    -0.109993    -0.287335    0.0648078    -0.413926    -0.885979     
0    0    0    -0.629984    -0.550374    -0.167454     
0    0    0    0    0    0     
0    0.175586    0    -0.062535    0.0335259    -1.01182     
0    0    0    0    0    0     
0    -0.093056    0.0687935    -0.648787    -0.538258    -1.45942     
0    0    0    0    0    0     
-0.172165    -0.889293    -0.168858    0.0485429    -0.637209    -1.85234     
-0.114776    -0.592862    -0.112572    0.0323619    -0.424806    -1.2349     
-0.0765176    -0.395241    -0.0750479    0.0215746    -0.283204    -0.823264     
-0.0510117    -0.263494    -0.0500319    0.0143831    -0.188803    -0.548842     
0.459575    0.328922    0    -0.899235    -0.843196    -0.491827     
0    0    0    -1.3394    -0.552803    0.224367     
0    0    0    0    0    0     
0.18823    -0.572515    -0.380851    -1.4146    -1.35103    -1.66594     
0    0.473976    0    -1.91227    -1.76555    -1.36634     
0    0    0    0    0    0     
-0.692616    -2.2    -2.27429    -0.792197    -1.13982    -2.05344     
-0.461744    -1.46667    -1.51619    -0.528131    -0.759881    -1.36896     
-0.307829    -0.977777    -1.01079    -0.352087    -0.506587    -0.912641     
-0.20522    -0.651851    -0.673863    -0.234725    -0.337725    -0.608427     
0.35677    0.264324    0    -1.26956    -1.29903    -0.676245     
0    0    0    -1.88218    -0.651441    0.284428     
0    0    0    -0.0197766    0    0     
0    0    0    -0.334794    0    0     
0    0    0    -1.36022    0.165788    0.302457     
0    0    0    0    0    0     
-1.36492    -3.10026    -3.52938    -2.3567    -2.0762    -2.41682     
-0.90995    -2.06684    -2.35292    -1.57113    -1.38413    -1.61121     
-0.606633    -1.37789    -1.56861    -1.04742    -0.922756    -1.07414     
-0.404422    -0.918595    -1.04574    -0.698282    -0.615171    -0.716095     
0.223968    0.19524    0.490645    -1.67861    -1.92487    -1.19517     
0    0    0    -2.33216    -2.798    -1.51456     
0    0    0    -1.15717    -0.802577    0     
0    0    0    0    0    0     
-0.213385    -2.2681    -1.54193    -3.58095    -2.9207    -2.70886     
-0.142256    -1.51207    -1.02796    -2.3873    -1.94713    -1.80591     
-0.0948376    -1.00804    -0.685304    -1.59154    -1.29809    -1.20394     
-0.0632251    -0.672029    -0.456869    -1.06102    -0.865391    -0.802625     
-0.04215    -0.448019    -0.304579    -0.707349    -0.576927    -0.535083     
-0.0281    -0.29868    -0.203053    -0.471566    -0.384618    -0.356722     
0.47485    0    0    -1.7631    -1.95867    -0.78874     
0    0    0    -2.13744    0.0247101    0     
0    0    0    0.195108    0    0     
0    0    0    -0.546437    0    0     
0    0    0    -1.89677    0.440124    0.389293     
0    0    0    0    0    0     
-1.21967    -4.22131    -3.96453    -2.77656    -1.56867    -3.11122     
-0.813115    -2.8142    -2.64302    -1.85104    -1.04578    -2.07414     
-0.542076    -1.87614    -1.76201    -1.23403    -0.697188    -1.38276     
-0.361384    -1.25076    -1.17467    -0.822685    -0.464792    -0.921842     
0.25266    0.282921    0    -2.23044    -2.27044    -1.25181     
0    0    0    -2.8075    -1.92015    -0.233695     
0    0    0    -0.919221    0    0     
0    0    0    -2.287    0    0     
0    0.379364    0    -3.74885    0.089352    0.136548     
0    0    0    0.113254    0    0     
0.0246399    -0.90106    -0.140658    -0.930284    0    0     
-2.2375    -3.10587    -2.97612    -3.92185    -1.4124    -1.94643     
-1.49167    -2.07058    -1.98408    -2.61457    -0.941601    -1.29762     
-0.994446    -1.38039    -1.32272    -1.74304    -0.627734    -0.865078     
-0.169381    0.125691    0    -2.84401    -2.39454    -1.17659     
0    0    0    -3.20911    -1.83434    -0.0208448     
0    0    0    -0.774702    0    0     
0    0    0    -2.45342    0    0     
0    0    0    -4.04621    0.169996    0     
0    0    0    -0.0436801    0    0     
0    -0.202224    0.498731    -0.441702    0    0     
-1.96658    -1.25095    0.0982391    -1.26023    -0.638838    -0.576021     
-1.31105    -0.833968    0.0654927    -0.840152    -0.425892    -0.384014     
-0.874034    -0.555978    0.0436618    -0.560101    -0.283928    -0.256009     
-0.0891065    0    0    -2.05538    -2.10858    -0.60616     
0    0    0    -2.27413    0    0     
0    0    0    -3.89698    0    0     
0    0.0339805    0    -5.50008    -0.281262    0     
0    0    0    -2.71442    -1.1287    0     
0    0    0    0    0    0     
-1.18405    -3.57739    -4.53963    -3.27581    -0.942172    -2.73969     
-0.789365    -2.38493    -3.02642    -2.18388    -0.628115    -1.82646     
-0.526243    -1.58995    -2.01761    -1.45592    -0.418743    -1.21764     
-0.350829    -1.05997    -1.34507    -0.970611    -0.279162    -0.81176     
0.259697    0.119153    0    -2.55194    -2.7276    -0.869475     
0    0    0    -2.84428    -1.85569    0     
0    0    0    -0.856603    0.150696    0     
0    0    0    0    0    0     
-0.497029    -2.87467    -2.512    -5.19346    -2.79719    -2.86362     
-0.331352    -1.91645    -1.67467    -3.46231    -1.8648    -1.90908     
-0.220902    -1.27763    -1.11644    -2.30821    -1.2432    -1.27272     
-0.147268    -0.851754    -0.744296    -1.5388    -0.828798    -0.848481     
-0.0981785    -0.567836    -0.496197    -1.02587    -0.552532    -0.565654     
-0.0654523    -0.378557    -0.330798    -0.683913    -0.368355    -0.377103     
0.449948    0    0    -2.59702    -2.86106    -0.359903     
0    0    0    -2.51034    -0.404117    0     
0    0    0    0.499789    0    0     
0    0    0    -0.891533    0    0     
0    0    0    -2.55146    0    0     
0    -0.256873    0    -2.23806    0    0     
0    -0.0955065    -0.309722    -2.17372    0    0     
-2.19634    -1.44653    -0.1363    -3.04809    0.318532    -0.677904     
-1.46423    -0.964353    -0.0908663    -2.03206    0.212354    -0.451936     
-0.976152    -0.642902    -0.0605776    -1.35471    0.14157    -0.301291     
-0.157185    0    0    -3.04422    -2.5761    0.0615673     
0    0    0    -2.19846    -0.128638    0     
0    0    0    0    0    0     
0    -2.58562    -1.67853    -4.79644    -2.67352    -2.14798     
0.493583    0    0    -3.30619    -3.59198    0     
0    0    0    0.110347    0    0     
0    0    0    0    0    0     
0.35744    -3.9498    -4.51599    -2.38328    0.0445679    -2.834     
0.238293    -2.6332    -3.01066    -1.58885    0.0297119    -1.88933     
0.158862    -1.75547    -2.00711    -1.05924    0.0198079    -1.25956     
0    0.00771712    0    -3.04197    -2.96669    -0.197767     
0    0    0    -0.501393    -1.18014    0     
0    0    0    0    0    0     
0    -2.64555    -2.2193    -4.91792    -2.64725    -1.65076     
0.493583    0    0    -3.48232    -3.73194    0     
0    0    0    0.383456    0    0     
0    0    0    0    0    0     
0.0114569    -4.99861    -5.06638    -3.10598    -0.224955    -3.54957     
0.00763797    -3.33241    -3.37759    -2.07066    -0.14997    -2.36638     
0.00509198    -2.2216    -2.25173    -1.38044    -0.0999801    -1.57759     
0.496978    -0.383592    0    -3.45821    -3.28873    -0.224824     
0    0    0    -3.1713    -2.08073    0     
0    0    0    0.298871    0    0     
0    0    0    -1.45309    0    0     
0    0    0    -3.40927    0    0     
0    -0.173129    0.238654    -2.97125    0    0     
-3.04903    -2.34771    -0.135134    -5.03539    -0.378728    -1.75635     
-2.03269    -1.56514    -0.0900895    -3.35693    -0.252485    -1.1709     
-1.35513    -1.04343    -0.0600596    -2.23795    -0.168324    -0.780602     
-0.903417    -0.695617    -0.0400398    -1.49197    -0.112216    -0.520401     
-0.108695    0    0    -3.53256    -3.34542    0.379095     
0    0    0    -2.05977    -0.546803    0     
0    0    0    0    0    0     
-0.0552736    -4.16545    -3.68624    -5.83941    -4.38643    -3.65648     
0.456734    -1.55827    -0.344256    -6.44219    -6.434    -1.68326     
0.304489    -1.03885    -0.229504    -4.2948    -4.28934    -1.12217     
0.202993    -0.692565    -0.153003    -2.8632    -2.85956    -0.748117     
0.135329    -0.46171    -0.102002    -1.9088    -1.90637    -0.498744     
0.090219    -0.307807    -0.0680011    -1.27253    -1.27091    -0.332496     
0.060146    -0.205205    -0.0453341    -0.848355    -0.847276    -0.221664     
0    0    0    -3.11482    -4.07456    0     
0    0    0    0.178451    -1.02956    0     
0    0    0    0    0    0     
-0.5847    -4.75033    -4.57995    -6.78415    -4.92026    -4.21928     
0.103783    -2.04309    -1.00197    -7.35548    -7.04535    -1.99641     
0.0691886    -1.36206    -0.667981    -4.90365    -4.6969    -1.33094     
0.0461257    -0.908038    -0.445321    -3.2691    -3.13127    -0.887292     
0.0307505    -0.605359    -0.29688    -2.1794    -2.08751    -0.591528     
0.0205003    -0.403573    -0.19792    -1.45293    -1.39167    -0.394352     
0.0136669    -0.269048    -0.131947    -0.968623    -0.927782    -0.262901     
0    0    0    -3.47846    -4.38369    0     
0    0    0    -0.736345    -1.75618    0     
0    0    0    0    -0.00451003    0     
0    -1.61596    -1.34545    -2.76098    -2.70383    -0.572608     
0.493583    0    0    -2.59464    -4.84498    0     
0    0    0    0.286626    0    0     
0    0.454442    0    -0.393449    0    0     
0    0    0.438819    -1.54603    0    0     
-0.936464    -1.24817    0    -2.06321    0    0     
0    -1.5937    -2.22469    -4.00885    0    -1.05753     
-2.5285    -0.214414    0    -7.14837    -2.16321    -0.204927     
0    0    0    -5.38883    -1.36377    0     
0    0    0    -0.0990475    0    0     
0    0    0    -1.53319    0    0     
0    0    0    -3.18893    0    0     
0    0    0    -1.33437    0    0     
0    0    0    -0.703956    0    0     
0    0    0    -1.38116    0    0     
0    0.391157    0    -2.59267    0    0.0380751     
0.283888    0    0.125041    -2.56885    0    -0.493931     
-1.9661    -2.50996    -0.409765    -8.70439    -2.60886    -2.26999     
-0.817148    -0.686325    0    -8.76131    -5.647    -0.740025     
0    0    0    -6.58947    -4.08406    0     
0    0    0    -3.01024    -2.22454    0     
0    0    0    -0.297115    -0.432403    0     
0    0    0    0    0    0     
-0.646985    -4.80647    -5.40465    -3.7758    -0.466422    -5.53428     
-0.431323    -3.20432    -3.6031    -2.5172    -0.310948    -3.68952     
-0.287549    -2.13621    -2.40206    -1.67813    -0.207298    -2.45968     
-0.191699    -1.42414    -1.60138    -1.11876    -0.138199    -1.63979     
0.365784    0.196273    0    -3.79096    -4.04484    -0.0534989     
0    0    0    -2.83951    -2.81377    0     
0    0    0    0    0    0     
-0.510521    -3.34239    -3.52559    -6.89641    -4.84572    -4.23155     
0.153236    -0.877923    -0.0848369    -7.78154    -7.46251    -1.58173     
0.102157    -0.585282    -0.056558    -5.18769    -4.97501    -1.05448     
0.0681048    -0.390188    -0.0377053    -3.45846    -3.31667    -0.70299     
0.0454032    -0.260125    -0.0251369    -2.30564    -2.21111    -0.46866     
0.0302688    -0.173417    -0.0167579    -1.53709    -1.47408    -0.31244     
0.0201792    -0.115611    -0.0111719    -1.02473    -0.982718    -0.208293     
0    0    0    -3.86709    -4.88718    0     
0    0    0    0.14729    -1.12846    0     
0    0    0    0    0    0     
-1.15241    -4.53769    -4.23506    -7.38414    -5.42529    -5.40717     
-0.274691    -1.82385    -0.66847    -8.29408    -7.85851    -2.55386     
-0.183128    -1.2159    -0.445647    -5.52939    -5.239    -1.70257     
-0.122085    -0.810601    -0.297098    -3.68626    -3.49267    -1.13505     
-0.08139    -0.540401    -0.198065    -2.4575    -2.32845    -0.7567     
-0.05426    -0.360267    -0.132043    -1.63834    -1.5523    -0.504466     
-0.0361733    -0.240178    -0.088029    -1.09222    -1.03486    -0.336311     
0.469467    0    0    -4.09947    -4.93156    0     
0    0    0    -2.61205    -2.461    0     
0    0    0    0    0    0     
-1.05292    -4.19182    -4.13202    -6.9039    -5.22129    -4.96953     
-0.208364    -1.46084    -0.500571    -8.22653    -7.98596    -1.78339     
-0.138909    -0.97389    -0.333714    -5.48435    -5.32397    -1.18892     
-0.0926061    -0.64926    -0.222476    -3.65624    -3.54932    -0.792616     
-0.0617374    -0.43284    -0.148317    -2.43749    -2.36621    -0.528411     
-0.0411583    -0.28856    -0.0988781    -1.62499    -1.57747    -0.352274     
-0.0274388    -0.192373    -0.0659188    -1.08333    -1.05165    -0.234849     
0.47529    0    0    -4.34615    -5.2062    0     
0    0    0    -2.25537    -2.58295    0     
0    0    0    0    0    0     
-0.718046    -3.47449    -4.20376    -6.81525    -5.08632    -4.43803     
0.0148854    -0.543793    -0.289795    -8.46395    -7.97729    -1.25068     
0.00992362    -0.362529    -0.193197    -5.64264    -5.31819    -0.833784     
0.00661575    -0.241686    -0.128798    -3.76176    -3.54546    -0.555856     
0.0044105    -0.161124    -0.0858653    -2.50784    -2.36364    -0.370571     
0.00294033    -0.107416    -0.0572435    -1.67189    -1.57576    -0.247047     
0.00196022    -0.0716106    -0.0381624    -1.11459    -1.05051    -0.164698     
0.49489    0    0    -4.66352    -5.28675    0     
0    0    0    -2.00347    -2.02121    0     
0    0    0    0    0    0     
-1.02856    -4.57356    -5.29245    -7.48508    -5.84193    -5.56753     
-0.192122    -1.43891    -1.11276    -9.01821    -8.70378    -2.15688     
-0.128082    -0.959271    -0.741843    -6.01214    -5.80252    -1.43792     
-0.0853877    -0.639514    -0.494562    -4.00809    -3.86835    -0.958615     
-0.0569252    -0.426343    -0.329708    -2.67206    -2.5789    -0.639077     
-0.0379501    -0.284229    -0.219805    -1.78138    -1.71927    -0.426051     
-0.0253001    -0.189486    -0.146537    -1.18758    -1.14618    -0.284034     
0.476716    0    0    -4.81988    -5.57328    0     
0    0    0    -2.58525    -2.66728    0     
0    0    0    0    0    0     
-0.771427    -4.02199    -6.16563    -7.47011    -5.87876    -5.49744     
-0.0207018    -0.690488    -1.79642    -9.29282    -8.98385    -2.0495     
-0.0138012    -0.460326    -1.19761    -6.19521    -5.98923    -1.36634     
-0.00920079    -0.306884    -0.798408    -4.13014    -3.99282    -0.910891     
-0.00613386    -0.204589    -0.532272    -2.75343    -2.66188    -0.60726     
-0.00408924    -0.136393    -0.354848    -1.83562    -1.77459    -0.40484     
-0.00272616    -0.0909285    -0.236565    -1.22375    -1.18306    -0.269894     
0.491766    0    0    -5.12858    -5.85338    0     
0    0    0    -2.48905    -2.40029    0     
0    0    0    0    0    0     
-0.813268    -4.19437    -5.79832    -6.97389    -5.63596    -5.68987     
-0.048596    -0.878316    -1.65545    -9.0849    -9.05462    -1.96845     
-0.0323973    -0.585544    -1.10363    -6.0566    -6.03641    -1.3123     
-0.0215982    -0.390363    -0.735754    -4.03773    -4.02428    -0.874869     
-0.0143988    -0.260242    -0.490503    -2.69182    -2.68285    -0.583246     
-0.0095992    -0.173495    -0.327002    -1.79455    -1.78857    -0.388831     
-0.00639947    -0.115663    -0.218001    -1.19637    -1.19238    -0.25922     
0.489317    0    0    -5.23322    -6.09223    0     
0    0    0    -1.97242    -1.94924    0     
0    0    0    0    0    0     
-1.21865    -4.48299    -5.74157    -7.13801    -5.02989    -6.07781     
-0.31885    -1.04498    -1.48335    -9.1978    -8.6981    -2.11858     
-0.212567    -0.696654    -0.9889    -6.13186    -5.79873    -1.41238     
-0.141711    -0.464436    -0.659267    -4.08791    -3.86582    -0.94159     
-0.0944742    -0.309624    -0.439511    -2.72527    -2.57721    -0.627727     
-0.0629828    -0.206416    -0.293007    -1.81685    -1.71814    -0.418484     
-0.0419885    -0.137611    -0.195338    -1.21123    -1.14543    -0.27899     
0.465591    0    0    -5.24661    -6.10846    0     
0    0    0    -1.48666    -1.14455    0     
0    0    0    0    0    0     
-0.762274    -3.89992    -5.56117    -7.58856    -4.33304    -5.9799     
-0.0145995    -0.61325    -1.18825    -9.81144    -8.28114    -1.95069     
-0.00973301    -0.408833    -0.792169    -6.54096    -5.52076    -1.30046     
-0.00648867    -0.272556    -0.528113    -4.36064    -3.6805    -0.866972     
-0.00432578    -0.181704    -0.352075    -2.90709    -2.45367    -0.577981     
-0.00288386    -0.121136    -0.234717    -1.93806    -1.63578    -0.385321     
-0.00192257    -0.0807572    -0.156478    -1.29204    -1.09052    -0.256881     
0.492301    0    0    -5.61376    -6.11945    0     
0    0    0    -2.08864    -0.479451    0     
0    0    0    0    0    0     
-1.19874    -4.00953    -5.17598    -7.81748    -3.89449    -5.677     
-0.305577    -0.553737    -0.608742    -10.1117    -8.03022    -1.42717     
-0.203718    -0.369158    -0.405828    -6.74114    -5.35348    -0.951445     
-0.135812    -0.246106    -0.270552    -4.49409    -3.56899    -0.634297     
-0.0905414    -0.16407    -0.180368    -2.99606    -2.37932    -0.422865     
-0.0603609    -0.10938    -0.120245    -1.99738    -1.58622    -0.28191     
-0.0402406    -0.0729202    -0.0801635    -1.33158    -1.05748    -0.18794     
0.466756    0    0    -5.78778    -6.13888    0     
0    0    0    -2.08706    0.0116204    0     
0    0    0    0    0    0     
-0.514755    -4.28217    -5.68183    -8.29159    -4.26859    -5.39773     
0.150413    -0.75156    -1.18062    -10.6773    -8.59685    -1.08219     
0.100276    -0.50104    -0.787082    -7.1182    -5.73124    -0.721457     
0.0668504    -0.334027    -0.524721    -4.74547    -3.82082    -0.480972     
0.0445669    -0.222684    -0.349814    -3.16365    -2.54722    -0.320648     
0.0297113    -0.148456    -0.233209    -2.1091    -1.69814    -0.213765     
0.0198075    -0.0989708    -0.155473    -1.40606    -1.1321    -0.14251     
0    0    0    -6.08696    -6.50586    0     
0    0    0    0    0    0     
-1.05556    -4.9599    -6.76302    -9.23604    -4.98355    -5.85483     
-0.210127    -1.50842    -2.23045    -11.355    -9.1535    -1.38009     
0.353498    0    0    -12.7677    -11.9335    0     
0    0    0    -2.1347    0    0     
0    0    0    -0.0139688    0    0     
0    0    0    0    0    0     
-3.85613    -8.66699    -11.5805    -6.27403    -1.2099    -10.8548     
-2.57076    -5.77799    -7.72033    -4.18269    -0.806603    -7.23655     
-1.22025    -2.30419    -3.51251    -8.17443    -6.73486    -2.71965     
-0.31992    0.0116821    -0.7073    -10.8356    -10.687    0.291614     
0.280303    0    0    -12.6097    -13.3218    0     
0    0    0    -8.52338    -6.36133    0     
0    0    0    -2.58153    0.0988843    0     
0    0    0    0    0    0     
-3.38058    -8.60567    -11.576    -5.67821    -0.442447    -10.7251     
-2.25372    -5.73712    -7.71735    -3.78547    -0.294965    -7.15006     
-1.50248    -3.82474    -5.1449    -2.52365    -0.196643    -4.7667     
-1.00165    -2.54983    -3.42993    -1.68243    -0.131095    -3.1778     
-0.174185    0.397358    -0.630977    -6.53636    -6.32368    0.312294     
0.37746    0    0    -9.77231    -10.4521    0     
0    0    0    -6.32823    -3.57482    0     
0    0    0    -0.666318    0    0     
0    0    0    -4.05967    0    0     
0    0    0    -2.03301    0    0     
0    0    0.200664    -1.71485    0    0     
-3.66731    -1.25681    0    -4.99713    0    -2.40983     
-4.92052    -3.53107    -6.80554    -6.93686    0    -4.86016     
-10.9484    -8.42808    -11.3327    -11.9026    0    -9.73644     
-6.80537    -3.22987    -5.69344    -13.3498    -6.31957    -4.23907     
-4.04333    0.235604    -1.93393    -14.3146    -10.5326    -0.574167     
-2.20197    0    0    -14.9578    -13.3413    0     
0    0    0    -9.84214    -5.01303    0     
0    0    0    -3.52969    0    0     
0    0    0.117942    -2.34634    0    0     
-3.08034    -0.684179    0    -5.20469    0    -2.47636     
-4.3828    -2.99445    -6.88242    -6.65068    0    -4.85919     
-10.5945    -8.0083    -11.3444    -11.5322    0    -9.60146     
-7.06299    -5.33887    -7.5629    -7.68815    0    -6.40097     
-4.21508    -0.843923    -2.9495    -10.5402    -6.42019    -1.75039     
-2.31647    0    0.126093    -12.4415    -10.7003    0     
0    0    0    -11.8887    -9.23888    0     
0    0    0    -5.47659    -0.67633    0     
0    0    0    -0.88669    0    0     
0    0    0    0.489543    0    0     
0    0    0.437965    0    0    0     
-9.48479    -6.18369    -5.21225    -4.16277    -1.04784    -8.56918     
-6.3232    -4.12246    -3.47483    -2.77518    -0.698563    -5.71279     
-4.21546    -2.74831    -2.31656    -1.85012    -0.465709    -3.80852     
-2.31673    0    0.36133    -6.69505    -6.90147    0.0783197     
0    0    0    -7.74163    -7.78618    0     
0    0    0    -2.64889    0.149202    0     
0    0    0    0    0    0     
-3.28228    -5.16114    -10.1314    -11.1448    -5.30388    -8.35182     
-2.18818    -3.44076    -6.75425    -7.42984    -3.53592    -5.56788     
-1.45879    -2.29384    -4.50283    -4.95323    -2.35728    -3.71192     
-0.972526    -1.52923    -3.00189    -3.30215    -1.57152    -2.47461     
-0.648351    -1.01949    -2.00126    -2.20143    -1.04768    -1.64974     
-0.432234    -0.679657    -1.33417    -1.46762    -0.698453    -1.09983     
0.205427    0    0    -6.4956    -7.12913    0     
0    0    0    -3.47955    -0.0131951    0     
0    0    0    0    0    0     
-3.52789    -5.48836    -10.4295    -10.8872    -5.8501    -8.646     
-1.85835    -0.731684    -4.33365    -12.8806    -10.6639    -2.77861     
-1.2389    -0.487789    -2.8891    -8.58707    -7.10929    -1.8524     
-0.825931    -0.325193    -1.92606    -5.72472    -4.73953    -1.23494     
-0.550621    -0.216795    -1.28404    -3.81648    -3.15969    -0.82329     
-0.367081    -0.14453    -0.856029    -2.54432    -2.10646    -0.54886     
-0.24472    -0.0963535    -0.570686    -1.69621    -1.4043    -0.365907     
0.330436    0    0    -6.75332    -7.70008    0     
0    0    0    -3.34355    -0.528927    0     
0    0    0    0    0    0     
-3.0704    -5.21826    -11.0811    -11.0547    -6.50731    -8.53054     
-1.55335    -0.208959    -4.76143    -13.2445    -11.3021    -2.51027     
-1.03556    -0.139306    -3.17428    -8.8297    -7.53475    -1.67351     
-0.690377    -0.0928708    -2.11619    -5.88647    -5.02317    -1.11567     
-0.460251    -0.0619138    -1.41079    -3.92431    -3.34878    -0.743783     
-0.306834    -0.0412759    -0.940528    -2.61621    -2.23252    -0.495855     
-0.204556    -0.0275173    -0.627019    -1.74414    -1.48835    -0.33057     
0.357212    0    0    -7.0375    -7.95615    0     
0    0    0    -3.4944    -0.54394    0     
0    0    0    0    0    0     
-3.0266    -5.38611    -11.1473    -11.6293    -6.47829    -8.64271     
-1.52415    -0.278044    -4.93565    -13.9231    -11.4434    -2.55935     
-1.0161    -0.185363    -3.29043    -9.28204    -7.62896    -1.70623     
-0.6774    -0.123575    -2.19362    -6.18803    -5.08597    -1.13749     
-0.4516    -0.0823836    -1.46242    -4.12535    -3.39065    -0.758326     
-0.301067    -0.0549224    -0.974944    -2.75023    -2.26043    -0.50555     
-0.200711    -0.0366149    -0.649962    -1.83349    -1.50696    -0.337034     
0.359776    0    0    -7.39253    -8.12922    0     
0    0    0    -4.00135    -0.247005    0     
0    0    0    0    0    0     
-3.38449    -6.03897    -11.0301    -11.5412    -6.65758    -8.55266     
-1.76275    -0.819116    -4.87055    -13.9513    -11.6225    -2.45565     
-1.17516    -0.546077    -3.24704    -9.30088    -7.74835    -1.6371     
-0.783442    -0.364052    -2.16469    -6.20059    -5.16557    -1.0914     
-0.522295    -0.242701    -1.44313    -4.13373    -3.44371    -0.727601     
-0.348197    -0.161801    -0.962085    -2.75582    -2.29581    -0.485067     
-0.232131    -0.107867    -0.64139    -1.83721    -1.53054    -0.323378     
0.338829    0    0    -7.48198    -8.20449    0     
0    0    0    -3.62085    -0.158204    0     
0    0    0    0    0    0     
-3.28516    -6.05174    -11.762    -11.471    -7.14954    -9.35211     
-1.69652    -0.844054    -5.11437    -13.9144    -12.2114    -2.86998     
-1.13102    -0.562703    -3.40958    -9.27628    -8.14095    -1.91332     
-0.754011    -0.375135    -2.27305    -6.18418    -5.4273    -1.27555     
-0.502674    -0.25009    -1.51537    -4.12279    -3.6182    -0.850365     
-0.335116    -0.166727    -1.01024    -2.74853    -2.41213    -0.56691     
-0.223411    -0.111151    -0.673497    -1.83235    -1.60809    -0.37794     
0.344643    0    0    -7.48867    -8.51713    0     
0    0    0    -3.59477    -0.476239    0     
0    0    0    0    0    0     
-3.28326    -6.79789    -12.0793    -11.8386    -7.10058    -9.99595     
-1.69526    -1.245    -5.44798    -14.2605    -12.1967    -3.26713     
-1.13017    -0.830003    -3.63198    -9.50703    -8.13114    -2.17809     
-0.753447    -0.553335    -2.42132    -6.33802    -5.42076    -1.45206     
-0.502298    -0.36889    -1.61422    -4.22535    -3.61384    -0.968038     
-0.334865    -0.245927    -1.07614    -2.8169    -2.40923    -0.645359     
-0.223244    -0.163951    -0.717429    -1.87793    -1.60615    -0.430239     
0.344754    0    0    -7.62009    -8.53377    0     
0    0    0    -4.1268    0.0326839    0     
0    0    0    0    0    0     
-3.17332    -6.9113    -12.6598    -12.2003    -7.37773    -10.0566     
-1.62196    -1.47515    -5.94966    -14.5417    -12.5486    -2.95746     
-1.08131    -0.983431    -3.96644    -9.69444    -8.36575    -1.97164     
-0.720871    -0.655621    -2.64429    -6.46296    -5.57717    -1.31442     
-0.480581    -0.437081    -1.76286    -4.30864    -3.71811    -0.876283     
-0.320387    -0.291387    -1.17524    -2.87243    -2.47874    -0.584189     
-0.213592    -0.194258    -0.783494    -1.91495    -1.65249    -0.389459     
0.351189    0    0    -7.68479    -8.7318    0     
0    0    0    -4.33522    0.126136    0     
0    0    0    0    0    0     
-3.74372    -7.38681    -13.4529    -12.6027    -6.86367    -9.6708     
-2.00223    -1.58194    -6.43001    -15.1919    -12.3655    -2.39414     
-1.33482    -1.05463    -4.28667    -10.1279    -8.24365    -1.59609     
-0.889879    -0.703084    -2.85778    -6.75194    -5.49576    -1.06406     
-0.593253    -0.468723    -1.90519    -4.50129    -3.66384    -0.709374     
-0.395502    -0.312482    -1.27013    -3.00086    -2.44256    -0.472916     
____________________________________
Fri Mar 29 17:44:41 2024


PARAMETERS
NUMBER_NEURON = 6
VOLTAGE_TRESHOLD = 0.5
LEARNING_RATE = 0.1
LEAK_RATE = 1.5
TIME_ITERATION = 500
ITERATION_SPIKE_IN = 5
THRESHOLD_COORDINATES = 0.03
THRESHOLD_GYROSCOPE = 0.05  0.05  1.9   
0    0.27485    0    0    0.054163    0.374991     
0    0    0    0    0    0     
0    0    0    0    0    0     
0    0    0    0    0    0     
0    0    0    0    0    0     
0    0    0    0    0.0333733    0     
0    0    -0.120165    0    -0.134127    0     
0    0    0    0    0    0     
0    0    0.435767    0    0.385072    0.467739     
0    0    0    0    0    0     
0    0    0.26347    0    0.467327    0.320799     
0    0    0    0    0    0     
0    0    -0.130158    0.496224    0.129294    -0.127986     
0    0    0    0    0.378573    0     
0    0    0.337655    0    -0.0976974    -0.0348789     
0    0    0    0    0.492439    0     
0    0    0    0    0.493896    0     
0    0.466352    0.282725    0.343496    0.000802838    0.126216     
0    0    0.224494    0    0.00673946    0     
0    0.338455    0    0    0    0.431095     
0    0    0    0    -0.365187    0.226552     
0    0    0    0    0.110397    0     
0    0    0    0    0.39641    0.422773     
0    0    0    0    0    0     
0    0    0    0    0.135887    -0.338181     
0    0    0    0    0    0     
0    0    0    0    0    0.265079     
0    0    0    0    0    0     
0    0.369759    0    0.240925    0.119374    -0.323932     
0.230119    0    0    0.473728    -0.308937    0.221487     
0    0.142134    0    0    0    0     
0    0    0    -0.0292526    -1.01258    -0.963975     
0    0    0    0    -0.265078    0.206687     
0    0    0    0    0    0     
0    0    0    0    -0.361766    -0.603413     
0    0    0    0    0    0     
0    0    0    0    0    0.343903     
0    0    0    0.340879    0.389284    0     
0.491495    0    0    0    0    0     
0    -1.22162    -0.833086    -1.25151    0.0314428    -1.56578     
0    0    0    0.45617    0.474113    0     
0    0    0    0    0.371494    0     
0    0    0    0    0    0     
0    0    0    -0.273777    -0.85768    -0.714697     
0    0    0    0    -0.0162135    0     
0    0    0    0    0.307275    0     
0    0    0    0    0    0     
-0.0686367    -0.96048    -1.33007    -1.16664    -0.405018    -1.05916     
-0.0457578    -0.64032    -0.88671    -0.777758    -0.270012    -0.706104     
-0.0305052    -0.42688    -0.59114    -0.518505    -0.180008    -0.470736     
-0.0203368    -0.284587    -0.394094    -0.34567    -0.120005    -0.313824     
0    0    0    -0.794415    -1.62833    -1.251     
0    0    0    0    -1.13828    0     
0    0    0.447672    -1.49041    -1.75006    -0.675751     
0    0    0    0    -1.15675    0     
0    0.430967    -0.114681    -2.00255    -2.12947    -0.903546     
0    0    0    0.221846    -0.652953    0     
0    -0.923239    0    -0.335087    0    0     
0.246493    0.209927    -0.362835    -0.322995    0    -0.168548     
-0.280458    -0.550545    -0.756295    -0.651168    0    -1.478     
-0.186972    -0.36703    -0.504196    -0.434112    0    -0.985334     
0    0    0    -1.10273    -1.30596    -1.28288     
0    0    0    0    0    0     
0    0    0.0209043    -1.67695    -1.04734    -1.59874     
0    0    0    0    0    0     
0    -0.00107492    -0.253008    -2.18984    -1.48398    -2.49669     
0    0    0    0    0.169799    -0.0384034     
0    0.494349    0    0    0    0     
-0.0413471    0    -1.24611    0.0121461    0.225098    -1.22304     
0    0    0    0    0    0     
-0.0413471    0    -1.24611    0.0121461    0.225098    -1.22304     
0    0    0    0    0    0.308273     
0    0    0    0    0.491314    -0.535025     
0    0    0    0    0    0     
0    0.308996    -0.416072    -1.67248    -1.42278    -2.58211     
0    0    0    0.156348    -1.47611    -1.15616     
0    0    0    0    0    0     
-0.208915    -2.06695    -2.06942    -0.773296    0.240693    -1.87765     
-0.139277    -1.37796    -1.37961    -0.51553    0.160462    -1.25177     
-0.0928512    -0.918643    -0.919742    -0.343687    0.106975    -0.834511     
-0.0619008    -0.612428    -0.613161    -0.229125    0.0713166    -0.556341     
0    0    0    -1.21198    -1.88546    -1.35326     
0    0    0    0    0.150034    0     
0    0    0    -1.04927    0.217287    -0.497577     
0    0    0    0    0    0     
0    -0.0469493    -0.876248    -2.19785    -1.72872    -3.03486     
0    0    0    0    0.30591    -0.17079     
0    0.456614    0    0    0    0     
-1.13638    0.0454923    -3.11853    -0.814564    0.149671    -2.31698     
-0.757589    0.0303282    -2.07902    -0.543043    0.0997804    -1.54465     
-0.50506    0.0202188    -1.38602    -0.362029    0.0665203    -1.02977     
0    0    0    -1.28452    -2.14258    -2.03696     
0    0    0    0    0.287451    0     
0    0    0    -1.30656    0    -0.806862     
0    0    0    0    0    0.323448     
0    0    0.491519    -0.453155    -0.93366    -0.898265     
0    0    0    0    0    0     
-0.58337    -2.57518    -3.41005    -1.10107    0.370028    -2.03956     
-0.388913    -1.71679    -2.27337    -0.734049    0.246685    -1.35971     
-0.259276    -1.14452    -1.51558    -0.489366    0.164457    -0.906471     
-0.17285    -0.763016    -1.01038    -0.326244    0.109638    -0.604314     
0    0    0    -1.42939    -2.25581    -1.78154     
0    0    0    0    0.135103    0     
0    0    0    0    -0.56599    0     
0    0    0    0    -1.80335    0.188601     
0    0    0    0    -1.09803    0     
0.156129    0    -0.102601    0    0    0     
-1.77791    -4.40187    -2.32062    -1.02734    0    -0.990885     
-2.19187    -4.53562    -3.09734    -1.2146    0    -2.83024     
-1.46124    -3.02375    -2.06489    -0.809735    0    -1.88683     
-0.974163    -2.01583    -1.37659    -0.539823    0    -1.25789     
0.237374    0    0    -1.70967    -2.16354    -2.6832     
0    0    0    -1.1792    -1.07481    -0.47185     
0    0    0    0    0    0     
0.457915    -0.40703    -2.31766    -2.37431    -2.46384    -3.80074     
0    0    0.167066    -3.11251    -3.96722    -4.38868     
0    0    0    0    0    0     
-0.52162    -3.66271    -4.77261    -1.17621    -0.675637    -2.26146     
-0.347746    -2.44181    -3.18174    -0.784141    -0.450425    -1.50764     
-0.231831    -1.62787    -2.12116    -0.522761    -0.300283    -1.00509     
-0.154554    -1.08525    -1.41411    -0.348507    -0.200189    -0.670062     
0    0    0    -1.80101    -2.55699    -2.44098     
0    0    0    0    -0.128498    0     
0    0.0921082    -1.301    -2.83245    -1.33299    -2.37558     
0    0    0    -0.498034    -2.1608    -1.83037     
0    0    0    0    0.165333    0     
0.129723    -0.412487    -0.166134    0    0    0     
-3.76952    -5.62238    -6.26749    -2.83833    -2.554    -4.8301     
-2.51301    -3.74825    -4.17832    -1.89222    -1.70267    -3.22007     
-1.67534    -2.49884    -2.78555    -1.26148    -1.13511    -2.14671     
-1.1169    -1.66589    -1.85703    -0.840986    -0.756741    -1.43114     
0.142219    0    0.499603    -2.29536    -2.71107    -3.04883     
0    0    0    -1.15947    -1.35328    -1.07389     
0    0    0    0    0    0     
-0.0450679    -1.99918    -3.51096    -2.94604    -3.80538    -5.30916     
0    0    -0.711679    -3.81343    -4.8213    -5.7328     
0    0    0    0    0    0     
-1.60843    -5.2229    -5.47989    -1.63627    -2.26344    -3.51576     
-1.07229    -3.48193    -3.65326    -1.09084    -1.50896    -2.34384     
-0.714857    -2.32129    -2.43551    -0.727229    -1.00597    -1.56256     
-0.476571    -1.54753    -1.62367    -0.484819    -0.67065    -1.04171     
0    0    0    -2.29123    -2.84135    -2.99945     
0    0    0    0    -0.876311    0     
0    0    0    0    -2.67643    0.184871     
0    0    0    0    -2.44391    0     
0    0    0    0.461938    -4.0686    -0.0599745     
0    0    0    0    0    0     
-1.58045    -5.0932    -5.87712    -1.89638    -2.69378    -3.61541     
-1.05363    -3.39547    -3.91808    -1.26425    -1.79585    -2.41027     
-0.702423    -2.26364    -2.61206    -0.842833    -1.19724    -1.60685     
-0.468282    -1.5091    -1.74137    -0.561889    -0.798157    -1.07123     
0    0    0    -2.5585    -3.14299    -3.32674     
0    0    0    0    -1.20141    0.348654     
0    0    0    -0.303078    -1.91771    -0.0103883     
0    0    0    0    0.0126332    0     
0    -0.47822    -1.40897    -3.98095    -2.59923    -3.55162     
0    0    0    0.472876    -0.351568    -0.438573     
0    0    0    0    0    0     
-2.24972    -5.93492    -6.27001    -3.0022    -2.79397    -4.2207     
-1.49981    -3.95662    -4.18001    -2.00146    -1.86265    -2.8138     
-0.999875    -2.63774    -2.78667    -1.33431    -1.24176    -1.87587     
0.220232    0    0    -3.44919    -3.67632    -3.98839     
0    0    0    -2.90369    -2.33027    -2.1437     
0    0    0    0    0    0     
-1.72986    -2.88925    -3.57895    -5.3099    -5.20394    -7.31692     
-0.266425    0    0.446473    -6.1317    -6.42001    -7.76764     
0    0    0    -1.18099    -0.978761    -1.74987     
0    0    0    0    0    0     
-2.87872    -6.4226    -6.92484    -2.79713    -2.45497    -4.64453     
-1.91915    -4.28173    -4.61656    -1.86475    -1.63665    -3.09635     
-1.27943    -2.85449    -3.07771    -1.24317    -1.0911    -2.06423     
0.0338618    0    0    -3.46662    -3.69358    -4.29673     
0    0    0    -1.93397    -1.60144    -2.19244     
0    0    0    0    0    0     
-1.92959    -3.81549    -3.80613    -5.65829    -5.40071    -7.94214     
-0.399577    0    0    -6.49436    -6.69424    -8.33091     
0    0    0    -1.00432    -0.259903    -1.7853     
0    0    0    0    0    0     
-3.1147    -7.5584    -7.34568    -3.18735    -2.50814    -5.15551     
-2.07647    -5.03893    -4.89712    -2.1249    -1.6721    -3.437     
-1.38431    -3.35929    -3.26474    -1.4166    -1.11473    -2.29134     
-0.036059    0    0    -3.71386    -4.04704    -4.69813     
0    0    0    -2.0454    -1.68384    -2.30681     
0    0    0    0    0    0     
-2.28664    -3.96645    -3.96471    -6.22682    -5.45539    -8.35302     
-0.637614    0    0    -7.01558    -7.07302    -8.96774     
0    0    0    -1.00924    -0.210268    -1.50425     
0    0    0    0    0    0     
-3.55871    -8.29731    -8.31216    -3.49031    -2.41584    -5.37704     
-2.37248    -5.53154    -5.54144    -2.32687    -1.61056    -3.5847     
-1.58165    -3.6877    -3.69429    -1.55125    -1.07371    -2.3898     
-0.167618    0    0    -3.99456    -4.32129    -5.07228     
0    0    0    -1.90288    -1.74326    -2.33646     
0    0    0    0    0    0     
-2.54612    -5.15252    -5.32514    -6.36397    -6.36148    -9.42133     
-0.810595    0.145643    0.248011    -7.26973    -7.95342    -9.85145     
-0.540397    0.0970955    0.165341    -4.84649    -5.30228    -6.56763     
-0.360264    0.0647303    0.110227    -3.23099    -3.53485    -4.37842     
-0.240176    0.0431535    0.0734848    -2.15399    -2.35657    -2.91895     
-0.160117    0.028769    0.0489899    -1.436    -1.57105    -1.94597     
-0.106745    0.0191794    0.0326599    -0.957331    -1.04736    -1.29731     
0    0    0    -3.6653    -4.41067    -4.43544     
0    0    0    0    0.468445    -0.334835     
0    0    0    0    0    -1.06595     
0    0    0    0    0    -5.54208     
0.0887324    0    0    0    -0.139072    -9.27946     
0    -1.54051    0    0    0    -5.37088     
-3.70736    -1.31957    -5.58868    0    0    -8.73304     
-7.31312    -6.07645    -10.4372    -1.68524    -2.78799    -12.5773     
-4.87541    -4.05097    -6.95815    -1.12349    -1.85866    -8.38484     
-3.25028    -2.70064    -4.63877    -0.748995    -1.23911    -5.58989     
-1.28003    0    0    -2.99009    -4.64385    -7.29716     
0    0    0    0.34164    -1.6939    -3.70015     
0    0    0    0    0    0     
-2.14183    -4.14888    -4.72859    -5.61113    -5.8165    -8.75039     
-0.541073    0    0    -6.42498    -7.91386    -9.42531     
0    0    0    0    0.340765    -1.50474     
0    0    0    0    0    0     
-2.7497    -8.50159    -8.49581    -2.45583    -1.44992    -4.77702     
-1.83313    -5.66773    -5.66388    -1.63722    -0.966613    -3.18468     
-1.22209    -3.77848    -3.77592    -1.09148    -0.644409    -2.12312     
0.0720898    0    0    -3.28096    -4.65709    -5.23995     
0    0    0    0    -1.09259    -2.11499     
0    0    0    0    0    -0.844057     
0    0    0    0    0    -4.5534     
0    0    0    0    0    -7.45926     
0.134495    -0.178966    0.0400177    0    0    -6.16282     
-5.22855    -6.04981    -6.68835    -2.61111    -3.1429    -11.8082     
-3.4857    -4.0332    -4.4589    -1.74074    -2.09526    -7.87214     
-2.3238    -2.6888    -2.9726    -1.1605    -1.39684    -5.24809     
-1.5492    -1.79253    -1.98173    -0.773664    -0.931229    -3.49873     
-0.145985    0    0    -2.94045    -4.92179    -6.15703     
0    0    0    0    -1.7285    -2.65811     
0    0    0    0    0    -1.68633     
0    0    0    0    0    -5.75693     
0    0    0    0    0    -8.97476     
-0.595074    -0.0905947    -0.778237    0    0    -8.29337     
-6.44693    -5.84729    -8.06304    -3.17507    -3.17485    -13.6539     
-4.29795    -3.89819    -5.37536    -2.11671    -2.11657    -9.10259     
-2.8653    -2.5988    -3.58357    -1.41114    -1.41104    -6.0684     
-1.9102    -1.73253    -2.38905    -0.940761    -0.940696    -4.0456     
-0.386652    0    0    -3.42051    -5.36516    -6.5216     
0    0    0    0    -2.36796    -3.34866     
0    0    0    0    -0.516897    -2.51148     
0    0    0    0    0    -1.74431     
0    0    0    0    0    -6.09698     
-0.484378    0    -0.194884    0    0    -5.94824     
-2.51692    -5.078    -1.21528    0    0    -6.93744     
-7.689    -8.17768    -7.81519    -3.15541    -2.41547    -12.0117     
-5.126    -5.45178    -5.21012    -2.1036    -1.61031    -8.00781     
-3.41733    -3.63452    -3.47342    -1.4024    -1.07354    -5.33854     
-1.39141    0    0    -2.93522    -5.5675    -7.38356     
0    0    0    0    -2.06079    -3.29765     
0    0    0    0    0    -1.23445     
0    0    0    0    0    -4.29316     
0    0    0    0    0    -6.78496     
0.145488    0    -0.23374    0    0    -5.26353     
-2.6838    -10.2685    -2.24799    -4.80288    -2.30815    -6.40655     
-1.7892    -6.84563    -1.49866    -3.20192    -1.53876    -4.27103     
-1.1928    -4.56376    -0.999105    -2.13461    -1.02584    -2.84735     
-0.795201    -3.0425    -0.66607    -1.42308    -0.683895    -1.89824     
0.356682    0    0    -3.04833    -5.62465    -5.09003     
0    0    0    0    -2.2504    -1.61478     
0    0    0    0    0.0980097    -0.492283     
0    0    0    0    0    0     
-2.47909    -3.58574    -5.67324    -6.36399    -6.40507    -8.95888     
-1.65272    -2.39049    -3.78216    -4.24266    -4.27004    -5.97259     
-1.10182    -1.59366    -2.52144    -2.82844    -2.8467    -3.98173     
-0.734544    -1.06244    -1.68096    -1.88563    -1.8978    -2.65448     
-0.489696    -0.708293    -1.12064    -1.25708    -1.2652    -1.76966     
-0.326464    -0.472196    -0.747093    -0.838056    -0.843465    -1.17977     
0    0    0    -2.84295    -5.80727    -4.77273     
0    0    0    0    0.296107    0.381648     
0    0    0    0    0    0     
-3.06494    -4.20504    -6.6427    -7.39268    -7.41224    -10.0607     
-1.15648    0    -0.231562    -7.30722    -10.3321    -10.9489     
0    0    0    -1.12259    -2.1825    -2.42155     
0    0    0    0    0    0     
-4.34942    -9.46003    -11.665    -5.75415    -2.47611    -6.65548     
-2.89961    -6.30669    -7.77665    -3.8361    -1.65074    -4.43698     
-1.93308    -4.20446    -5.18443    -2.5574    -1.10049    -2.95799     
-0.401902    0    0    -4.08475    -6.41108    -6.4465     
0    0    0    0    -3.40611    -3.61377     
0    0    0    0    -0.133026    -2.88208     
0    0    0    0    0    -2.16577     
0    0    0    0    0    -7.6214     
-0.53836    0.206957    -1.835    0    0    -7.76056     
-7.61576    -5.61414    -9.97225    -3.93494    -2.56275    -13.2959     
-5.07718    -3.74276    -6.64817    -2.62329    -1.7085    -8.86393     
-3.38478    -2.49517    -4.43211    -1.74886    -1.139    -5.90928     
-2.25652    -1.66345    -2.95474    -1.16591    -0.759334    -3.93952     
-0.617533    0    0    -2.99896    -6.46144    -7.10086     
0    0    0    0    -2.91675    -4.23284     
0    0    0    0    -0.244644    -3.78018     
0    0    0    0.011915    0    -4.25569     
0    0    0    0    0    -6.29733     
-0.726234    -5.65482    -7.89803    -2.15986    0    -6.94544     
-5.57801    -8.09073    -9.84143    -5.21774    0    -9.88064     
-3.71867    -5.39382    -6.56096    -3.47849    0    -6.58709     
-2.47912    -3.59588    -4.37397    -2.31899    0    -4.3914     
-1.65274    -2.39725    -2.91598    -1.546    0    -2.9276     
-0.215013    0    0    -3.52928    -6.07459    -6.42624     
0    0    0    0    -3.01643    -3.93018     
0    0    0    0    0.00266787    -3.56145     
0    0    0    0    0    -3.03765     
0    0    0    0    0    -9.00915     
-0.513172    -0.308632    -2.35278    0    0    -9.17173     
-8.05967    -6.652    -10.7092    -3.8502    -2.58872    -15.1901     
-5.37312    -4.43466    -7.13947    -2.5668    -1.72581    -10.1267     
-3.58208    -2.95644    -4.75965    -1.7112    -1.15054    -6.75114     
-2.38805    -1.97096    -3.1731    -1.1408    -0.767028    -4.50076     
-0.705219    0    0    -3.53879    -6.84855    -7.47502     
0    0    0    0    -3.48756    -4.28455     
0    0    0    0    -0.311643    -3.45662     
0    0    0    0    0    -2.55084     
0    0    0    0    0    -8.32764     
-0.366663    0.231554    -2.2598    0    0    -8.48568     
-8.4242    -6.34071    -10.5729    -3.89984    -2.69701    -15.0475     
-5.61613    -4.22714    -7.0486    -2.59989    -1.798    -10.0317     
-3.74409    -2.81809    -4.69907    -1.73326    -1.19867    -6.68779     
-2.49606    -1.87873    -3.13271    -1.15551    -0.799113    -4.45852     
-0.777224    0    0    -3.52326    -7.4203    -7.44686     
0    0    0    0    -3.95489    -3.85492     
0    0    0    0    -1.0055    -2.56264     
0    0    0    0    0    -1.35524     
0    0    0    0    0    -7.35451     
-0.105378    0    -2.40523    0    0    -7.98364     
-2.4895    -6.24813    -4.73489    0.0459548    0    -8.33747     
-6.82928    -8.22749    -8.5701    -3.9232    0    -11.4863     
-4.55285    -5.48499    -5.7134    -2.61547    0    -7.6575     
-3.03523    -3.65666    -3.80893    -1.74365    0    -5.105     
-1.13667    0    0    -3.33243    -6.5307    -7.87784     
0    0    0    0    -2.4616    -3.64559     
0    0    0    0    0    -2.18509     
0    0    0    0    0    -7.13935     
0    0    0    0    0    -11.388     
0.222894    0    -3.653    0    0    -10.6884     
-2.56874    -5.88698    -6.23213    0.250784    0    -10.6233     
-6.94503    -8.11363    -9.66984    -3.75831    0    -13.3841     
-4.63002    -5.40908    -6.44656    -2.50554    0    -8.9227     
-3.08668    -3.60606    -4.29771    -1.67036    0    -5.94847     
-1.17097    0    0    -3.39161    -6.71962    -8.44016     
0    0    0    0    -2.39974    -4.30679     
0    0    0    0    0    -2.78332     
0    0    0    0    0    -8.72109     
0.260084    0    0    0    0    -13.4544     
-0.124793    -3.53546    -4.11853    0    0    -13.0616     
-8.40415    -8.33321    -12.6548    -4.11326    -2.53711    -18.2032     
-5.60276    -5.55547    -8.4365    -2.74218    -1.69141    -12.1355     
-3.73518    -3.70365    -5.62434    -1.82812    -1.12761    -8.09031     
-2.49012    -2.4691    -3.74956    -1.21874    -0.751737    -5.39354     
-0.773263    0    0    -2.92673    -7.32971    -8.07021     
0    0    0    0    -2.97199    -3.93444     
0    0    0    0    0    -1.67817     
0    0    0    0    0    -7.69818     
0.176401    0    0    0    0    -12.1483     
-0.325082    -3.08327    -4.10419    0    0    -12.017     
-8.52602    -7.88558    -12.5561    -4.42634    -2.2431    -17.7211     
-5.68402    -5.25705    -8.37072    -2.9509    -1.4954    -11.8141     
-3.78934    -3.5047    -5.58048    -1.96726    -0.996931    -7.87606     
-2.52623    -2.33647    -3.72032    -1.31151    -0.664621    -5.25071     
-0.797337    0    0    -2.65183    -7.20696    -7.97498     
0    0    0    0    -3.09051    -3.78628     
0    0    0    0    0    -1.22644     
0    0    0    0    0    -7.26217     
0    0    0    0    0    -12.3716     
-0.91922    0    -5.02097    0    0    -12.1791     
-4.23109    -6.36002    -8.46377    -1.15187    0    -12.339     
-8.79255    -9.18806    -12.1268    -5.94267    0    -15.293     
-5.8617    -6.12537    -8.08454    -3.96178    0    -10.1954     
-3.9078    -4.08358    -5.38969    -2.64119    0    -6.7969     
-1.71839    0    0    -3.85824    -6.89761    -9.00578     
0    0    0    0    -3.24201    -4.81396     
0    0    0    0    -0.37894    -3.78537     
0    0    0    0    0    -2.50594     
0    0    0    0    0    -9.3204     
-0.819887    0.273485    -5.18519    0    0    -10.1449     
-9.67744    -6.61927    -14.2373    -5.32775    -2.26829    -17.1512     
-6.45162    -4.41285    -9.49156    -3.55183    -1.51219    -11.4341     
-4.30108    -2.9419    -6.32771    -2.36789    -1.00813    -7.62276     
-2.86739    -1.96127    -4.21847    -1.57859    -0.672085    -5.08184     
-1.02478    0    0    -3.22063    -7.60664    -7.8624     
0    0    0    0    -3.85122    -3.9585     
0    0    0    0    0.21636    -2.54916     
0    0    0    0    0    -1.2696     
0    0    0    0    0    -8.70539     
-1.21189    -0.496256    -6.03238    0    0    -9.96811     
-10.5184    -6.8742    -15.4115    -5.3983    -1.83242    -16.8507     
-7.01225    -4.5828    -10.2744    -3.59887    -1.22161    -11.2338     
-4.67484    -3.0552    -6.84957    -2.39924    -0.814409    -7.4892     
-3.11656    -2.0368    -4.56638    -1.5995    -0.54294    -4.9928     
-1.19089    0    0    -2.71917    -7.8072    -7.80304     
0    0    0    0    -4.54251    -3.97662     
0    0    0    0    -1.36253    -2.93035     
0    0    0    0.309361    0.238097    -3.01629     
0    0    0    0    0    -0.0676036     
-1.14848    0.292013    -5.70047    0    0    -3.89116     
-10.4665    -6.29688    -14.9299    -5.27747    -2.03632    -12.6627     
-6.97767    -4.19792    -9.95328    -3.51831    -1.35755    -8.44181     
-4.65178    -2.79861    -6.63552    -2.34554    -0.905031    -5.62787     
-3.10119    -1.86574    -4.42368    -1.56369    -0.603354    -3.75192     
-1.18064    0    0    -2.63314    -7.72452    -6.97579     
0    0    0    0    -4.23103    -3.35857     
0    0    0    0    0.299679    -2.12868     
0    0    0    0    0    -0.957595     
0    0    0    0    0    -8.58768     
-1.21578    0.480693    -5.76527    0    0    -10.0119     
-10.7752    -6.52546    -14.9433    -5.34778    -2.0761    -16.9276     
-7.1835    -4.35031    -9.96217    -3.56519    -1.38407    -11.2851     
-4.789    -2.90021    -6.64145    -2.37679    -0.922713    -7.52337     
-3.19267    -1.93347    -4.42763    -1.58453    -0.615142    -5.01558     
-1.24163    0    0    -2.3581    -8.12174    -7.81823     
0    0    0    0    -4.72684    -4.53446     
0    0    0    0    -1.39435    -3.63759     
0    0    0    0    0    -2.74247     
-0.447917    0    -0.392236    0    0    -10.4331     
-4.70476    -7.08832    -5.54246    -1.44053    0    -11.8477     
-10.2853    -10.0253    -11.0689    -6.13383    0    -15.7851     
-6.85687    -6.68352    -7.37928    -4.08922    0    -10.5234     
-4.57125    -4.45568    -4.91952    -2.72615    0    -7.01561     
-3.0475    -2.97045    -3.27968    -1.81743    0    -4.67707     
-1.14485    0    0    -2.54929    -7.67242    -7.59256     
0    0    0    0    -4.38476    -4.02772     
0    0    0    0    -0.573996    -2.39932     
0    0    0    0    0    -1.12364     
0.185788    0    0.255872    0    0    -8.86704     
-3.61664    -6.85062    -4.42934    -1.55782    0    -10.3189     
-9.62428    -9.7763    -10.3102    -6.40841    0    -14.8354     
-6.41619    -6.51753    -6.87349    -4.27227    0    -9.89026     
-4.27746    -4.34502    -4.58233    -2.84818    0    -6.5935     
-2.85164    -2.89668    -3.05489    -1.89879    0    -4.39567     
-1.01428    0    0    -2.58422    -7.66877    -7.40496     
0    0    0    0    -4.24549    -3.32228     
0    0    0    0    0    -0.135995     
0    0    0.466756    0    0    -6.52605     
-1.80364    0    0    -0.821409    0    -11.2267     
0    -8.19947    -6.68861    0    0    -9.50612     
-9.37459    -7.51479    -15.3995    -3.69169    0    -14.5459     
-13.6458    -10.2666    -17.551    -8.15327    -5.10186    -17.4848     
-9.09723    -6.84442    -11.7007    -5.43551    -3.40124    -11.6566     
-6.06482    -4.56295    -7.80045    -3.62368    -2.26749    -7.77104     
-3.1564    0    -0.0673902    -3.73272    -9.40466    -9.6552     
0    0    0    0.239189    -7.54961    -5.10383     
0    0    0    0    -0.772163    -0.181766     
0    0    0    0    0    0     
-2.35253    -1.42284    -10.1898    -7.9643    -5.42156    -11.2832     
-1.56835    -0.94856    -6.79318    -5.30953    -3.61438    -7.52215     
-1.04557    -0.632373    -4.52879    -3.53969    -2.40958    -5.01477     
-0.697046    -0.421582    -3.01919    -2.35979    -1.60639    -3.34318     
-0.464698    -0.281055    -2.01279    -1.5732    -1.07093    -2.22879     
-0.309798    -0.18737    -1.34186    -1.0488    -0.713951    -1.48586     
0    0    0    -1.91311    -8.54039    -5.84067     
0    0    0    0    -0.639199    -0.520892     
0    0    0    0    0    0     
-2.80525    -2.9476    -11.3938    -9.26445    -6.74063    -12.201     
-0.983354    0    -2.65209    -7.47097    -12.8773    -13.2108     
0    0    0    -0.789638    -1.66779    -2.947     
0    0    -0.428056    0    0    0.0615812     
-2.69421    -2.20985    -4.77583    0.468733    0    -2.10395     
-9.62994    -6.75312    -10.7105    -5.94315    0    -9.41474     
-6.41996    -4.50208    -7.14032    -3.9621    0    -6.2765     
-3.39316    0    0.274557    -3.92437    -8.34074    -9.26115     
0    0    0    0.41203    -6.80497    -5.27324     
0    0    0    0    0.159465    -0.296089     
0    0    0    0    0    0     
-3.17098    -3.41603    -12.086    -10.252    -7.17438    -12.4534     
-2.11399    -2.27735    -8.05735    -6.83469    -4.78292    -8.30227     
-1.40933    -1.51824    -5.37157    -4.55646    -3.18861    -5.53484     
-0.93955    -1.01216    -3.58104    -3.03764    -2.12574    -3.6899     
-0.626367    -0.674772    -2.38736    -2.02509    -1.41716    -2.45993     
-0.417578    -0.449848    -1.59158    -1.35006    -0.944775    -1.63995     
0    0    0    -2.45732    -9.05152    -6.50507     
0    0    0    0    -1.59488    -1.52393     
0    0    0    0    0    -0.861126     
0.0409966    -0.700456    -8.29915    -6.97963    -4.48739    -9.26212     
0    0    -0.55065    -6.33702    -11.4576    -11.5865     
0    0    0    0    0    -0.826069     
-1.60615    -1.45895    -6.70101    0    0    -4.81857     
-12.1055    -9.33204    -16.5091    -7.01086    -2.369    -13.888     
-8.07033    -6.22136    -11.0061    -4.67391    -1.57934    -9.25864     
-5.38022    -4.14757    -7.33738    -3.11594    -1.05289    -6.17243     
-2.7    0    -0.0855598    -4.09235    -9.42736    -9.52672     
0    0    0    -1.16618    -8.30926    -6.10606     
0    0    0    0    -2.04401    -1.74362     
0    0    0    0    0    0.333019     
-0.926246    0    -2.30519    -0.299816    0    -7.98896     
-3.03431    -6.00506    -3.61771    -3.44405    0    -7.43856     
-10.8657    -9.96844    -10.668    -9.52241    0    -13.5364     
-7.24379    -6.64563    -7.11201    -6.34828    0    -9.02427     
-4.82919    -4.43042    -4.74134    -4.23218    0    -6.01618     
-3.21946    -2.95361    -3.1609    -2.82146    0    -4.01079     
-1.25949    0    0    -3.97379    -8.64458    -8.08562     
0    0    0    0    -4.90082    -3.70167     
0    0    0    0    -0.0178994    -1.07835     
0    0    0    0    0    0     
-5.28169    -5.84203    -14.6222    -12.4205    -8.6041    -13.7925     
-3.52113    -3.89469    -9.74813    -8.28036    -5.73606    -9.19497     
-2.34742    -2.59646    -6.49875    -5.52024    -3.82404    -6.12998     
-1.56495    -1.73097    -4.3325    -3.68016    -2.54936    -4.08665     
-1.0433    -1.15398    -2.88834    -2.45344    -1.69957    -2.72444     
____________________________________
Fri Mar 29 17:50:59 2024


PARAMETERS
NUMBER_NEURON = 6
VOLTAGE_TRESHOLD = 0.5
LEARNING_RATE = 0.1
LEAK_RATE = 1.5
TIME_ITERATION = 500
ITERATION_SPIKE_IN = 5
THRESHOLD_COORDINATES = 0.03
THRESHOLD_GYROSCOPE = 0.05  0.05  1.9   
0    0    0.213709    0.474626    0    0     
0    0    0    0    0    0     
0    0    0    0    0    0     
0    0    0    0    0    0     
0    0    0    0    0    0     
0    0    0    0    0    0     
0.181031    0    0.357279    0.261906    0.43237    0     
0    0    0    0    0    0     
-0.041474    0    0.44059    -0.332069    -0.169025    0     
0    0.380531    0    0.312336    0.365502    0     
0    0    0    0.325399    0.237907    0.213162     
0    0    0    0    0    0     
0    0    0.29556    -0.319222    0    0     
0    0    0    0.468937    0    0     
0    0    0.257881    0    0    0     
0    0    -0.0491696    -0.105581    0    0     
0    0    0    0    0    0     
0.113684    0    0.235334    -0.11239    -0.0377897    0.204294     
0    0    0    0    0    0     
-0.916071    0.387892    -0.149952    -0.657202    -0.805434    -0.705914     
-0.610714    0.258595    -0.0999682    -0.438134    -0.536956    -0.470609     
0.360543    0    -0.425298    -0.739827    -0.121219    -0.27953     
0    0    -0.0725762    0.0999002    0    0     
0    0    0    0    0    0     
0    0    0.382462    -0.159423    0.31676    -0.278624     
0    0    0    0.319941    0    0     
0    0.169137    0    0    0    0     
-1.12428    -0.328331    -0.662665    -0.561661    -1.27357    -1.43984     
-0.749522    -0.218888    -0.441777    -0.37444    -0.849048    -0.959891     
-0.499681    -0.145925    -0.294518    -0.249627    -0.566032    -0.639927     
-0.333121    -0.0972834    -0.196345    -0.166418    -0.377354    -0.426618     
0    0    -0.771811    -0.878983    0.0593009    -0.0895964     
0    0    0    -0.281209    0    0     
0    0    0.410441    -0.165152    0    0     
0    0    0    0    0    0     
0    0    -0.320583    -0.726879    -0.167289    -1.16008     
0    0.454213    0    0    0    0     
-1.74241    -0.719907    -0.535802    -0.640254    -1.40427    -2.28234     
-1.1616    -0.479938    -0.357201    -0.426836    -0.936177    -1.52156     
-0.774403    -0.319959    -0.238134    -0.284557    -0.624118    -1.01437     
-0.516269    -0.213306    -0.158756    -0.189705    -0.416079    -0.676248     
0.423506    0    -0.919012    -1.10975    -0.015308    -0.248644     
0    0    0.193494    -0.229171    0    0     
0    0    0    0    0    0     
0    0    -0.351306    -0.162222    -0.0861723    -1.26623     
0    0    0    0    0    0     
0.155762    -1.50341    0.310367    0.482252    -0.855169    -2.12656     
0.103841    -1.00227    0.206911    0.321501    -0.570112    -1.4177     
0.0692274    -0.668182    0.137941    0.214334    -0.380075    -0.945136     
0.0461516    -0.445455    0.0919606    0.14289    -0.253383    -0.630091     
0.0307677    -0.29697    0.0613071    0.0952597    -0.168922    -0.42006     
0    0    -0.960471    -1.0791    0.0581456    0.122289     
0    0    0    0.455296    0    0     
0    0    0    0    0    0.381244     
0.490162    0.471184    -0.354908    0.08912    0.430477    -1.01599     
0    0    -1.42676    -1.12781    0.31164    -0.274997     
0    0    0    0    0    0     
-0.38308    -2.41696    0.0964152    0.150409    -1.31281    -2.9048     
-0.255387    -1.6113    0.0642768    0.100273    -0.875208    -1.93653     
-0.170258    -1.0742    0.0428512    0.0668486    -0.583472    -1.29102     
-0.113505    -0.716135    0.0285675    0.0445658    -0.388981    -0.860681     
0    0    -1.278    -1.248    -0.254907    -0.351759     
0    0    0    0.457753    0    0     
0    0    0.354448    -0.147293    0.15633    -0.596658     
0    0    0    0    0    0     
-0.28883    -0.631296    -2.19933    -1.99312    -2.14549    -3.43567     
-0.192553    -0.420864    -1.46622    -1.32875    -1.43033    -2.29045     
-0.128369    -0.280576    -0.97748    -0.885832    -0.953551    -1.52697     
-0.0855791    -0.187051    -0.651653    -0.590555    -0.635701    -1.01798     
-0.0570528    -0.1247    -0.434436    -0.393703    -0.423801    -0.678651     
-0.0380352    -0.0831336    -0.289624    -0.262469    -0.282534    -0.452434     
0    0    -1.68678    -1.60257    -0.457132    -0.313198     
0    0    0    0.058233    0    0     
0    0    -0.333511    -1.20395    -0.32434    -0.950654     
0    0    0    0.378794    0    0     
0    0.357239    -0.647595    -1.42389    -0.576209    -1.33018     
0    0    0    -0.238526    0.278519    -0.0643366     
0    -1.38165    0    -0.264755    0    -0.340824     
-1.38871    -1.49592    0.134327    -0.523511    -0.167565    -1.66111     
-0.925806    -0.997283    0.0895514    -0.349007    -0.11171    -1.1074     
-0.617204    -0.664855    0.0597009    -0.232671    -0.0744733    -0.73827     
0.356216    0    -1.20591    -1.5827    -0.130791    -0.806545     
0    0    -0.0943768    -0.598302    0    0     
0    0    0    0    0    0     
0.0694389    -0.898658    -1.94466    -1.74758    -1.19656    -2.47804     
0    0    -2.66786    -2.61209    -0.857379    -1.86254     
0    0    0    0    0    0     
-0.795937    -3.49463    -0.803165    -0.707082    -1.95104    -2.96817     
-0.530625    -2.32975    -0.535444    -0.471388    -1.30069    -1.97878     
-0.35375    -1.55317    -0.356962    -0.314259    -0.86713    -1.31919     
-0.235833    -1.03545    -0.237975    -0.209506    -0.578087    -0.879459     
0    0    -1.58862    -1.81617    -0.607086    -0.807209     
0    0    0    0.457652    0    0     
0    0.410056    0.316571    -1.52323    0.0509624    -1.00609     
0    0    0    -1.3975    0    -0.0665575     
0    0    0    -1.30627    0    -0.25574     
0    -0.296168    0    0    0    0     
-3.41173    -2.277    -1.29954    -1.17636    -2.42686    -2.69192     
-2.27449    -1.518    -0.86636    -0.784243    -1.61791    -1.79461     
-1.51633    -1.012    -0.577573    -0.522829    -1.07861    -1.19641     
-1.01088    -0.674668    -0.385049    -0.348553    -0.71907    -0.797607     
0.0937626    0    -1.42335    -1.90887    -0.577652    -0.979657     
0    0    0    -0.865627    0    0     
0    0    0    -1.3465    0    0     
0    0    0    -2.45342    0    0.186127     
0    0    0    -1.51343    0    0     
0    -1.15773    0    -0.579362    0    0     
-2.12293    -1.14188    0.0729309    -1.37347    -1.04794    -1.2275     
-1.41529    -0.761254    0.0486206    -0.915646    -0.698629    -0.818336     
-0.943525    -0.507502    0.0324137    -0.610431    -0.465752    -0.545558     
-0.629016    -0.338335    0.0216091    -0.406954    -0.310502    -0.363705     
0.348341    0    -1.11727    -1.9478    -0.252532    -0.691544     
0    0    0    -0.884122    0    0     
0    0    0.376148    -1.69428    0    -0.193161     
0    0    0    0    0    0     
-0.0519664    -1.47271    -2.87771    -3.25826    -2.77923    -3.72625     
-0.0346442    -0.981805    -1.91847    -2.17217    -1.85282    -2.48416     
-0.0230962    -0.654537    -1.27898    -1.44812    -1.23521    -1.65611     
-0.0153974    -0.436358    -0.852655    -0.965411    -0.823476    -1.10407     
-0.010265    -0.290905    -0.568437    -0.643607    -0.548984    -0.736049     
-0.00684331    -0.193937    -0.378958    -0.429071    -0.365989    -0.490699     
0    0    -1.77167    -2.14321    -0.50033    -0.864048     
0    0    0    0.237287    0    0     
0    0.308077    -0.733361    -1.58181    -0.29314    -0.820284     
0    0    -0.319179    -1.13589    0    0.141967     
0    0    0    0    0    0     
-1.23433    -4.36966    -2.63112    -1.53914    -3.46293    -3.56863     
-0.822884    -2.91311    -1.75408    -1.02609    -2.30862    -2.37908     
-0.548589    -1.94207    -1.16939    -0.684063    -1.53908    -1.58606     
-0.365726    -1.29471    -0.779591    -0.456042    -1.02605    -1.05737     
-0.243818    -0.863142    -0.519728    -0.304028    -0.684036    -0.704914     
0    0    -2.06806    -2.21302    -0.838152    -1.28174     
0    0    0    0    0    0     
-0.839667    -2.96365    -5.06415    -3.92562    -4.69446    -4.89202     
0.207907    0.262805    -5.25306    -4.78155    -3.7043    -4.2867     
0    0    -5.379    -5.35217    -3.0442    -3.88314     
0    0    0    0    0    0     
-2.40858    -5.76133    -3.49511    -2.49763    -4.79486    -4.44322     
-1.60572    -3.84089    -2.33007    -1.66509    -3.19658    -2.96215     
-1.07048    -2.56059    -1.55338    -1.11006    -2.13105    -1.97476     
-0.713654    -1.70706    -1.03559    -0.740039    -1.4207    -1.31651     
0.291916    0    -2.80944    -2.67009    -1.55543    -2.06742     
0    0    -1.83935    -2.02941    0    -0.522427     
0    0    -0.726692    0.281579    0    0     
0    0    -1.44935    0    0    0     
0    -0.0172854    -4.93141    -0.401631    -1.21789    -1.14187     
0    0    -1.45981    0    0    0     
0    -3.76301    -4.33317    0.343096    -1.55658    -1.03431     
0    -0.566246    -0.889169    0    0.388419    0     
-2.34064    -3.09043    -4.63212    -1.28323    -3.22691    -2.03285     
-1.56043    -2.06029    -3.08808    -0.855485    -2.15127    -1.35523     
-0.272601    0    -4.17776    -2.53124    -1.92937    -1.89767     
0    0    -2.60684    -1.28376    0    0.244072     
0    0    -0.614613    0    0    0     
0    0    -3.98906    0    -0.0108798    -0.636921     
0    0    -2.59975    0    0    0     
0    -1.99316    -3.50667    0    0    0.0876727     
-2.18721    -1.63937    -3.93431    0    -0.00520413    -1.6813     
-3.09576    -2.2291    -4.31562    0    -1.56796    -2.77041     
-2.06384    -1.48607    -2.87708    0    -1.04531    -1.84694     
-1.37589    -0.990712    -1.91805    0    -0.696873    -1.23129     
-0.149578    0    -3.39775    -1.50552    -1.28238    -2.00149     
0    0    -2.24362    -0.0134682    0    -0.234419     
0    0    -0.699326    0    0    0     
0    0    -3.44984    0    0    0.0245568     
0    0    -2.77177    0    0    0     
0    -0.937191    -2.28798    0    0    0     
-2.01709    -0.901929    -3.54672    0    -1.56894    -0.5562     
-2.64737    -1.26696    -3.60775    0    -2.23202    -1.5503     
-1.76491    -0.844642    -2.40517    0    -1.48801    -1.03354     
-1.17661    -0.563095    -1.60345    0    -0.992009    -0.689024     
-0.0167207    0    -3.18801    -1.17074    -1.01462    -1.57808     
0    0    -1.98662    0    0    0     
0    0    -3.64931    0    0    0     
0    0    -5.53369    0    0.253541    -0.378834     
0    0    -2.75988    0    0    0     
0    -2.08584    -2.44157    0    -0.906484    -0.333159     
-1.23623    0.00149368    -0.485574    0    -0.412655    0.114106     
-2.00222    -0.469562    -1.23747    0    -1.20156    -1.23632     
-1.33481    -0.313041    -0.824979    0    -0.801041    -0.824212     
-0.889874    -0.208694    -0.549986    0    -0.534027    -0.549475     
0.174436    0    -2.4857    -0.789614    -0.959381    -1.76072     
0    0    -1.50471    0    0    0.0974458     
0    0    -0.0174962    0    0    0     
0    0    -1.41264    0    -0.632179    -0.976205     
0    0    0    0    0    0     
-0.0497015    -3.89594    -1.29407    -0.972145    -2.67473    -1.91447     
-0.0331343    -2.5973    -0.862713    -0.648097    -1.78315    -1.27631     
-0.0220895    -1.73153    -0.575142    -0.432065    -1.18877    -0.850874     
-0.0147264    -1.15435    -0.383428    -0.288043    -0.792513    -0.56725     
-0.00981757    -0.769569    -0.255619    -0.192029    -0.528342    -0.378166     
0    0    -2.32784    -0.797311    -0.889746    -1.67111     
0    0    0    0    0    0     
0.14052    -0.530838    -4.47908    -2.60428    -3.79854    -3.87897     
0    0    -5.3425    -2.57814    -3.07024    -4.05802     
0    0    -1.26034    0    0    0     
0    -0.997275    -1.74789    0    0    0     
-2.9135    -1.12909    -3.82661    0    -1.77731    -0.769636     
-2.86182    -1.0286    -3.17754    0    -1.84346    -1.39985     
-1.90788    -0.685736    -2.11836    0    -1.22898    -0.933235     
-1.27192    -0.457158    -1.41224    0    -0.819318    -0.622157     
-0.0802627    0    -3.29794    -0.929342    -0.991702    -1.86151     
0    0    -2.33484    0    0    0.378395     
0    0    -1.03079    0    0    0     
0    0    -2.96633    0.262353    -0.376314    -0.357833     
0    0    0    0    0    0     
-0.38463    -4.36342    -2.44598    -2.19405    -3.09235    -1.54607     
-0.25642    -2.90894    -1.63066    -1.4627    -2.06156    -1.03071     
-0.170947    -1.9393    -1.0871    -0.975133    -1.37438    -0.687141     
-0.113964    -1.29286    -0.724736    -0.650089    -0.916251    -0.458094     
-0.0759762    -0.861909    -0.483157    -0.433392    -0.610834    -0.305396     
0    0    -2.82132    -1.28077    -1.02495    -1.83581     
0    0    0    0    0    0     
-0.119694    -0.953466    -5.80223    -4.05692    -4.36278    -4.1119     
0    0    -6.57189    -3.84173    -3.68517    -4.52829     
0    0    -2.11394    0    0    0     
0    -1.56009    -2.82385    0    0    0     
-3.61409    -2.27628    -5.10342    0.268721    -1.64344    -0.578696     
-2.4094    -1.51752    -3.40228    0.179147    -1.09563    -0.385797     
-1.60626    -1.01168    -2.26818    0.119432    -0.730419    -0.257198     
-1.07084    -0.674452    -1.51212    0.079621    -0.486946    -0.171465     
0.0537901    0    -3.71181    -1.02704    -1.0654    -1.84756     
0    0    -2.77853    0    0    0.310783     
0    0    -1.21741    0    0    0     
0    0    -3.34029    0    0    0     
0    0    -5.63132    0    0    0     
0    -1.50887    -5.24525    0    0    0     
-3.19889    -1.38363    -6.08958    0    -0.705702    0.122992     
-3.07149    -1.03699    -4.54655    0    -1.07825    -0.119333     
-2.04766    -0.691324    -3.03103    0    -0.71883    -0.0795555     
-1.3651    -0.460883    -2.02069    0    -0.47922    -0.053037     
-0.142384    0    -4.05086    -1.19188    -1.25164    -1.77102     
0    0    -2.8629    0    0    0     
0    0    -4.54164    0    0    0     
0    0    -6.63358    0    0    0     
0    0    -8.72161    0    -0.123485    0.111642     
0    0    -1.85074    0    0    0     
0    -1.05671    -2.72215    0    0    0     
-3.57376    -1.27335    -4.92797    0.16002    -1.47877    -0.291641     
-2.38251    -0.848902    -3.28531    0.10668    -0.985846    -0.194427     
-1.58834    -0.565935    -2.19021    0.0711198    -0.657231    -0.129618     
-0.291208    0    -4.16387    -1.0798    -1.76163    -1.98036     
0    0    -3.21135    0    0    -0.238651     
0    0    -1.91152    0    0    0     
0    0    -4.68662    -1.17912    -2.4684    -2.23932     
0    0    -0.565782    0    0    0     
0.228902    -0.922134    -1.62653    0    0    0     
-3.78135    -4.16082    -6.98827    -4.12421    -4.21283    -2.81136     
-2.5209    -2.77388    -4.65884    -2.74948    -2.80856    -1.87424     
-1.6806    -1.84925    -3.1059    -1.83298    -1.87237    -1.24949     
-1.1204    -1.23284    -2.0706    -1.22199    -1.24825    -0.832995     
0.020752    0    -4.08413    -2.06117    -2.06054    -2.54768     
0    0    -3.13811    0.000845979    0    -0.600194     
0    0    -1.14385    0    0    0     
0    0    -4.6076    0    -0.571479    -0.430247     
0    0    -1.394    0    0    0     
0.333114    -0.590532    -1.75637    0    0    0     
-3.75408    -3.75433    -6.63585    -4.02966    -4.23834    -2.87745     
-2.50272    -2.50289    -4.4239    -2.68644    -2.82556    -1.9183     
-1.66848    -1.66859    -2.94927    -1.79096    -1.8837    -1.27887     
-1.11232    -1.11239    -1.96618    -1.19397    -1.2558    -0.852578     
0.0261387    0    -4.01452    -2.12705    -1.86884    -2.56958     
0    0    -3.00415    0.0972354    0    -0.401386     
0    0    -0.531721    0    0    0     
0    0    -3.65454    0    -0.134246    -0.00182404     
0    0    -0.235561    0    0    0     
0.156472    -2.50087    -0.349879    -0.18376    -1.23947    0.299222     
0.104315    -1.66725    -0.233253    -0.122507    -0.826315    0.199481     
0.0695433    -1.1115    -0.155502    -0.0816711    -0.550877    0.132988     
0.0463622    -0.741    -0.103668    -0.0544474    -0.367251    0.0886584     
0.0309081    -0.494    -0.0691119    -0.0362983    -0.244834    0.0591056     
0    0    -2.74981    -1.46012    -1.24571    -2.24692     
0    0    0    0    0    0     
-2.12293    -1.50224    -6.82775    -5.84009    -6.00888    -5.63698     
-0.647599    0    -7.55562    -5.60182    -5.10134    -6.11442     
0    0    -5.46067    -2.60125    -1.12457    -2.96774     
0    0    0    0    0    0     
-3.1348    -5.79841    -4.29951    -4.39419    -5.1802    -3.9946     
-2.08987    -3.86561    -2.86634    -2.92946    -3.45347    -2.66307     
-1.39324    -2.57707    -1.91089    -1.95297    -2.30231    -1.77538     
-0.92883    -1.71805    -1.27393    -1.30198    -1.53488    -1.18358     
0.148466    0    -4.11596    -2.71752    -2.39744    -3.37764     
0    0    -3.47591    -0.80452    0    -1.18708     
0    0    -1.57353    0    0    0.149925     
0    0    -0.646151    0    0    0     
0.435495    0    -4.98949    0.285736    -0.583549    -0.171171     
0    0    -0.721876    0    0    0     
-5.26056    -1.29999    -4.11647    -0.941257    -2.56449    -0.843843     
-3.50704    -0.866661    -2.74431    -0.627505    -1.70966    -0.562562     
-2.33803    -0.577774    -1.82954    -0.418336    -1.13977    -0.375041     
-1.55869    -0.385183    -1.21969    -0.278891    -0.759849    -0.250028     
-0.271438    0    -4.07981    -1.90692    -1.75217    -2.88069     
0    0    -3.25246    0.381733    0    -0.668478     
0    0    -1.09762    0    0    0     
0    0    -4.72819    0    0    0     
0.337357    0    -8.05123    0.162431    -0.141462    0.00737226     
0    0    -2.67803    0    0    0     
-5.38132    -1.40046    -5.56658    -0.990532    -2.83113    -0.967273     
-3.58754    -0.933638    -3.71105    -0.660355    -1.88742    -0.644849     
-2.3917    -0.622425    -2.47403    -0.440236    -1.25828    -0.429899     
-1.59446    -0.41495    -1.64936    -0.293491    -0.838852    -0.286599     
-0.295291    0    -4.36625    -1.90923    -1.69243    -2.93333     
0    0    -3.40865    0.464794    0    -0.390575     
0    0    -0.523035    0    0    0     
0    0    -4.37463    0    0    0.2521     
0    0    -2.23035    0    0    0     
0.035841    -3.5271    -2.81492    -0.875738    -1.97895    0.419106     
0.023894    -2.3514    -1.87661    -0.583826    -1.3193    0.279404     
0.0159293    -1.5676    -1.25107    -0.389217    -0.879532    0.186269     
0.0106196    -1.04507    -0.834049    -0.259478    -0.586355    0.12418     
0.0070797    -0.696711    -0.556033    -0.172985    -0.390903    0.0827864     
0    0    -3.63737    -2.25976    -1.12143    -3.11366     
0    0    0    0    0    0     
-2.58486    -1.71562    -8.29457    -6.98263    -6.82552    -6.42607     
-0.955556    0    -9.04094    -6.8371    -5.56451    -7.56942     
0    0    -6.65129    -3.32043    -0.353764    -4.0357     
0    0    0    0    0    0     
-4.16754    -7.12141    -5.0742    -5.91501    -6.42505    -3.68773     
-2.77836    -4.74761    -3.3828    -3.94334    -4.28337    -2.45848     
-1.85224    -3.16507    -2.2552    -2.62889    -2.85558    -1.63899     
-1.23483    -2.11005    -1.50347    -1.7526    -1.90372    -1.09266     
-0.0555324    0    -4.60433    -3.41527    -2.38122    -4.21523     
0    0    -3.53959    -1.06328    0    -2.01587     
0    0    -1.39923    0    0    -0.836689     
0    0    -0.933629    0    0    -1.1374     
0    0    -0.463092    0    0    -0.99717     
0    -1.56595    0    0    0    0     
-9.94767    -5.84786    -7.84541    -9.35624    -11.0946    -7.69326     
-6.63178    -3.89857    -5.23027    -6.23749    -7.39641    -5.12884     
-4.42119    -2.59905    -3.48685    -4.15833    -4.93094    -3.41923     
-2.94746    -1.7327    -2.32457    -2.77222    -3.28729    -2.27949     
-1.19729    0    -5.15173    -4.05179    -3.19715    -5.00645     
0    0    -3.77743    -1.17999    0    -2.38024     
0    0    -1.30234    0    0    -0.42662     
0    0    -0.616071    0    0    -0.305627     
0    0    -0.158555    0    0    -0.224964     
0    0    0    0    0    0     
-4.18107    -7.13604    -4.29574    -5.63559    -6.2618    -4.05672     
-2.78738    -4.75736    -2.86382    -3.75706    -4.17453    -2.70448     
-1.85825    -3.17157    -1.90922    -2.50471    -2.78302    -1.80299     
-1.23884    -2.11438    -1.27281    -1.6698    -1.85535    -1.20199     
-0.058205    0    -4.48621    -3.1845    -1.9538    -4.35651     
0    0    -2.98368    -0.218205    0    -1.90771     
0    0    -0.147313    0    0    -0.113875     
0    0    0    0    0    -0.292821     
0.244889    0    0.227821    0    -0.256316    -4.49706     
0    -1.19056    0    0    0    0.0724434     
-5.23444    -0.425892    0    -0.671257    -3.54598    -3.92522     
-6.03361    -2.65692    0    -4.11129    -5.71623    -5.83483     
-4.02241    -1.77128    0    -2.74086    -3.81082    -3.88989     
-2.6816    -1.18085    0    -1.82724    -2.54055    -2.59326     
-1.02005    0    -3.41433    -2.60588    -2.17699    -5.28402     
0    0    -2.06276    0    0    -2.19181     
0    0    0    0    0    0.123659     
0    0    0    0    0    -1.55072     
0    0    0    0    0    -3.6112     
-0.080809    -0.335914    0    0    0    -2.33058     
-5.38423    -4.28912    -2.30851    -5.1986    -5.77925    -7.52043     
-3.58949    -2.85941    -1.53901    -3.46573    -3.85283    -5.01362     
-2.39299    -1.90628    -1.02601    -2.31049    -2.56856    -3.34241     
-1.59533    -1.27085    -0.684004    -1.54033    -1.71237    -2.22828     
-0.295867    0    -3.64153    -2.47781    -1.08324    -5.0407     
0    0    -1.91183    0    0    -2.19675     
0    0    0    0    0    -0.821626     
0    0    -1.29452    -2.15995    -1.5633    -3.08885     
0    0    0    0    0    0     
-3.47828    -6.36929    -3.76001    -6.07685    -6.23296    -3.14077     
-2.31886    -4.24619    -2.50667    -4.05123    -4.1553    -2.09385     
-1.5459    -2.8308    -1.67111    -2.70082    -2.7702    -1.3959     
-1.0306    -1.8872    -1.11408    -1.80055    -1.8468    -0.9306     
-0.687068    -1.25813    -0.742717    -1.20037    -1.2312    -0.6204     
0.30964    0    -3.69706    -2.37179    -0.77958    -4.01756     
0    0    -1.78084    0    0    -1.60052     
0    0    0    0    0    0.191991     
0    0    0    0    0    -1.91156     
0    0    0    0    0    -4.27678     
-0.258548    0.0354599    0    0    0.492487    -3.30719     
-4.99107    -2.78873    -1.11639    -4.07655    -6.07747    -6.66373     
-3.32738    -1.85915    -0.744257    -2.7177    -4.05165    -4.44249     
-2.21825    -1.23943    -0.496172    -1.8118    -2.7011    -2.96166     
-1.47884    -0.826289    -0.330781    -1.20787    -1.80073    -1.97444     
-0.218206    0    -3.44318    -2.69548    -0.951222    -4.92025     
0    0    -1.38439    0.217567    0    -2.40803     
0    0    0    0    0    -0.443636     
0.364836    0    0    0.269186    0.396611    -4.25521     
0    0    0    -2.01906    0    -5.21901     
0    0    0    0    0    -2.16682     
0.0886769    0.268036    0    0    0.310776    -1.31109     
-5.04003    -2.69176    -1.25059    -3.96707    -6.22476    -5.20135     
-3.36002    -1.79451    -0.833726    -2.64471    -4.14984    -3.46757     
-2.24002    -1.19634    -0.555817    -1.76314    -2.76656    -2.31171     
-0.725658    0    -3.67286    -3.37094    -1.4404    -5.1451     
0    0    -1.50898    -0.121892    0    -2.39202     
0    0    0    0    0    -0.23957     
0.44944    0    0    0    0    -4.1554     
0    0    -1.47776    -3.24403    -1.13988    -8.66248     
0    0    0    0    0    0     
-4.60758    -7.21708    -4.85666    -6.71419    -8.2422    -4.2226     
-3.07172    -4.81139    -3.23777    -4.47613    -5.4948    -2.81507     
-2.04781    -3.20759    -2.15852    -2.98409    -3.6632    -1.87671     
-1.36521    -2.13839    -1.43901    -1.98939    -2.44213    -1.25114     
-0.142454    0    -4.71071    -3.61055    -1.14752    -4.65553     
0    0    -2.74567    -0.715825    0    -2.20985     
0    0    0    0    0    0.154351     
0    0    0    0    0    -3.3476     
0.476431    0    0    -0.0334016    -0.0656317    -6.51533     
0    -2.8587    0    -0.257076    0    -3.3209     
-3.20331    -0.372194    0    -0.443439    -1.53979    -5.24387     
-4.94048    -2.77764    0    -4.40639    -4.87179    -7.09633     
-3.29365    -1.85176    0    -2.93759    -3.24786    -4.73089     
-2.19577    -1.23451    0    -1.9584    -2.16524    -3.15393     
-0.696161    0    -3.72233    -3.87168    -1.02486    -5.92405     
0    0    -1.67112    -0.934742    0    -2.77829     
0    0    0    0    0    0     
-3.42938    -1.36281    -8.30162    -7.99486    -6.99612    -7.74178     
-1.51857    0    -9.53939    -7.93055    -4.35367    -9.09342     
0    0    -1.49456    -0.885171    0    -1.06636     
-0.395248    0    0    0    0    0     
-4.36585    -8.14424    -2.8623    -5.27967    -6.15783    -2.49306     
-2.91057    -5.42949    -1.9082    -3.51978    -4.10522    -1.66204     
-1.94038    -3.61966    -1.27213    -2.34652    -2.73681    -1.10803     
-0.525901    0    -4.85307    -4.16499    -1.18566    -4.67092     
0    0    -2.30072    -0.868963    0    -2.03334     
0    0    0    0    0    0     
-3.46636    -1.76703    -8.21106    -8.01581    -7.19666    -7.35808     
-1.54322    0    -9.61859    -7.96797    -4.25475    -8.91726     
0    0    -1.62411    -0.555451    0    -0.843406     
-0.0986334    0    0    0    0    0     
-4.1468    -8.60372    -3.32642    -5.355    -6.32923    -2.25229     
-2.76454    -5.73582    -2.21761    -3.57    -4.21948    -1.50153     
-1.84302    -3.82388    -1.47841    -2.38    -2.81299    -1.00102     
-0.460998    0    -5.13016    -4.21077    -1.0636    -4.67922     
0    0    -2.69273    -0.612575    0    -1.9855     
0    0    0    0    0    0     
-3.77603    -1.96392    -9.00809    -7.93608    -7.16361    -7.20677     
-1.74967    0    -10.2199    -7.96418    -4.06755    -9.06481     
0    0    -1.80462    -0.384585    0    -0.675305     
0.229839    0    0    0    0    0     
-3.819    -9.14748    -3.55393    -5.45937    -6.70479    -1.78506     
-2.546    -6.09832    -2.36929    -3.63958    -4.46986    -1.19004     
-1.69733    -4.06555    -1.57952    -2.42639    -2.97991    -0.793359     
-0.363871    0    -5.26755    -4.29105    -1.21543    -4.7892     
0    0    -2.70622    -0.573218    0    -2.00836     
0    0    0    0    0    0     
-3.9385    -2.37945    -9.20714    -8.06854    -7.37078    -7.56079     
-1.85798    0    -10.6949    -8.37002    -4.11515    -9.4792     
0    0    -2.17212    -0.85793    0    -0.61469     
0.131531    0    0    0    0    0     
-4.4462    -9.56059    -3.75107    -5.69692    -7.18429    -1.8966     
-2.96414    -6.37372    -2.50071    -3.79795    -4.78953    -1.2644     
-1.97609    -4.24915    -1.66714    -2.53197    -3.19302    -0.842932     
-0.549708    0    -5.66826    -4.67897    -1.26416    -5.00063     
0    0    -3.3192    -1.31601    0    -2.06106     
0    0    0    0    0    0     
-4.91259    -3.10877    -10.2865    -9.37952    -8.34723    -8.26075     
-2.50738    0    -11.7562    -9.32204    -4.68992    -9.99678     
0    0    -3.06581    -1.37128    0    -1.13666     
-0.0757024    0    0    0    0    0     
-5.70858    -9.80302    -3.98015    -6.16932    -7.90035    -2.61441     
-3.80572    -6.53535    -2.65343    -4.11288    -5.2669    -1.74294     
-2.53715    -4.3569    -1.76896    -2.74192    -3.51127    -1.16196     
-0.923747    0    -6.0779    -4.89698    -1.20268    -5.26425     
0    0    -4.17507    -1.48815    0    -2.44269     
0    0    0    0    0    0     
-5.16836    -2.64321    -10.1565    -9.2595    -8.31355    -8.22739     
-2.67789    0    -11.8546    -9.4037    -4.36649    -10.2214     
0    0    -2.86797    -1.02711    0    -0.839532     
-0.115194    0    0    0    0    0     
-5.91233    -10.1176    -3.79545    -5.79177    -8.33792    -2.12227     
-3.94156    -6.74507    -2.5303    -3.86118    -5.55862    -1.41485     
-2.6277    -4.49671    -1.68687    -2.57412    -3.70574    -0.943233     
-0.984118    0    -6.20814    -4.94678    -1.19547    -5.36533     
0    0    -4.13679    -1.27398    0    -2.30852     
0    0    0    0    0    0     
-5.27546    -2.96485    -9.53721    -10.0477    -8.70922    -8.62664     
-2.74929    0    -11.6282    -10.2144    -4.40331    -10.6515     
0    0    -2.23436    -1.84476    0    -0.87239     
0.228612    0    0    0    0    0     
-5.77886    -10.9493    -3.36268    -6.18634    -8.94292    -2.46364     
-3.85257    -7.29953    -2.24178    -4.12422    -5.96194    -1.64243     
-2.56838    -4.86635    -1.49452    -2.74948    -3.97463    -1.09495     
-0.944569    0    -6.26642    -5.34895    -1.18691    -5.63041     
0    0    -3.85155    -2.10784    0    -2.39552     
0    0    0    0    0    0     
-6.10997    -4.40122    -10.4233    -10.8833    -9.34197    -9.17601     
-3.30563    0    -12.5204    -10.9073    -4.77441    -11.0752     
0    0    -2.71162    -2.166    0    -1.10207     
0.0873004    0    0    0    0    0     
-6.77646    -11.7074    -3.72949    -6.55255    -9.28765    -2.73714     
-4.51764    -7.8049    -2.48633    -4.36837    -6.19177    -1.82476     
-3.01176    -5.20327    -1.65755    -2.91224    -4.12784    -1.21651     
-1.24016    0    -6.67658    -5.59329    -1.20512    -5.76887     
0    0    -4.3001    -2.18396    0    -2.48499     
0    0    0    0    0    0     
-7.22005    -5.31313    -11.0531    -12.3712    -10.9261    -9.88784     
-4.04568    0    -12.957    -12.2021    -6.08481    -11.6516     
0    0    -3.14921    -2.84199    0    -1.48049     
-0.0262583    0    0    0    0    0     
-7.87491    -12.332    -4.37306    -7.13322    -10.2513    -3.12861     
-5.24994    -8.22134    -2.91537    -4.75548    -6.83421    -2.08574     
____________________________________
Fri Mar 29 17:56:39 2024


PARAMETERS
NUMBER_NEURON = 6
VOLTAGE_TRESHOLD = 0.7
LEARNING_RATE = 0.1
LEAK_RATE = 1.5
TIME_ITERATION = 500
ITERATION_SPIKE_IN = 5
THRESHOLD_COORDINATES = 0.03
THRESHOLD_GYROSCOPE = 0.05  0.05  1.9   
____________________________________
Fri Mar 29 17:56:39 2024


PARAMETERS
NUMBER_NEURON = 6
VOLTAGE_TRESHOLD = 0.7
LEARNING_RATE = 0.1
LEAK_RATE = 1.5
TIME_ITERATION = 500
ITERATION_SPIKE_IN = 5
THRESHOLD_COORDINATES = 0.03
THRESHOLD_GYROSCOPE = 0.05  0.05  1.9   
0.345447    0.524631    0    0.194269    0.192029    0.46664     
0    0    0    0    0    0     
0    0    0    0    0    0     
0    0    0    0    0    0     
0    0    0    0    0    0.217463     
0    0    0    0    0    0.540787     
0    0    0    0    0    0.5698     
0    0    0    0    0    0.589142     
____________________________________
Mon Apr  1 09:43:51 2024


PARAMETERS
NUMBER_NEURON = 6
VOLTAGE_TRESHOLD = 0.5
LEARNING_RATE = 0.1
LEAK_RATE = 1.5
TIME_ITERATION = 10
ITERATION_SPIKE_IN = 10
THRESHOLD_COORDINATES = 0.03
THRESHOLD_GYROSCOPE = 0.05  0.05  1.9   
____________________________________
Mon Apr  1 09:43:51 2024


PARAMETERS
NUMBER_NEURON = 6
VOLTAGE_TRESHOLD = 0.5
LEARNING_RATE = 0.1
LEAK_RATE = 1.5
TIME_ITERATION = 10
ITERATION_SPIKE_IN = 10
THRESHOLD_COORDINATES = 0.03
THRESHOLD_GYROSCOPE = 0.05  0.05  1.9   
0.493583    0    0.292517    0    0    0     
0    0    0    0    0    0     
0    0    0    0    0    0     
0    0    0    0.230977    -0.577203    0     
0.127732    0.400481    -0.356782    -0.0444506    -1.96349    0     
0.155574    0    0.205672    0    -1.25049    0.486886     
0    0    0    0    -1.31172    0     
0.358335    0    0    -0.0248289    -2.64194    0     
0    0    0    0    -2.21845    0     
0.353392    0    0    0.046382    -3.14854    0     
____________________________________
Mon Apr  1 09:46:16 2024


PARAMETERS
NUMBER_NEURON = 6
VOLTAGE_TRESHOLD = 0.5
LEARNING_RATE = 0.1
LEAK_RATE = 1.5
TIME_ITERATION = 10
ITERATION_SPIKE_IN = 10
THRESHOLD_COORDINATES = 0.03
THRESHOLD_GYROSCOPE = 0.05  0.05  1.9   
0.107848    0    0.363598    0.28827    0.331386    0.0911486     
0    0    0    0    0    0     
0    0    0    0    0    0     
0    0    0    0    0    0     
0    0    0    0.476026    0    0     
0    -0.320074    -0.514322    -0.0146383    0.416794    -0.540102     
____________________________________
Mon Apr  1 10:21:41 2024


PARAMETERS
NUMBER_NEURON = 6
VOLTAGE_TRESHOLD = 0.5
LEARNING_RATE = 0.1
LEAK_RATE = 1.5
TIME_ITERATION = 10
ITERATION_SPIKE_IN = 10
THRESHOLD_COORDINATES = 0.03
THRESHOLD_GYROSCOPE = 0.05  0.05  1.9   
____________________________________
Mon Apr  1 10:21:41 2024


PARAMETERS
NUMBER_NEURON = 6
VOLTAGE_TRESHOLD = 0.5
LEARNING_RATE = 0.1
LEAK_RATE = 1.5
TIME_ITERATION = 10
ITERATION_SPIKE_IN = 10
THRESHOLD_COORDINATES = 0.03
THRESHOLD_GYROSCOPE = 0.05  0.05  1.9   
0.493583    0    0.292517    0    0    0     
0    0    0    0    0    0     
0    0    0    0    0.402608    0     
____________________________________
Mon Apr  1 10:26:17 2024


PARAMETERS
NUMBER_NEURON = 6
VOLTAGE_TRESHOLD = 0.5
LEARNING_RATE = 0.1
LEAK_RATE = 1.5
TIME_ITERATION = 10
ITERATION_SPIKE_IN = 10
THRESHOLD_COORDINATES = 0.03
THRESHOLD_GYROSCOPE = 0.05  0.05  1.9   
____________________________________
Mon Apr  1 10:26:17 2024


PARAMETERS
NUMBER_NEURON = 6
VOLTAGE_TRESHOLD = 0.5
LEARNING_RATE = 0.1
LEAK_RATE = 1.5
TIME_ITERATION = 10
ITERATION_SPIKE_IN = 10
THRESHOLD_COORDINATES = 0.03
THRESHOLD_GYROSCOPE = 0.05  0.05  1.9   
0.493583    0    0.292517    0    0    0     
0    0    0    0    0    0     
0    0    0    0    0.402608    0     
0    0    0    0.140762    -0.503221    0     
0.0356036    0    -0.0752918    -0.418961    -0.872948    0.430248     
0.405742    0.407033    -0.294531    0.18431    -0.249286    0     
0.328955    0    -0.0715373    0    0.0646441    0.140802     
0    0    0    0    -0.106461    0     
0    0    0    0.40689    -0.616396    0     
0.0333065    0    -0.132604    -0.164644    -1.08627    0     
____________________________________
Mon Apr  1 10:29:15 2024


PARAMETERS
NUMBER_NEURON = 6
VOLTAGE_TRESHOLD = 0.7
LEARNING_RATE = 0.1
LEAK_RATE = 1.5
TIME_ITERATION = 10
ITERATION_SPIKE_IN = 10
THRESHOLD_COORDINATES = 0.03
THRESHOLD_GYROSCOPE = 0.05  0.05  1.9   
____________________________________
Mon Apr  1 10:29:15 2024


PARAMETERS
NUMBER_NEURON = 6
VOLTAGE_TRESHOLD = 0.7
LEARNING_RATE = 0.1
LEAK_RATE = 1.5
TIME_ITERATION = 10
ITERATION_SPIKE_IN = 10
THRESHOLD_COORDINATES = 0.03
THRESHOLD_GYROSCOPE = 0.05  0.05  1.9   
0    0    0.498144    0.5762    0.162757    0.273911     
0    0    0    0    0    0     
0    0    0    0    0    0     
