____________________________________
Fri Mar 29 17:10:26 2024


PARAMETERS
NUMBER_NEURON = 6
VOLTAGE_TRESHOLD = 0.5
LEARNING_RATE = 0.1
LEAK_RATE = 1.5
TIME_ITERATION = 500
ITERATION_SPIKE_IN = 5
THRESHOLD_COORDINATES = 0.1
THRESHOLD_GYROSCOPE = 0.05  0.05  1.9   
____________________________________
Fri Mar 29 17:10:26 2024


PARAMETERS
NUMBER_NEURON = 6
VOLTAGE_TRESHOLD = 0.5
LEARNING_RATE = 0.1
LEAK_RATE = 1.5
TIME_ITERATION = 500
ITERATION_SPIKE_IN = 5
THRESHOLD_COORDINATES = 0.1
THRESHOLD_GYROSCOPE = 0.05  0.05  1.9   
0.493583    0    0.292517    0    0    0     
0    0    0    0    0    0     
0    0    0    0    0    0     
0    0    0    0    0    0     
0    0    0    0    -0.10233    0     
0    0    0    0.301743    -1.24767    0     
0.33538    0.288579    0    0    -0.934217    0     
0    0    0    0    -1.15676    0.485766     
0    0    0    0    -0.379821    0     
0    0    0    0    -0.580903    0     
0.242496    0    0    0    -1.13611    0     
0    0    0    0    -0.955634    0     
0    0    0    0    -1.46992    0     
0.364422    0    0    0    -2.37886    0     
0    0    0    0    -1.81624    0     
0.210188    0    0    0    -2.43655    0     
0    0    0    0    -1.38788    0     
0.119662    0    0    0    -1.79955    0     
0    0    0    0    -1.04131    0     
-0.262625    0    0.459059    0    -1.78362    0     
0.0884227    0    0    0    -1.38348    0     
0    0    0    0    -0.0256762    0     
0    0    0    0    -0.238198    0     
0    0    0    0    -1.07807    0     
0.387067    0    0    0    -2.14634    0     
0    0    0    0    -1.18556    0     
-0.152916    0    -0.165086    0    -1.97835    0     
0    0    0    0    -1.07206    0     
0.0524347    0.429496    0    0    -2.1386    0     
0    0    0    0    -1.39013    0     
-0.22201    0.292011    0.404824    0    -2.67947    0     
0    0    0    0    -1.95661    0     
0.261581    0    0    0    -3.47206    0     
0    0    0    0    -2.58428    0     
0.410921    0    0    0    -3.90555    0     
0    0    0    0    -2.8698    0     
0.349732    0.447126    0.358552    0    -4.20977    0.483765     
0    0    0    0    -2.9985    0     
0.377334    -0.0407856    0    0    -3.54291    0     
0    0    0    0    -2.20722    0     
0    0    0    0    -3.22695    0     
0    0    0    0    -4.57755    0     
0    0    0    0    -5.92906    0     
0    0.0331443    -0.0140591    0    -7.48316    0     
0    0    0    0    -7.03819    0     
0    0.161404    -0.0245865    0    -8.17145    0     
0    0.457368    0.00614467    -0.203191    -7.41922    -0.712919     
0    -0.752643    -1.11175    -1.78489    -5.88098    -1.43441     
0    -0.501762    -0.741167    -1.18992    -3.92066    -0.956272     
0    -0.334508    -0.494111    -0.793283    -2.61377    -0.637515     
0    -0.223005    -0.329408    -0.528855    -1.74251    -0.42501     
0.493583    0.364717    0.141873    0    -1.14743    0     
0    0    0    0    -1.27222    0     
0    0    0.206543    0    -4.01565    0     
0    0    0    0    -4.54559    0     
0    0    0.240878    0    -5.85852    0     
0    0    0    0.470025    -5.35409    0     
0.232032    -0.0511019    0.422229    0    -5.2686    0.0920809     
0    0    0    -0.610897    -3.41276    0     
0    0.281165    0    0    -3.34085    0     
0    0    0.404663    -0.382618    -3.50628    -0.00559709     
0.364097    -0.106927    0.0652498    0    -2.80562    0     
0    0    0    0    -1.66776    0     
0    0    0    0    -2.75655    0     
0    0    0    0    -4.01111    0     
0.339209    -0.0188636    0.0440423    0    -5.34518    0     
0    0    0    0    -3.77652    0     
-0.0882376    -0.826529    -0.00115427    -0.222263    -5.56064    -0.647973     
-0.0588251    -0.551019    -0.000769513    -0.148175    -3.7071    -0.431982     
-0.0392167    -0.367346    -0.000513009    -0.0987836    -2.4714    -0.287988     
-0.0261445    -0.244897    -0.000342006    -0.0658557    -1.6476    -0.191992     
0.476153    0.399355    0.0144033    0    -1.08415    0     
0    0    0    0    -1.21203    0     
0.179946    -0.964134    -0.481376    0    -4.48637    0     
0    0    0    0    -3.41614    0     
0.0833119    -1.38054    -0.605922    0.204259    -6.13795    0.31655     
0.0555413    -0.920358    -0.403948    0.136173    -4.09197    0.211033     
0.0370275    -0.613572    -0.269299    0.0907819    -2.72798    0.140689     
0.024685    -0.409048    -0.179532    0.0605213    -1.81865    0.0937926     
0.0164567    -0.272699    -0.119688    0.0403475    -1.21244    0.0625284     
0.0109711    -0.181799    -0.0797922    0.0268983    -0.80829    0.0416856     
0    0.0267992    -0.342787    0    -0.524612    0     
0    -0.364674    0.214873    0    -1.54289    0     
0    -0.228208    0    0    -1.77666    0     
0    -0.536543    0    0    -3.03079    0     
0    0.0414694    0    0    -3.15154    0     
0    0    0    0    -2.704    0.408046     
0.0053201    0.174278    -0.328997    -0.357543    -2.99056    0     
0    0    0    0    -1.44328    0     
0.325002    0    -0.0769832    -0.0304708    -1.89289    0     
0    0    0    0    -1.2511    0     
0    0    0    0    -1.58274    0     
0    0    0    0    -2.17399    0     
0    0    0    0    -3.15124    0     
0    0.145511    0    0    -4.45004    0     
0    0    0    0    -4.10964    0     
0.117985    0.209665    0    0    -5.36137    0.377637     
0.430108    0    0    -0.480193    -4.53661    0     
0.361189    0    0    0    -4.95927    0.330576     
-0.162215    0    0.19323    0.183446    -4.79405    0     
0    0    0    0    -3.7143    0     
0    0    0    0    -4.64449    0     
0    0.282204    0    0    -5.8779    0     
0    0    0    0    -5.47867    0     
0    0.459185    0    0    -6.88737    0     
0    0    0    0    -6.21385    0     
0.185829    0.408216    0    0.259711    -7.41735    0     
0    0    0    0    -6.1383    0.198378     
-0.577538    0.127749    -0.952194    -1.17008    -6.66521    0     
0    0    0    0    -4.24531    0     
-0.318289    0    -0.423628    -0.959446    -4.80628    0     
0    0    0    0    -3.7283    0     
0    0    0    0    -4.5036    0     
0    0    0    0    -5.54809    0     
0    0.107304    0    0    -7.10074    0     
0    0    0    0    -6.38084    0     
-0.206695    -0.0189572    0    0.283665    -7.75661    0     
0    0    0    0    -6.14602    0.471519     
-0.998017    -0.401742    -0.984852    -1.33483    -6.81169    0     
0    0    0    0    -4.38437    0     
-0.455352    0.10695    -0.534724    -0.779042    -4.87212    0     
0    0    0    0    -3.05804    0     
0    0    0    0    -4.49467    0     
0    0.217109    0    0    -5.72948    0     
0    0    0    0    -4.4962    0     
0    -0.0819329    0    0    -5.51253    0     
0    0    0    0    -4.08584    0     
0.0233614    -0.0391596    0    0.236148    -5.32676    0     
0    0    0    0    -4.34155    0     
-0.263208    -0.409016    0    -0.0789929    -5.97639    0     
0    0    0    0    -4.80816    0     
-0.0483462    -1.35554    0.182907    0    -6.51356    0     
0    -0.288509    0    0    -4.10022    0     
0    -0.790706    0    0    -3.72597    0     
0    -0.739996    0    0    -3.11981    0     
0    -0.578691    0    0    -2.12088    0     
0    0    0    0    -0.815587    0     
0    0    0    0    -2.23197    0     
0.171572    0.338405    0    0.299612    -3.79454    0     
0    0    0    0    -2.64397    0     
0.0741684    -0.0181537    0    0.0701365    -4.55122    0     
0    0.416652    0    0    -3.14084    0     
0    -0.476587    0    0    -1.86822    0     
0    -0.517441    0    0    -0.461898    0     
0    0.027986    0    0    0    0     
0    -0.259221    0    0    0    0     
0    0.0512662    0    0    0.168088    0     
0    0    0    0    0    0     
0    -0.0717643    -0.213732    -0.798926    -1.89571    0     
0    0.112889    0    0    -0.69197    -1.33851     
0    -0.60851    0    -0.118047    -0.213955    0     
0    -0.753899    0    0    0.366763    0     
0    -0.509286    0    0    0    0     
0    -1.30056    0    0    0    0     
0    -2.41516    0    0    -0.0123195    0     
0    -2.42751    0    0    0.43552    0     
0    -0.550665    0    0    0    0     
0    -0.486602    0    0    0    0     
0    -1.19774    0    0    0    0.492536     
0    -2.04074    -0.200399    -0.683299    0    0     
0    -1.8709    0    0    0    -1.71156     
0    -3.29692    0    0    0    0     
0    -3.87398    0    0    0    0     
0    -4.91691    0    0    -0.308674    0     
0    -4.35307    0    0    -0.0577799    0     
0    -3.39547    0    0    0    0     
0    -2.9148    0    0    0    0.29704     
0    -3.08983    -0.370906    -0.416293    0    0     
0    -2.46973    0    0    0    -1.9031     
0    -1.91573    0.27054    0.0570255    0    0.136368     
0.252238    -2.17118    -0.315111    0.0689788    0    -1.52096     
0    -3.31282    -0.0491698    0    0.261933    0     
0    -2.39513    0    0    0    0     
0    -2.42552    0    0    0    0     
0    -3.01413    0    0    0    0     
0    -3.83994    0    0    0    0     
0    -3.75631    0    0    0.287014    -0.331983     
0.139266    -2.92411    0.420524    0    0    0     
0    -1.99177    0    0    0    0     
0    -2.74438    0    0    0    -0.57421     
-0.321632    -2.90606    0.121007    -0.287034    0    -0.539339     
-0.0633199    -4.16655    -0.475358    0    0.0699628    0     
0    -3.319    0    0    0    0     
0    -4.47397    0    0    0    0     
0    -5.90644    0    0    -0.0443602    0.405805     
0.237381    -5.78443    0.33023    0    -0.105416    0     
0    -3.0598    0    0    0    0     
-0.0580027    -3.78978    0    0    0.101171    -1.54607     
-0.391182    -2.01301    0    -0.208519    -0.14884    0     
0    -0.549157    0    0    0.173761    0.468511     
0.0729628    -0.870012    0    0.436293    0    0     
0    -2.02825    0    0    0.341383    0     
0    -2.4966    0    0    0    0     
0    -4.3137    0    0    0    0     
0.391205    -6.34454    0    0    -0.328927    0.0592962     
0    -4.87592    0    0    -0.848567    0     
0    -3.69623    0    0    0.306382    0.354306     
0    -2.73165    0    0    0    0     
0    -3.7479    0    0    0.401401    -1.11864     
0    -2.38646    0    0    0.49832    -0.17853     
0    -1.22962    0    0    0    0     
0    -4.40338    0    0    -0.262541    0.265609     
0    -4.18011    0    0    -0.596345    0     
0    -3.88048    0    0    0.112835    0     
0    -3.17051    0    0    0    0     
0    -4.99771    0    0    0    0.179671     
-0.187838    -4.08188    0.213325    -0.713316    0    -0.375439     
-1.6537    -4.29076    -0.973097    -2.33704    0    -1.6388     
-1.10247    -2.8605    -0.648731    -1.55803    0    -1.09253     
-0.73498    -1.907    -0.432487    -1.03868    0    -0.728356     
-0.489987    -1.27133    -0.288325    -0.692456    0    -0.485571     
0.166925    -2.28469    0.213159    0    -0.947423    0     
0    -1.70845    0    0    -0.212978    0     
0    -0.958265    0    0    0    0     
0    -2.4222    0    0    0    0     
0.127277    -4.17929    0    0    -0.406514    0.371875     
0    -1.02865    0    0.457608    0.453408    0     
0    -0.434155    0    0    0    -0.861885     
-0.359271    -0.719553    0.0774634    -0.145762    0    -0.887572     
-1.81682    -2.30021    -1.00488    -1.79195    0    -1.99282     
-1.21121    -1.53347    -0.669918    -1.19463    0    -1.32855     
-0.313893    -2.45945    -0.0912128    0    -0.751211    0     
0    -1.45481    0    0    0.242405    0     
0    0.0131938    0    0    0    0     
0    -1.8291    0    0    0    0     
0.212312    -3.59289    0    0    0.227373    -0.0162614     
0    -0.0868791    0    0.491322    0    0     
-0.818919    -1.55382    0    0    0    -2.62909     
-0.658034    -0.153114    0    -0.931491    0    -0.426404     
-1.63987    -0.294396    -0.866752    -1.34628    0    -0.339167     
-2.69287    -2.00379    -1.369    -2.46624    0    -1.55604     
-1.30166    -2.77299    -0.678265    0    -0.476599    0     
0    -1.72617    0    0    0    0     
0    -2.9342    0    0    0    0     
0.476979    -4.50049    0    0    -0.0333699    0     
0    -1.90289    0    0    0    0     
0.0193436    -3.06419    0    0    0    -1.24526     
-0.350747    -2.10269    0    -0.697229    0    0     
-1.06336    -2.46412    0    0    0    -0.0389176     
-0.667697    -1.32405    0    -0.230437    0    0     
-0.576308    -1.22712    0    0    0    0.378836     
0    -1.29361    0    0    0    0     
0    -2.92055    0    0    0    0     
0    -4.4974    0    0    0.426419    0     
0    -2.98714    0    0    0    0     
0.191527    -4.63341    0    0    -0.285746    0.0178629     
0    -0.300303    0    0    0    0     
-0.711383    -1.97382    0.477856    0    0.00399434    -1.27516     
0    -0.0635275    0    0    0    0     
-1.27272    -2.39706    -0.880637    0    -0.464949    -2.53934     
0.31747    -0.182723    0    0    0    0.32181     
-0.924403    -2.10621    -0.478149    0    -0.203861    0     
0    -1.03482    0    0    0    0     
0.0145815    -3.31532    0    0    -0.562064    -0.134853     
0    -0.737595    0    0    0.0754221    0     
0    -0.108562    0    0    -0.162592    0     
0    0    0    0    0    0     
-3.05014    -0.771539    -2.95456    -1.41222    -2.11863    -0.895309     
-2.03343    -0.51436    -1.9697    -0.941481    -1.41242    -0.596873     
-1.35562    -0.342906    -1.31314    -0.627654    -0.941613    -0.397915     
-0.903747    -0.228604    -0.875424    -0.418436    -0.627742    -0.265277     
-0.108915    -1.8697    -0.361768    0    -1.54276    0     
0    -0.757411    0    0    -0.554515    0     
0    0.0871204    0    0    -0.0654482    0     
0    0    0    0    0    0     
-2.50274    -2.51084    -2.56874    0    -2.57504    0.106397     
-0.456303    -0.0626907    0.331366    0    -0.368138    0     
0.280254    0    0    0    0.439835    0     
-0.639724    0    -1.00913    -0.4239    -0.364301    0     
-2.37948    0    -1.13164    0.0721564    -2.07726    -0.11509     
-3.98542    0    -3.75974    -1.38934    -3.94012    -0.179165     
-2.16337    -1.46821    -1.854    0    -3.89    0     
0    0    0    0    -1.6257    0     
0.325123    0    -0.060543    0    -4.24207    0     
0    0    0    0    -4.9773    0     
-0.0734855    0    -0.402866    0    -7.57681    0     
-0.408174    0    0    0.165397    -6.60733    0     
-1.58627    0    -0.329097    0    -6.40312    0     
-1.1237    0    0    0    -5.44706    0     
-0.191393    0    0    0    -4.10354    0     
0    0    0    0    -3.10345    0     
0    0    0.45235    0    -6.45    0     
0    0.28867    0    0    -8.67501    0     
0    0    0    0    -6.57019    0     
0    0    -0.175966    0    -8.66542    0     
0    0.189143    0.00525229    0    -9.8795    0     
0    0    0    0    -6.47635    0.316281     
-0.278561    0    -1.75401    0.1728    -6.96346    0     
-1.16016    0    -1.17034    0    -6.73011    -0.354162     
-1.18674    0    -0.645347    -0.915605    -5.93915    0     
-1.52661    0    -0.240773    0    -5.87663    0.224247     
-0.574441    0    0.217588    0    -6.38753    0     
0    0    0    0    -5.78764    0     
0    0    0    0    -7.31883    0     
0    0    0.0630648    0    -9.09101    0     
0    0    0    0    -10.0515    0     
0.434096    0    0    0    -9.96359    0     
0    0    0    0    -7.91236    0     
0.0202879    0    0    0.494512    -8.97657    0     
-1.07962    0    0.032732    0    -8.55973    0     
0.0172528    0    0    0    -7.03391    0     
0    0    0    0    -6.80949    0     
0    0    -0.608144    0    -9.31912    0     
0    0.312026    -0.710633    0    -10.3976    0     
0    0    0    0    -8.18075    0     
0    0    -0.456121    0    -10.383    0     
0    0    0    -0.307932    -9.83537    0     
-0.708337    0    -1.51454    0    -10.5192    -0.565275     
-0.975955    0    -0.238715    -2.11295    -8.99413    0     
-1.06367    0    0.454311    -0.405798    -7.79824    0     
-0.952328    0    0    0    -6.7527    0     
0    0    0    0    -6.48302    0     
0    0    0.189087    0    -8.63541    0     
0    0    0.477526    0    -9.47597    0     
0    -0.467048    -0.240365    0    -10.5042    0     
0    -0.115087    0    0    -8.24638    0     
0    0    0    0    -5.29847    0     
0    0    0    0.266449    -6.59688    0     
-0.382543    0    -1.86192    0    -7.30712    -0.713727     
-0.864034    0    -0.823926    -0.735538    -6.98879    0     
-0.585947    0    -0.164452    0    -5.80225    0     
0    0    0    0    -5.65616    0     
0    0    -0.135216    0    -7.89596    0     
0    0.0267939    0.152837    0    -8.95803    0     
0    0.273934    0    0    -7.29095    0     
0    0    0    0    -6.06895    0     
0.489328    0    0    0.498341    -7.05283    0     
-0.182165    0    0.438014    0    -6.00324    0     
0    0    0    0    -4.45035    0     
0    0    0.29375    0    -6.34469    0     
0    0    0    -0.112013    -6.78097    0     
-0.319609    -2.17452    -5.209    0    -10.0885    -0.406597     
0    -0.883103    -2.27183    0    -7.53589    0     
0    -0.940978    0    0    -6.3023    0     
0    0.427707    0    0    -5.87436    0     
0    0    0    0    -5.27792    0     
0    0    0    0.131305    -7.14945    0     
-0.37714    0.133689    -1.79588    0    -8.68024    -1.37023     
0    0    0    0    -5.0361    0     
-0.182413    0.473714    -1.58523    0    -6.90723    -1.14366     
0    0    0    0    -3.74514    0     
0    -0.523538    -2.22342    0    -7.02651    0     
0    -0.0442081    0    0    -4.79051    0     
0    0    0    0    -3.56342    0     
0    0    0.0932166    0    -6.35713    0     
0    0.137341    0    0    -7.36758    0     
0    0    0    0    -4.05219    0     
0    0    0    0    -5.55042    0     
0    0    0.229334    0    -7.43356    0     
0    0    0    0    -7.70496    0     
-0.196651    0    -0.270895    0.249665    -9.38348    0     
-0.678505    0.370376    -1.91324    0    -9.35858    0     
0    0    0    0    -5.78691    0     
-0.406708    -0.840435    -1.75392    0    -10.0866    0     
0    0    0    0    -6.43942    0     
-1.35444    -1.81235    -2.46178    0    -10.9208    0     
0    0    0    0    -5.97626    0     
-2.38834    0.0551964    -1.80295    -2.06012    -9.8679    -0.447788     
-1.59223    0.0367976    -1.20197    -1.37341    -6.5786    -0.298526     
-1.06149    0.0245317    -0.801311    -0.915607    -4.38573    -0.199017     
-0.707658    0.0163545    -0.534208    -0.610404    -2.92382    -0.132678     
0.0218112    -2.56988    -1.89157    0    -3.21247    0     
0    -0.954378    0    0    -2.45202    0     
0    -2.66891    0    0    -4.92428    0     
0    -3.63269    0    0    -6.29625    0     
0    -3.98361    0    0    -7.02192    0     
0    -1.39766    0    0.379129    -5.7947    0     
0    -1.16659    0    0    -5.37126    -2.26415     
0    -1.0347    0.38154    -1.61782    -5.51917    -0.00870541     
0    -3.52439    -2.0238    -2.8845    -4.95051    -3.01499     
0    -2.3496    -1.3492    -1.923    -3.30034    -2.01     
0.493583    -4.14718    -1.93809    0    -3.46348    0     
0    -1.17534    0    0    -1.6715    0     
0    -0.927645    0    0    -2.64742    0     
0    -0.378224    0    0    -2.92486    0     
0    0.290245    0    0    -2.8767    0     
0    0    0    0    -1.33148    0     
-0.506886    0    0.424145    -0.472014    -4.64455    0     
-2.18067    0    -0.0469372    0.473716    -5.26998    -0.510898     
-4.64311    0    -3.82799    -1.37833    -7.15006    -0.803429     
-3.09541    0    -2.55199    -0.918889    -4.76671    -0.535619     
-1.57002    -2.66099    -2.50081    0    -4.44106    0     
0    0.178385    0    0    -1.64941    0     
0    0    0    0    -1.70254    0     
-0.367932    -0.379769    -0.367109    0    -6.14654    0     
0    0    0    0    -2.81211    0     
-1.14686    0    -0.189534    -1.34787    -6.57471    -0.110545     
-3.94547    0    -4.20416    -3.09861    -8.39213    -0.691809     
-2.63031    0    -2.80277    -2.06574    -5.59475    -0.461206     
-1.75354    0    -1.86852    -1.37716    -3.72983    -0.307471     
-1.16903    0    -1.24568    -0.918106    -2.48656    -0.20498     
-0.285769    -3.05763    -1.88012    0    -2.92096    0     
0    -0.931582    0    0    -1.03689    0     
0    -1.57703    0    0    -2.22336    0     
0    -1.62154    0    0    -2.70767    0     
0    -1.22278    0    0    -2.72969    0     
0    0    0    0    -1.08853    0     
-0.462079    0    0.390287    -1.35705    -4.53858    0     
-2.38904    0    -0.345673    -0.592699    -5.76546    -0.701157     
-4.64772    0    -4.41755    -2.68171    -7.70687    -1.16236     
-3.09848    0    -2.94504    -1.78781    -5.13792    -0.774905     
-1.57207    -3.17084    -2.78635    0    -4.68853    0     
0    -0.576068    0    0    -1.83797    0     
0    -0.582614    0    0    -1.81042    0     
0    -0.376888    0    0    -1.42336    0     
0    0.0653081    0    0    -0.856825    0     
0    0    0    0    0    0     
-2.45478    -1.30783    -2.4442    -4.55744    -3.64026    -2.05972     
-1.63652    -0.87189    -1.62947    -3.03829    -2.42684    -1.37315     
-1.09101    -0.58126    -1.08631    -2.02553    -1.61789    -0.915433     
-0.727342    -0.387506    -0.724209    -1.35035    -1.07859    -0.610288     
0.00868829    -3.63615    -1.14823    0    -2.1272    0     
0    -0.954474    0    0    -0.147042    0     
0    -1.10119    0    0    -0.450475    0     
0    -0.919675    0    0    -0.357739    0     
0    -0.397998    0    0    0.0389498    0     
0    0    0    0    0    0     
-2.44541    -1.325    -2.58298    -4.528    -3.72147    -2.35871     
-1.63027    -0.883333    -1.72199    -3.01867    -2.48098    -1.57247     
-1.08685    -0.588889    -1.14799    -2.01244    -1.65398    -1.04832     
-0.724567    -0.392592    -0.765327    -1.34163    -1.10266    -0.698877     
0.0105386    -3.80344    -0.93522    0    -2.32121    0     
0    -0.863523    0    0    -0.48501    0     
0    -0.673365    0    0    -0.480546    0     
0    -0.217969    0    0    -0.218268    0     
0    0.326668    0    0    0.227315    0     
0    0    0    0    0    0     
-2.87939    -1.01729    -2.85848    -4.8044    -3.76649    -2.51485     
-1.91959    -0.67819    -1.90566    -3.20294    -2.511    -1.67656     
-1.27973    -0.452127    -1.27044    -2.13529    -1.674    -1.11771     
-0.853153    -0.301418    -0.846958    -1.42353    -1.116    -0.74514     
-0.0751855    -3.96599    -0.6743    0    -2.40322    0     
0    -0.78214    0    0    -0.357965    0     
0    0.0427338    0    0    -0.0215735    0     
0    0    0    0    0.338284    0     
-0.221736    -0.324978    0.426019    0    -4.83669    0     
0    0    0    0    -0.27813    0     
-1.62204    0    0.0681649    -2.17276    -4.48677    0     
-4.23478    0    -0.825626    -1.77736    -6.09753    -1.27978     
-7.03144    0    -5.78891    -4.60145    -8.6242    -2.13097     
-4.68762    0    -3.85927    -3.06763    -5.74947    -1.42064     
-2.6315    -4.19794    -2.94851    0    -5.49219    0     
0    -1.4196    0    0    -2.83487    0     
0    -1.74688    0    0    -2.86357    0     
0    -1.87088    0    0    -2.58384    0     
0    -1.69521    0    0    -2.13075    0     
0    0    0    0    -0.0130504    0     
-1.11671    0    0.412616    -1.91719    -4.08081    0.481079     
-5.02212    0    -5.00746    -4.75092    -7.46933    -1.32811     
-3.34808    0    -3.33831    -3.16728    -4.97955    -0.885406     
-2.23205    0    -2.22554    -2.11152    -3.3197    -0.59027     
-0.994453    -4.15605    -1.85722    0    -3.87235    0     
0    -1.32953    0    0    -1.47424    0     
0    -1.41895    0    0    -1.66764    0     
0    -1.1137    0    0    -1.55792    0     
0    -0.670023    0    0    -1.2887    0     
0    0    0    0    0    0     
-4.37463    -1.50952    -3.32156    -5.51937    -5.14126    -3.7598     
-2.91642    -1.00635    -2.21437    -3.67958    -3.42751    -2.50653     
-1.94428    -0.6709    -1.47625    -2.45305    -2.28501    -1.67102     
-1.29619    -0.447266    -0.984165    -1.63537    -1.52334    -1.11401     
-0.370541    -4.58398    -0.995439    0    -2.68322    0     
0    -1.44638    0    0    -0.456629    0     
0    -1.50411    0    0    -0.805328    0     
0    -1.34166    0    0    -0.792958    0     
0    -1.00124    0    0    -0.458797    0     
0    0    0    0    0    0     
-4.22544    -1.68834    -3.61922    -6.20698    -4.64277    -4.10182     
-2.81696    -1.12556    -2.41281    -4.13799    -3.09518    -2.73454     
-1.87797    -0.750373    -1.60854    -2.75866    -2.06345    -1.82303     
-1.25198    -0.500249    -1.07236    -1.8391    -1.37564    -1.21535     
-0.341072    -4.90081    -0.926598    0    -2.86355    0     
0    -2.19499    0    0    -0.407947    0     
0    -2.3352    0    0    -0.192024    0     
0    -2.19837    0    0    0.16196    0     
0    -1.92848    0    0    0    0     
0.12081    -1.51021    0    -0.806009    0    -1.23084     
-3.33477    -3.68828    -2.19828    -2.83271    -0.418016    -3.86314     
-2.22318    -2.45885    -1.46552    -1.88848    -0.278677    -2.57543     
-1.48212    -1.63924    -0.977014    -1.25898    -0.185785    -1.71695     
-0.98808    -1.09282    -0.651343    -0.839322    -0.123856    -1.14463     
-0.165137    -5.29586    -0.838927    0    -2.26425    0     
0    -2.40723    0    0    -0.413464    0     
0    -2.39798    0    0    -0.368903    0     
0    -2.23321    0    0    -0.071122    0     
0    -1.9309    0    0    0.440498    0     
0    0    0    0    0    0     
-3.58059    -2.6251    -3.85071    -7.08024    -4.60417    -4.20812     
-2.38706    -1.75007    -2.56714    -4.72016    -3.06944    -2.80541     
-1.59137    -1.16671    -1.71143    -3.14677    -2.0463    -1.87028     
-1.06091    -0.777807    -1.14095    -2.09785    -1.3642    -1.24685     
-0.213693    -5.4667    -1.02679    0    -3.36799    0     
0    -3.05782    0    0    -1.23047    0     
0    -3.44605    0    0    -0.932935    0     
0    -3.54638    0    0    -0.576275    0     
0    -3.40405    0    0    -0.0599033    0     
0    0    0    0    0    0     
-3.59892    -2.50759    -4.58548    -7.74027    -5.06233    -4.84499     
-2.39928    -1.67173    -3.05698    -5.16018    -3.37489    -3.22999     
-1.59952    -1.11448    -2.03799    -3.44012    -2.24992    -2.15333     
____________________________________
Fri Mar 29 17:16:18 2024


PARAMETERS
NUMBER_NEURON = 6
VOLTAGE_TRESHOLD = 0.5
LEARNING_RATE = 0.1
LEAK_RATE = 1.5
TIME_ITERATION = 500
ITERATION_SPIKE_IN = 5
THRESHOLD_COORDINATES = 0.1
THRESHOLD_GYROSCOPE = 0.05  0.05  1.9   
0.473301    0.393042    0    0.490992    0.24822    0     
0    0    0    0    0    0     
0    0    0    0    0    0     
0    0    0    0    0    0     
0    0    0    0    0    0     
0    0    0    0    0    0     
0    0    0    0.0042855    0    0     
0.144102    0    0    -0.179914    0.371741    0     
0.088496    0    0.413345    0.153367    0    0.0275519     
0    0    0    0.220553    -0.0892558    0     
0    0    0    0    0    0     
0    0    0    -0.256989    0    0     
0    0    0    -0.58176    0.372064    0     
0    0    0    0    0    0     
0    0    0    -0.90863    0    0     
0    0    0.0878689    -1.72364    0.234307    0     
0    0    0    -0.636269    0    0     
0    0    0.325591    -1.4128    0    0.232514     
0    0    0    -1.22104    0.250024    0     
0    0    0    -0.208772    0    0     
0    0    0    -0.737628    0    0.413224     
0    0    0    -0.92508    0    0     
0    0    0    -1.52934    0    0     
0    0    0    -2.51765    0    0.463703     
0    0    0    -2.13518    0    0     
0    0    0    -2.68844    0    0.350687     
0    0    0    -1.8364    0    0     
0    0    0    -1.79369    0    0.465306     
0    0    0    -0.654028    0    0     
0    0    0    -0.890641    0    0     
0    0    0    -1.42281    0    0.295161     
0    0    0    -0.9694    0.340234    0     
0    0    0    -0.238299    0    0     
0    0    0    -0.959517    0.459788    0     
0    0    0    -0.229439    0    0     
0    0    0    -1.29687    0.33518    0     
0    0    0    -0.352321    0    0     
0    0    0    -1.37357    0    0     
0.301888    0    0    -2.60544    0    0.302489     
0    0    -0.0110638    -2.85508    0    0.34664     
0    0    0    -2.12098    0    0     
0    0    0    -3.07326    -0.0851305    0     
0    0    0    -2.01851    0    0     
0    0    0    -2.9154    0.0546815    0     
0    0    0    -1.62129    0    0     
0    0    0    -2.71281    0.204877    0.478106     
0    0    0    -0.73892    0    0     
0.167047    0    0    -1.77572    0    0     
0    0    0.230219    -2.60659    0    0     
0    0    0    -2.14091    0    0     
0    0    0    -2.32024    0    0     
0    0    0    -3.20616    -0.243778    0     
0    0    0    -1.90249    0.0545817    0     
0    0    0    -0.390756    0    0     
0    0    0    -1.29044    0.336298    0     
0    0    0    0.413624    0    0     
0    0    0    -0.468497    0    0     
0    0    0    -1.81557    0    0     
0.486819    0    0    -3.42764    0    0.283113     
0    0.351571    -0.0525191    -3.77304    0    -0.167349     
-0.182142    0    0.121352    -3.46451    0.380722    0.224976     
0    0    0    -2.29335    -0.417776    0     
0    0    0    -0.795686    0.151615    0     
0    0    0    0    0    0     
0    0    0    -1.52327    0.163395    0     
0    0    0    0.25999    0    0     
0    0    0    -0.265235    0    0     
0    0    0    -1.2651    0    0     
0.402287    0.367332    0.0500531    -2.6608    -0.0574708    0     
0.179984    0.378904    -0.212998    -2.13937    -0.606811    0     
0.11999    0.252603    -0.141999    -1.42625    -0.404541    0     
0    0    0    -1.22503    -2.22635    0.216663     
0    0    0    0    -1.63887    0     
0    0    0    -0.157548    -2.59107    0     
0    0    0    0    -2.7311    0     
0    0    0    -0.25247    -3.46974    0     
0    0    0    0    -1.07627    0     
0.404436    0    0    -0.142492    -0.206268    0     
0    0    0    0    0    0     
-0.217195    -0.563005    -1.11021    -3.04513    -0.59089    -0.546742     
-0.144797    -0.375337    -0.740143    -2.03009    -0.393927    -0.364495     
0.37677    0    0.367256    -2.0607    -2.37345    -0.0283892     
0    0    0    -1.29944    -3.34937    0     
0    0    0    -0.367713    -2.90672    0     
0    0    0    0    -1.86908    0     
0    0    0    0    -2.29617    0     
0.379138    0    0    0    -1.14881    0     
0    0    0.442553    0    0.0142381    0     
0    0    0    0    0.482815    0     
0    0    0    0    0    0     
-0.424173    -1.23996    -2.12437    -2.31319    0.0665185    -0.313417     
0.190518    0    -0.860355    -2.33263    -2.09172    0.115856     
0    0    0    -1.24698    -3.34864    0     
0    0    0    0.395034    -2.50297    0     
0    0    0    0    -1.52192    0     
0    0    0    0    -1.9271    0     
-0.136298    0    0.483088    0    -0.648914    0     
-0.156372    -0.599568    0.255202    0    -0.489913    0     
-0.804231    -0.801818    -0.861297    0.111013    -0.700475    -0.956519     
-0.536154    -0.534545    -0.574198    0.0740088    -0.466983    -0.637679     
-0.357436    -0.356364    -0.382799    0.0493392    -0.311322    -0.425119     
0.23501    0    0.404146    -0.846193    -2.34361    0.347093     
0    0    0    -0.153931    -3.12829    0     
0    0    0    0    -1.87865    0     
0    0    0    0    -2.1149    0     
0.223002    0    0    0    -2.83357    0     
0.226822    0    0.449528    0    -0.623147    0     
0    -0.00036838    0    0    -0.152453    0     
-0.0492984    0    0    0    0    0     
-0.533092    0.126493    -0.894657    -0.478918    0    -0.311118     
-1.02579    -1.2917    -2.45921    -2.88338    0    -1.63255     
-0.210561    0    -0.910798    -3.0257    -2.1324    -0.342798     
0    0    0    -1.54507    -2.92038    0     
0    0    0    0    -1.78518    0     
0    0    0    0    -2.17443    0     
0.422737    0    0    0    -3.26092    0     
0    0    0    0    -1.27055    0     
-0.0810656    0    0    0    -0.612417    0     
0.491338    0    0    0    0.433238    0     
0    0    0    0    0    0     
-0.393865    -0.552647    -1.68062    -1.51735    0.162817    -0.376225     
0.210724    0    -0.14427    -2.37856    -2.15273    0.469133     
0    0    0    -1.07696    -3.17843    0     
0    0    0    0    -2.50741    0     
0    0    0    0    -2.91344    0     
0.265713    0    0    0    -3.84762    0     
0.476137    0    0    0    -0.980295    0     
0    0    0    0    0    0     
-0.887129    -0.874261    -1.87723    -1.86121    -0.388975    -0.652335     
-0.591419    -0.582841    -1.25148    -1.2408    -0.259316    -0.43489     
-0.39428    -0.388561    -0.834322    -0.827203    -0.172878    -0.289927     
0.210447    0    0    -2.21232    -2.45977    0.497622     
0    0    0    -0.511913    -1.90932    0     
0    0    0    0    -1.81273    0     
0    0    0    0    -2.72824    0     
0.332182    0    0    0.0531816    -3.99393    0     
0    0    0    0    -0.721994    0     
0.0440691    0    0    0    -0.650217    0     
0.337668    0    0.489443    0    0    0     
-0.392971    -1.83462    -0.87714    -0.0517486    0.316651    0.388078     
-0.261981    -1.22308    -0.58476    -0.0344991    0.211101    0.258719     
0.298647    0    0    -1.80433    -2.17569    0     
0    0    0    0    -0.99856    0     
0    0    0.409915    -0.800369    -2.27977    0     
0    0    0    -0.067807    -3.85112    0     
0    0    0    0    -2.75437    0     
0    0    0    0    -1.06297    0     
0.0661056    0    -0.0738005    0    -0.243685    0     
0.233497    -0.353242    0.233192    0    -0.0147317    0     
-0.929365    -0.147102    -1.51497    0    -0.186174    -1.56854     
-1.45634    -0.770564    -2.70961    0    -0.526826    -2.60355     
-0.497592    0    -0.638654    -1.88775    -2.66764    -1.3028     
0    0    0    -0.729853    -3.32104    0     
0    0    0    0    -2.12964    0     
0    0    0    0    -2.30071    0     
0    0    0    0.154412    -3.33654    0     
0    0    0    0    -0.491653    0     
-0.10447    0    -1.03843    0    0.141198    0     
0.0364195    -0.303229    -1.18838    0    0.436886    0     
-0.870877    -0.364696    -2.97554    0    -0.111474    -1.76547     
-1.52028    -1.07807    -3.93589    0    -0.609052    -2.83308     
-0.540219    0    -1.44364    -1.9872    -2.72246    -1.41045     
0    0    0    -0.808299    -3.25816    0     
0    0    0    0    -2.69696    0     
0    0    0    0.353881    -3.5436    0     
0    0    0    0    -3.04356    0     
-0.13937    0    -0.755055    0    -1.77483    0     
0.331659    -0.39819    -0.456004    0    -1.2549    0     
-0.705734    -0.422895    -2.32297    0    -1.36502    -1.5403     
-1.38513    -1.29941    -3.45325    0    -1.3781    -2.49697     
-0.923422    -0.866272    -2.30217    0    -0.918735    -1.66465     
-0.142314    0    -0.433183    -1.87705    -2.92891    -0.437974     
0    0    0    -0.885009    -3.57122    0     
0    0    0    0    -3.0821    0     
0    0    0    0    -3.93206    0     
0.134949    0    0    0.435927    -5.21015    0     
0    0    0    0    -1.74809    0     
-0.377157    -0.700387    -2.23952    0    -1.91929    -0.275824     
-1.33515    -1.88166    -3.61284    0    -2.13296    -1.87831     
-0.890101    -1.25444    -2.40856    0    -1.42198    -1.25221     
-0.593401    -0.836293    -1.60571    0    -0.947984    -0.834804     
0.0777    0    -0.243349    -2.14228    -2.94841    -0.160676     
0    0    0    -1.35733    -3.54452    0     
0    0    0    -0.0676557    -3.97466    0     
0    0    0    0    -3.84234    0     
0.372531    0    0    0    -5.36568    0     
0    0    0    0    -2.70966    0     
-0.201005    0    -0.262188    0    -2.83025    0     
0    -0.451031    0    0    -2.12419    0     
-1.51786    0    -2.12726    0    -2.58239    -1.59044     
0.48438    -1.25261    -0.098966    0    -1.82491    0     
0.271552    0    -0.765206    -0.333272    -4.05157    -0.28891     
0    0    0    0    -4.31705    0     
0    0    0    0    -6.25377    0     
0.367167    0    0    0.261036    -8.2187    0     
0    0    0    0    -6.83752    0     
-0.558585    0    -0.141029    0    -6.72138    0     
0.34803    -0.0898267    0    0    -5.23758    0     
-1.19734    0    -1.41326    0    -3.80919    -1.57653     
0    -0.993048    0    0    -2.94145    0     
-0.881334    0    -1.90273    0    -2.95998    -1.57037     
0    0    0    0    -4.11089    0     
0    0    0    0    -6.16986    0     
0.471915    0    0    0.0336903    -8.47569    0     
0    0    0    0    -6.99442    0     
0.158914    0    0.135102    -0.189701    -9.53741    0     
0    0    0    0    -6.05637    0     
-0.814216    -0.474977    -0.812666    0    -7.06647    -0.232318     
-1.43729    -1.72964    -2.24619    0    -5.82336    -1.22625     
-0.958192    -1.15309    -1.49746    0    -3.88224    -0.817497     
-0.638794    -0.768729    -0.998307    0    -2.58816    -0.544998     
0.0474376    0    -0.404296    -2.20212    -4.04186    0.00765487     
0    0    0    -1.18788    -4.40815    0     
0    0    0    -0.769303    -6.26563    0     
0    0    0    -0.146808    -6.96385    0     
0    0    0    0    -7.11049    0     
-0.506094    -0.073287    -0.140124    0    -6.59338    0.497349     
-1.17444    -1.62926    -1.91802    0    -5.64654    -0.668669     
-0.78296    -1.08617    -1.27868    0    -3.76436    -0.445779     
-0.521973    -0.724114    -0.852455    0    -2.50957    -0.297186     
-0.347982    -0.482743    -0.568303    0    -1.67305    -0.198124     
0.241312    0    0.027332    -2.29712    -3.43179    0     
0    0    0    0.0837654    -3.55353    0     
0    0    0    0    -4.70459    0     
0.0414274    0    0.0303571    -0.289519    -7.67241    0     
0    0    0    0    -6.39863    0     
-0.771207    -0.930111    -0.317579    0    -7.13298    0.432297     
-1.30418    -2.41583    -2.19073    0    -6.44525    -0.98255     
-0.869457    -1.61055    -1.46049    0    -4.29683    -0.655033     
-0.579638    -1.0737    -0.973659    0    -2.86456    -0.436689     
-0.386425    -0.715801    -0.649106    0    -1.9097    -0.291126     
0.215684    0    -0.48051    -2.59746    -3.58956    0.432383     
0    0    0    -1.44199    -3.85518    0     
0    0    0    -1.13912    -5.47954    0     
0    0    0    -0.506518    -6.20402    0     
0    0    0    0.275313    -6.08614    0     
0    0    0    0    -3.28757    0     
0.464393    -0.553572    0    0    -4.0705    0     
-1.42993    -0.274868    -1.39731    0    -3.54972    -1.63702     
-1.71971    -1.90436    -2.9405    0    -4.11802    -2.24234     
-1.14647    -1.26957    -1.96033    0    -2.74535    -1.49489     
-0.291015    0    -0.984568    -2.40776    -4.14665    0.345075     
0    0    0    -0.564004    -3.75996    0     
0    0    0    0    -3.93992    0     
0    0    0    0    -6.64192    0     
0    0    0    0.200639    -9.1023    0     
0    0    0    0    -6.08485    0     
-0.219816    -4.06607    -1.7607    0    -6.6881    -1.19671     
-1.10969    -4.98167    -3.41492    0    -6.38882    -2.38106     
-0.739794    -3.32112    -2.27661    0    -4.25921    -1.58737     
-0.493196    -2.21408    -1.51774    0    -2.83948    -1.05825     
0.144503    0    -1.13962    -2.61011    -4.20941    0.189505     
0    0    0    -0.984023    -3.86985    0     
0    0    0    0.221605    -4.92005    0     
0    0    0    0    -5.15345    0     
0.278562    0    -0.117251    0.370554    -7.74677    0     
0    0    0    0    -3.43393    0     
-0.54322    -2.02747    -0.593096    0    -4.84707    0.0348997     
-1.61011    -3.74029    -3.03577    0    -5.15223    -1.6641     
-1.0734    -2.49352    -2.02385    0    -3.43482    -1.1094     
-0.715602    -1.66235    -1.34923    0    -2.28988    -0.739601     
-0.00376775    0    -1.24028    -2.79081    -3.84301    0.0707323     
0    0    0    -1.40071    -3.3736    0     
0    0    0    -0.657273    -4.47301    0     
0    0    0    0.238292    -4.89597    0     
0    0    0    0    -5.01896    0     
-0.00280779    -1.3974    -0.190611    0    -5.70548    0.375078     
-1.2195    -3.3531    -2.70784    0    -5.66792    -1.52541     
-0.813002    -2.2354    -1.80523    0    -3.77861    -1.01694     
-0.542001    -1.49027    -1.20349    0    -2.51908    -0.677962     
-0.361334    -0.993512    -0.802324    0    -1.67938    -0.451975     
0.232411    0    -0.777142    -2.81555    -3.43601    0.499691     
0    0    0    -1.23559    -3.07786    0     
0    0    0    0.162902    -4.16018    0     
0    0    0    0    -4.6933    0     
0.238456    0    -0.215129    0    -7.55727    0     
0    -1.89353    0    0    -5.19555    0     
-2.14035    -2.31183    -3.86551    0    -6.66176    -2.88641     
-2.57871    -3.88964    -5.02866    0    -6.2206    -3.51359     
-1.71914    -2.59309    -3.35244    0    -4.14707    -2.34239     
-1.14609    -1.72873    -2.23496    0    -2.76471    -1.56159     
-0.29076    0    -1.46677    -2.51363    -4.15956    0.139633     
0    0    0    -0.472938    -3.40391    0     
0    0    0    0    -3.79791    0     
0    0    0.157838    0    -6.52922    0     
0    0    0    0    -8.33492    0     
-0.206132    -1.35547    -0.238527    0    -7.70553    0     
-1.39356    -2.39064    -2.59766    0    -6.70082    -1.77865     
-1.96919    -3.81288    -4.19741    0    -6.20691    -2.8449     
-1.31279    -2.54192    -2.79827    0    -4.13794    -1.8966     
-0.875194    -1.69461    -1.86551    0    -2.75862    -1.2644     
-0.110162    0    -1.52807    -2.66821    -4.1555    0.256888     
0    0    0    -0.628535    -3.37411    0     
0    0    0    0    -4.07904    0     
0.407825    0    -0.553709    0    -7.33164    0     
0    0    0    0    -7.08635    0     
-0.491192    -1.51021    -0.738078    0    -7.7287    -0.135364     
-1.75928    -3.40654    -3.03484    0    -7.17663    -1.93602     
-1.17285    -2.27103    -2.02323    0    -4.78442    -1.29068     
-0.781902    -1.51402    -1.34882    0    -3.18961    -0.860455     
-0.521268    -1.00935    -0.899212    0    -2.12641    -0.573637     
0.125789    0    -1.13903    -2.91025    -3.73403    0.434684     
0    0    0    -0.829313    -3.37237    0     
0    0    0    0.18526    -5.08373    0     
0    0    0    0    -6.07253    0     
0.378659    0    -0.803057    0.0127703    -9.60175    0     
0    0    0    0    -4.71531    0     
-0.393022    -2.29807    -0.924616    0    -7.42284    -0.646025     
-1.85374    -4.25261    -3.12504    0    -7.2447    -2.35788     
-1.23583    -2.83507    -2.08336    0    -4.8298    -1.57192     
-0.823884    -1.89005    -1.38891    0    -3.21987    -1.04795     
-0.0759554    0    -1.49942    -3.37268    -4.463    0.0943024     
0    0    0    -1.52512    -4.21586    0     
0    0    0    -1.18817    -6.53161    0     
0    0    0    -0.592913    -7.79305    0     
0    0    0    0.0613007    -8.34498    0     
0    0    0    0    -6.00421    0     
0.343208    -2.3018    -0.0530653    0    -7.35985    -0.50048     
-1.47975    -4.39041    -2.73833    0    -7.26715    -2.2155     
-0.986499    -2.92694    -1.82555    0    -4.84477    -1.477     
-0.657666    -1.95129    -1.21703    0    -3.22984    -0.984665     
0.0348563    0    -1.27036    -3.40226    -4.46965    0.0620022     
0    0    0    -1.18554    -4.14639    0     
0    0    0    -0.0668935    -5.75607    0     
0    0    0    0    -6.50594    0     
0    0    -0.745008    0.196061    -10.2878    0.499302     
0    -0.769302    0    0    -7.9188    0     
-2.2753    -2.32771    -4.58218    -0.1235    -9.94197    -3.95285     
-1.51687    -1.55181    -3.05478    -0.0823331    -6.62798    -2.63524     
-1.01125    -1.03454    -2.03652    -0.0548888    -4.41865    -1.75682     
-0.674164    -0.689692    -1.35768    -0.0365925    -2.94577    -1.17122     
0.0238581    0    -1.0395    -3.56636    -4.28027    -0.0944119     
0    0    0    -1.45379    -3.72273    0     
0    0    0    0.200005    -5.38305    0     
0    0    0    0    -6.27816    0     
0    0    -0.164868    0    -10.0208    0     
0    -2.55016    0.244608    0    -9.44284    0     
-0.789418    -4.05288    -3.99644    -0.290866    -10.4531    -3.2529     
-0.526278    -2.70192    -2.6643    -0.193911    -6.96872    -2.1686     
-0.350852    -1.80128    -1.7762    -0.129274    -4.64582    -1.44573     
-0.233902    -1.20085    -1.18413    -0.0861825    -3.09721    -0.963821     
0.317366    0    -0.923285    -3.64446    -4.38123    -0.0200965     
0    0    0    -1.3882    -3.4833    0     
0    0    0    0    -4.48223    0     
0    0    -0.0781261    0    -9.01204    0     
0    0    0.193518    0    -11.4002    0     
0    -2.38855    0    0    -10.3138    0     
-1.39394    -2.96772    -3.97038    0    -11.5113    -3.10203     
-2.30035    -5.108    -5.43604    0    -10.1712    -3.63919     
-1.53357    -3.40533    -3.62403    0    -6.78082    -2.42613     
-1.02238    -2.27022    -2.41602    0    -4.52055    -1.61742     
-0.208285    0    -1.62333    -3.26782    -5.33012    -0.441164     
0    0    0    -0.695971    -4.11307    0     
0    0    0    0    -4.94724    0     
0    0    0    0    -8.97649    0     
0    0    -0.157755    0    -12.3888    0     
0    -3.04214    0.102314    0    -11.3818    0     
-0.893684    -4.77325    -4.25826    0.0128968    -12.1385    -3.12578     
-0.595789    -3.18217    -2.83884    0.00859785    -8.09234    -2.08385     
-0.397193    -2.12144    -1.89256    0.0057319    -5.3949    -1.38923     
-0.264795    -1.4143    -1.26171    0.00382127    -3.5966    -0.926156     
0.29677    0    -0.933671    -3.37871    -4.71415    -0.408866     
0    0    0    -1.049    -3.65317    0     
0    0    0    0    -5.19461    0     
0    0    -0.336494    0    -9.58656    0     
0    0    -0.174914    0    -11.34    0     
0    -2.65109    0.4148    0    -9.86714    0     
-0.799224    -4.1953    -3.67907    0.238839    -10.5933    -3.0741     
-0.532816    -2.79687    -2.45272    0.159226    -7.06218    -2.0494     
-0.355211    -1.86458    -1.63514    0.10615    -4.70812    -1.36627     
-0.236807    -1.24305    -1.0901    0.070767    -3.13875    -0.910844     
0.315429    0    -0.924945    -3.35945    -4.40892    -0.049147     
0    0    0    -0.950074    -3.36385    0     
0    0    0    0    -4.47007    0     
0    0    -0.606072    0    -8.57283    0     
0    0    -0.669581    0    -10.1867    0     
0    -2.40784    0.16701    0    -8.46365    0     
-0.585924    -3.89795    -3.91119    0    -9.27092    -2.68077     
-2.04899    -5.67149    -5.39271    0    -8.66845    -3.48682     
-1.366    -3.78099    -3.59514    0    -5.77897    -2.32455     
-0.910664    -2.52066    -2.39676    0    -3.85265    -1.5497     
-0.133809    0    -2.11364    -3.15852    -4.88485    -0.486303     
0    0    0    -0.438781    -3.33023    0     
0    0    0    0    -4.01893    0     
0    0    0.112344    0    -7.99093    0     
0    0    0.351132    0    -9.14055    0     
0    -2.04979    0    0    -7.228    0     
-1.83635    -2.85328    -3.55845    0    -9.22464    -3.28607     
-2.89573    -4.91933    -4.92507    0    -8.40374    -3.89515     
-1.93049    -3.27955    -3.28338    0    -5.60249    -2.59677     
-1.28699    -2.18637    -2.18892    0    -3.73499    -1.73118     
-0.384695    0    -2.14139    -2.93514    -4.80642    -0.649471     
0    0    0    0.380035    -3.12184    0     
0    0    0    0    -3.66044    0     
0    0    0.0697683    0    -7.40738    0     
0    0    0.421503    0    -8.79977    0     
0    -1.47493    0    0    -7.12209    0     
-1.94231    -1.88063    -3.37585    0    -8.7318    -3.12198     
-2.92036    -4.12442    -4.61355    0    -8.04789    -3.50247     
-1.94691    -2.74961    -3.0757    0    -5.36526    -2.33498     
-1.29794    -1.83308    -2.05047    0    -3.57684    -1.55665     
-0.391992    0    -2.02821    -2.66151    -4.70098    -0.172327     
0    0    0    0    -3.08906    0     
0    0    -0.0473616    0    -6.3716    0     
0    0    0.121725    0    -7.44404    0     
0    0    0    0    -8.07677    0     
0    -1.83769    0    0    -8.04798    0     
-2.1416    -2.85844    -4.23422    0.169811    -9.88407    -3.84479     
-1.42773    -1.90563    -2.82281    0.113207    -6.58938    -2.56319     
-0.95182    -1.27042    -1.88188    0.0754717    -4.39292    -1.70879     
-0.634547    -0.846945    -1.25458    0.0503144    -2.92861    -1.1392     
0.0502694    0    -1.79351    -2.86882    -4.26883    -0.0212808     
0    0    0    0.181977    -2.84853    0     
0    0    0    0    -3.85211    0     
0    0    -0.890966    0    -7.44223    0     
0    0    -1.14111    0    -8.5082    0     
0    -1.51063    0.145897    0    -6.61595    0     
-0.291125    -2.28943    -3.93442    0.0744885    -7.69168    -3.014     
-0.194083    -1.52629    -2.62295    0.049659    -5.12778    -2.00933     
-0.129389    -1.01753    -1.74863    0.033106    -3.41852    -1.33956     
-0.0862591    -0.678351    -1.16575    0.0220707    -2.27902    -0.893037     
0.415794    0    -1.97027    -2.7172    -3.83577    0.113465     
0    0    0    0    -2.33626    0     
0    0    -0.762813    0    -6.92809    0     
0    0    -0.91738    0    -8.50439    0     
0    0    -0.865577    0    -9.34872    0     
0    -1.60723    0    0    -7.28311    0     
-2.37008    -2.73219    -3.7905    0.0727113    -9.16622    -4.05019     
-1.58006    -1.82146    -2.527    0.0484742    -6.11081    -2.70013     
-1.05337    -1.21431    -1.68467    0.0323161    -4.07387    -1.80009     
-0.702247    -0.809539    -1.12311    0.0215441    -2.71592    -1.20006     
0.00513573    0    -1.89836    -2.57156    -4.12703    0.0433544     
0    0    0    0    -2.6332    0     
0    0    -0.426413    0    -6.34547    0     
0    0    -0.526599    0    -7.24872    0     
0    0    -0.18573    0    -7.67916    0     
0    -1.40415    0    0    -5.38155    0     
-2.23887    -2.52779    -3.40277    0.0591799    -7.35989    -4.32541     
-1.49258    -1.68519    -2.26851    0.0394533    -4.9066    -2.88361     
-0.995055    -1.12346    -1.51234    0.0263022    -3.27106    -1.9224     
-0.66337    -0.748974    -1.00823    0.0175348    -2.18071    -1.2816     
0.0310539    0    -1.93025    -2.58528    -3.77023    0.00773678     
0    0    0    0    -2.33472    0     
0    0    0.0258574    0    -5.87192    0     
0    0    0.231607    0    -6.83892    0     
0    0    0    0    -7.20978    0     
0    -3.12596    0    0    -7.2688    -0.401484     
-4.34639    -6.82723    -4.57592    -3.31616    -10.9885    -4.97133     
-2.89759    -4.55149    -3.05062    -2.21077    -7.32568    -3.31422     
-1.93173    -3.03432    -2.03374    -1.47385    -4.88379    -2.20948     
-1.28782    -2.02288    -1.35583    -0.982565    -3.25586    -1.47299     
-0.385245    0    -2.6095    -3.45309    -4.48699    -0.232266     
0    0    0    -0.0666065    -2.9997    0     
0    0    0    0    -4.18391    0     
0    0    -1.05473    0    -8.20536    -0.240163     
0    0    -2.08339    -0.60859    -10.4478    0     
0    0    0    0    -5.65667    0     
0    -3.38077    0.108681    0    -7.80517    -1.67419     
-1.95762    -6.45462    -4.95975    -2.90201    -10.5535    -4.69106     
-1.30508    -4.30308    -3.3065    -1.93467    -7.0357    -3.12737     
-0.870053    -2.86872    -2.20433    -1.28978    -4.69047    -2.08491     
-0.106735    0    -3.46193    -3.81159    -5.4434    -0.75966     
0    0    0    -0.407532    -3.67519    0     
0    0    0    0.245136    -5.67013    0     
0    0    0    0    -6.71057    0     
0    0    -1.68703    -0.389783    -11.0789    -1.53919     
0    -0.272803    0    0    -7.98835    0     
-4.11126    -3.47051    -4.89406    -2.27557    -11.4178    -5.88399     
-2.74084    -2.31367    -3.26271    -1.51704    -7.61186    -3.92266     
-1.82723    -1.54245    -2.17514    -1.01136    -5.07457    -2.61511     
-1.21815    -1.0283    -1.45009    -0.674242    -3.38305    -1.74341     
-0.338801    0    -2.83597    -3.52892    -4.57179    -0.554968     
0    0    0    -0.0170819    -3.2605    0     
0    0    0    0.254295    -5.41604    0     
0    0    0    0    -6.62886    0     
0.351006    0    -2.2351    -0.526586    -11.416    -1.47616     
0    0    0    0    -5.57328    0     
-4.57522    -3.64537    -5.13845    -2.43027    -10.2149    -6.17011     
-3.05015    -2.43025    -3.42563    -1.62018    -6.80992    -4.11341     
-2.03343    -1.62016    -2.28376    -1.08012    -4.53994    -2.74227     
-1.35562    -1.08011    -1.5225    -0.720081    -3.02663    -1.82818     
-0.430446    0    -3.09631    -3.62092    -4.33417    -0.580115     
0    0    0    -0.207156    -3.08454    0     
0    0    0    -0.0945233    -5.50983    0     
0    0    0    0.252618    -7.02873    0     
0    0    0    0    -7.74564    0     
-0.19405    -4.36065    -0.253914    0    -10.1759    -2.49898     
-2.85009    -7.2147    -4.3637    0    -10.1819    -3.94777     
-1.90006    -4.8098    -2.90913    0    -6.78795    -2.63184     
-1.26671    -3.20654    -1.93942    0    -4.5253    -1.75456     
-0.844471    -2.13769    -1.29295    0    -3.01687    -1.16971     
-0.0896802    0    -2.99872    -3.28626    -4.32767    0.0632956     
0    0    0    0.0244179    -3.03328    0     
0    0    0    -0.218557    -5.72646    0     
0    0    0    -0.179475    -7.34164    0     
0    0    0    -0.0864429    -8.23068    0     
0    0    0    0    -6.37219    0.353889     
-0.694205    -4.79875    0.239657    0    -9.78449    -1.46025     
-3.0442    -7.47055    -3.90994    0    -9.89548    -3.14491     
-2.02947    -4.98037    -2.60663    0    -6.59699    -2.09661     
____________________________________
Fri Mar 29 17:21:50 2024


PARAMETERS
NUMBER_NEURON = 6
VOLTAGE_TRESHOLD = 0.5
LEARNING_RATE = 0.1
LEAK_RATE = 1.5
TIME_ITERATION = 500
ITERATION_SPIKE_IN = 5
THRESHOLD_COORDINATES = 0.1
THRESHOLD_GYROSCOPE = 0.05  0.05  1.9   
0.290689    0    0    0.463755    0    0.427657     
0    0    0    0    0    0     
0    0    0    0    0    0     
0    0    0    0    0    0     
0    0    0    0    0    0     
0.255641    0.434372    0    0.319742    0    0     
0    0    0    0    0    0.206468     
-0.131117    0.135173    0    0.0623151    0.392598    0     
0.100879    0    0    0.392198    0    0.0156748     
0.448033    0.35738    0    0    0    0     
0    0    0    0    0    0     
0    0    0    0    0    0     
0.22784    0.102689    0    0    0    0     
0    0    0    0    0    0     
0.377064    -0.392764    0    0.217317    0    0     
0    0    0    0    0    0     
-0.188666    0.10113    0    -0.415283    0.108431    0     
0.166245    0    0    0    0    0.444984     
0.483908    0    0.27782    0    0    0     
0    0    0    0    0    0     
0    0    0    0.326295    0    0     
0.401932    -0.410006    0    0    0.429942    0     
0    0    0    0    0    0     
0.318361    -0.71905    0    -0.146356    0.0134538    0     
0    0.298604    0    0    0    0     
0    0.100248    0    0    0    0     
0    -0.0398007    0    0    0    0.223384     
0    0.0590802    -0.268231    0    0.299553    0     
0    0.168847    0    0    0.237285    0.0118411     
0.482989    0.359911    0.331788    0    0    0     
0    0    0    0    0    0     
0    0.109026    0    0.138916    0    0     
0    0    0    0    0    0     
0    -0.318568    0    -0.000272702    0    0     
0    0    0    0    0    0     
0    -0.517315    0    0.0721305    0.322548    0     
0    0    0    0    0    0     
0    -0.128826    0    -0.285692    0.260581    -0.128135     
0.461721    -0.339052    0    0    0    0     
0    0    0    0    0    0     
0    0.0223033    0    -0.543109    0.355599    0.383062     
0    -0.80808    0    0    0    0     
0    0.103807    0    0    0    0     
0    0.239957    0    0    0    0     
0    -0.278635    0    0    0    0     
0    -1.2589    0    0.0473292    -0.0136844    0     
0    -0.754152    0    0    0    0.373309     
0    -0.615137    -0.620043    0    0.440617    0     
0    -0.219821    0    0    0.178817    0.470617     
0.152059    0.120396    0.217983    0    0    0     
0    0    0    0    0    0     
0    -1.0468    0    -1.7164    -0.559717    0     
0    -0.792274    0    0.12178    0    0     
0    0.196388    0    0    0    0     
0    0    0    0    0    0     
0    -1.87545    0    -1.9301    -1.1958    0     
0    -0.127907    0    0    0    0     
0    0    0    0    0    0     
-0.554821    -0.837828    -1.40191    -2.47939    -1.66035    -1.60363     
-0.36988    -0.558552    -0.934606    -1.65293    -1.1069    -1.06909     
-0.246587    -0.372368    -0.623071    -1.10195    -0.737932    -0.712724     
0.126298    -1.29069    0    -1.12186    -1.30602    0     
0    -0.136947    0    0.0317296    0    0     
0    0.234728    0    0    0    0     
0    -0.208261    0    0    0    0     
0    -0.966254    0    0.440197    0.220617    0     
0    -0.287289    0    0    0    -0.841248     
-0.0292626    -0.883304    -0.576347    0    0.248961    0.241308     
-0.485002    -0.558959    -1.35358    0    -0.738523    0.461424     
-0.323335    -0.372639    -0.902389    0    -0.492349    0.307616     
-0.215557    -0.248426    -0.601593    0    -0.328232    0.205077     
0.146984    -1.20807    0    -0.352936    -0.818085    0     
0    -0.20885    0    0    0    0     
0    -0.698806    0    0    0.232365    0     
0    -0.457042    0    0    0    0     
0    -0.989637    0    0    0.184865    0     
0    0    0    0    0    0     
-0.587811    -1.01379    -1.772    -2.4772    -1.6273    -1.75524     
-0.391874    -0.675862    -1.18133    -1.65147    -1.08487    -1.17016     
-0.261249    -0.450575    -0.787554    -1.10098    -0.723245    -0.780106     
-0.174166    -0.300383    -0.525036    -0.733985    -0.482163    -0.520071     
0.174578    -1.28028    0    -0.886834    -1.41413    0     
0    0.0390723    0    0    0    0     
0    -0.463289    0    0    -0.23021    0     
0    0.155736    0    0    0.0302232    0     
0    0    0    0    0    0     
-0.462472    -0.871288    -2.23443    -2.57507    -1.46238    -1.5218     
-0.308315    -0.580859    -1.48962    -1.71671    -0.974919    -1.01453     
-0.205543    -0.387239    -0.993081    -1.14447    -0.649946    -0.676354     
-0.137029    -0.258159    -0.662054    -0.762983    -0.433297    -0.450903     
-0.0913525    -0.172106    -0.441369    -0.508655    -0.288865    -0.300602     
0.229787    -1.35825    0    -0.824173    -1.45247    0     
0    -0.135681    0    0    0    0     
0    -0.56845    0    0.376827    0.0781515    0     
0    0.173646    0    0    0    0     
0    -0.47747    0    0.236373    -0.427342    0     
0    0    0    0    0    0     
-1.04789    -1.50848    -3.51928    -3.78205    -2.30791    -2.74858     
-0.698594    -1.00565    -2.34619    -2.52137    -1.53861    -1.83238     
-0.465729    -0.670436    -1.56412    -1.68091    -1.02574    -1.22159     
-0.310486    -0.446957    -1.04275    -1.12061    -0.683826    -0.814393     
0.0836981    -1.56607    0    -1.42029    -1.99733    0     
0    -0.223422    0    0.276352    0.303885    0     
0    0    0    0    0    0     
-0.871363    -2.91878    -0.960404    -4.30721    -4.0441    -0.626335     
-0.29022    -3.36136    0    -3.67015    -4.38938    0     
0    0.103493    0    -0.282355    0.45073    0     
0    0    0    0    0    0     
-1.32809    -1.62402    -4.53721    -3.5378    -2.63941    -3.39603     
-0.885396    -1.08268    -3.02481    -2.35854    -1.75961    -2.26402     
-0.590264    -0.721786    -2.01654    -1.57236    -1.17307    -1.50935     
-0.10282    -1.9394    0    -1.95935    -2.69968    0     
0    0.0714185    0    0.0367486    -0.351062    0     
0    0    0    0    0    0     
-1.02013    -3.18887    -0.940238    -4.37705    -4.99479    -0.429378     
-0.389396    -3.5843    0    -3.8717    -5.39073    0     
0    0.487257    0    0.261418    -0.0152751    0     
0    0    0    0    0    0     
-1.81395    -2.03399    -4.65867    -3.64741    -2.96236    -3.71465     
-1.2093    -1.35599    -3.10578    -2.43161    -1.97491    -2.47643     
-0.806199    -0.903995    -2.07052    -1.62107    -1.3166    -1.65095     
-0.246777    -2.12036    0    -2.08488    -2.99234    0     
0    0.276351    0    0    0.0476465    0     
0    0    0    0    0.224868    0     
-1.13341    0.26181    0    -0.110046    -1.89545    0     
0    0    0    0    0    0     
-2.67544    -1.87876    -4.92258    -3.89096    -3.11135    -4.72402     
-1.78363    -1.25251    -3.28172    -2.59397    -2.07423    -3.14935     
-1.18909    -0.835005    -2.18781    -1.72931    -1.38282    -2.09957     
-0.792724    -0.55667    -1.45854    -1.15288    -0.921882    -1.39971     
-0.528483    -0.371113    -0.972362    -0.768584    -0.614588    -0.93314     
-0.0616329    -1.9116    0    -1.90062    -2.68096    0     
0    0    0    0    0    0     
-2.92478    -3.77583    -1.88243    -6.009    -5.91204    -1.69132     
-1.65916    -4.29511    0    -5.57302    -6.35594    0     
0    -1.18366    0    -1.50299    -1.77853    0     
0    0    0    0    0    0     
-3.31074    -2.50882    -5.5218    -4.20741    -3.63142    -5.72206     
-2.20716    -1.67254    -3.6812    -2.80494    -2.42095    -3.81471     
-1.47144    -1.11503    -2.45413    -1.86996    -1.61396    -2.54314     
-0.980959    -0.743353    -1.63609    -1.24664    -1.07598    -1.69542     
-0.363284    -2.35281    0    -2.42056    -3.37503    0     
0    0.105267    0    0    -0.0246772    0     
0    0.403427    0    0    -0.145791    0     
0    0    0    0    0.285664    0     
-1.54419    0.300414    0    -0.401241    -1.9102    0     
0    0    0    0    0    0     
-3.91745    -1.54711    -5.76671    -4.34104    -3.44374    -5.58866     
-2.61163    -1.03141    -3.84448    -2.89403    -2.29583    -3.72578     
-1.74109    -0.687605    -2.56298    -1.92935    -1.53055    -2.48385     
-1.16073    -0.458403    -1.70866    -1.28623    -1.02037    -1.6559     
-0.483128    -2.60748    0    -2.73235    -3.55027    0     
0    0    0    0.281666    0.231121    0     
0.32041    0    0    -0.326822    0.383489    0     
0    0    0    -0.487573    0    0     
-1.04109    -0.569055    0    -3.28556    0.0802321    0     
0    0    0    0    0    0     
-3.79213    -2.26641    -5.91533    -4.9992    -3.12338    -6.26115     
-2.52809    -1.51094    -3.94355    -3.3328    -2.08225    -4.1741     
-1.68539    -1.00729    -2.62904    -2.22187    -1.38817    -2.78273     
-1.1236    -0.67153    -1.75269    -1.48125    -0.925446    -1.85516     
-0.458375    -2.7953    0    -2.96957    -3.76582    0     
0    0    0    0.244802    0.336448    0     
0    0    0    -0.385405    0    0     
-1.19403    -1.23713    0    -3.98954    -0.619446    0     
0    0    0    -0.29116    0    0     
-2.19784    0    -1.6208    -2.08532    0    -3.04555     
-6.29084    -2.27566    -5.83624    -7.01991    -2.45944    -7.0171     
-4.19389    -1.5171    -3.89083    -4.67994    -1.63963    -4.67806     
-2.79593    -1.0114    -2.59389    -3.11996    -1.09309    -3.11871     
-1.86395    -0.674269    -1.72926    -2.07997    -0.728724    -2.07914     
-0.951945    -3.0693    0    -3.36872    -3.82793    0     
0    0.404178    0    0.193265    0.392144    0     
0    0    0    0    0    0     
-3.77997    -5.20516    -2.3504    -7.42152    -6.54971    -2.5891     
-2.22929    -6.16454    0    -7.05914    -7.81615    0     
0    0    0    -0.441723    0    0     
-2.01134    0    -2.04618    -2.65506    0    -3.49466     
-6.33037    -2.52319    -6.15774    -7.86473    -2.4365    -7.65534     
-4.22025    -1.68213    -4.10516    -5.24315    -1.62433    -5.10356     
-2.8135    -1.12142    -2.73677    -3.49544    -1.08289    -3.40237     
-1.58498    -3.49872    0    -4.44175    -4.16242    0     
0    0.025495    0    -0.712336    0.183489    0     
0    0    0    0    0    0     
-3.89017    -6.07432    -2.81734    -7.9857    -6.86462    -3.2253     
-2.30275    -7.0655    0    -7.53742    -8.11511    0     
0    0.412728    0    -0.489362    0    0     
0    0    0    0    0    -0.230003     
-6.67877    -3.45173    -9.08964    -4.8504    -3.87543    -4.84115     
-4.45251    -2.30116    -6.05976    -3.2336    -2.58362    -3.22743     
-2.96834    -1.5341    -4.03984    -2.15573    -1.72241    -2.15162     
-1.68821    -4.10967    0    -3.76    -4.61523    0     
0    -0.164281    0    -0.0488426    0.0863666    0     
0    0    0    0    0    0     
-4.0447    -6.10103    -3.6305    -8.39712    -7.45207    -3.17528     
-2.40578    -7.18474    0    -8.01498    -8.63967    0     
0    0    0    -0.239722    0    0     
-1.94396    0    -2.96777    -2.91011    0    -4.26859     
-7.63122    -3.0175    -7.63008    -8.65884    -2.86958    -9.0093     
-5.08748    -2.01166    -5.08672    -5.77256    -1.91306    -6.0062     
-3.39165    -1.34111    -3.39115    -3.84837    -1.27537    -4.00413     
-1.97041    -3.87956    0    -4.98248    -4.60941    0     
0    0.255668    0    -0.924731    -0.0969402    0     
0    0    0    0    0    0     
-4.18071    -6.44726    -4.43816    -9.37227    -8.48033    -4.00585     
-2.49645    -7.34306    0    -8.90685    -9.65896    0     
0    0    0    -1.01117    0    0     
-2.33527    0    -3.23366    -3.95684    0    -4.69122     
-8.29904    -3.03834    -8.09213    -9.88976    -3.21401    -9.60892     
-5.5327    -2.02556    -5.39475    -6.59317    -2.14267    -6.40595     
-3.68846    -1.35037    -3.5965    -4.39545    -1.42845    -4.27063     
-2.16829    -3.96462    0    -5.58897    -5.01781    0     
0    0.181512    0    -1.51443    -0.371015    0     
0    0    0    0    0    0     
-5.06204    -7.7497    -4.97    -9.88333    -9.21698    -4.74184     
-3.08401    -8.42435    0    -9.2904    -10.2955    0     
0    0.0238831    0    -1.26333    0.411962    0     
0    0    0    0    0    0     
-6.03039    -4.71313    -9.67639    -7.68449    -5.19244    -9.69257     
-4.02026    -3.14209    -6.45093    -5.12299    -3.46163    -6.46171     
-2.68018    -2.09473    -4.30062    -3.41533    -2.30775    -4.30781     
-1.49609    -4.78635    0    -5.15814    -5.85784    0     
0    -0.892245    0    -1.32405    -0.603222    0     
0    0.40739    0    0    0    0     
-1.49055    -4.90327    0    -2.86939    -1.77721    0     
0    -0.637179    0    -0.0657149    0    0     
0    0    0    0    0    -1.045     
-9.3685    -5.25155    -11.494    -6.93342    -5.25163    -7.50548     
-6.24567    -3.50103    -7.66268    -4.62228    -3.50109    -5.00365     
-4.16378    -2.33402    -5.10845    -3.08152    -2.33406    -3.33577     
-2.77585    -1.55602    -3.40564    -2.05435    -1.55604    -2.22385     
-1.55988    -4.53772    0    -4.71351    -5.48042    0     
0    -0.0303718    0    -1.31188    0.21234    0     
0    0    0    0.41734    0    0     
-2.50729    -2.88722    0    -6.88561    -1.61125    -0.00873531     
0    -2.97393    0    -5.8051    -2.01663    0     
0    0    0    0    0    0     
-7.2392    -5.01936    -10.9618    -8.81266    -5.19349    -11.3588     
-4.82613    -3.34624    -7.30785    -5.87511    -3.46233    -7.57251     
-3.21742    -2.23083    -4.8719    -3.91674    -2.30822    -5.04834     
-2.14495    -1.48722    -3.24793    -2.61116    -1.53881    -3.36556     
-1.13928    -5.05608    0    -5.15532    -5.92961    0     
0    -0.948408    0    -1.37964    -0.249702    0     
0    0    0    0.333891    0    0     
-3.64143    -3.22219    0.494483    -7.41603    -1.8142    -0.621989     
-2.13693    -6.30555    0    -8.35857    -6.34532    0     
0    0    0    0.0891167    0    0     
-4.21909    0    -4.61762    -4.67264    0    -5.91968     
-11.6758    -4.11047    -10.282    -11.6793    -4.072    -11.9463     
-7.78387    -2.74031    -6.85469    -7.78622    -2.71467    -7.9642     
-5.18925    -1.82687    -4.56979    -5.19082    -1.80978    -5.30947     
-3.16881    -5.47057    0    -6.87509    -6.3395    0     
0    -1.19128    0    -2.40758    -0.682998    0     
0    0    0    -0.531428    0    0     
-3.50029    -3.67234    -0.137711    -8.89074    -2.68242    -1.06417     
-2.04284    -6.77358    0    -9.34171    -7.06339    0     
0    0    0    -1.03561    0    0     
-4.52606    0.3451    -4.82095    -6.89505    0    -6.73254     
-6.81778    -4.23723    -6.56155    -8.89031    0    -8.89366     
-4.54519    -2.82482    -4.37437    -5.92687    0    -5.92911     
-3.03013    -1.88321    -2.91625    -3.95125    0    -3.95274     
-1.7294    -5.86067    0    -6.04871    -5.1368    0     
0    -1.881    0    -2.39615    0.17159    0     
0    -0.492971    0    -1.31169    0    0     
0    -3.71174    0    -4.28803    0    0     
0    -5.61893    0    -5.94644    0    0     
0    -1.89152    0    -3.25176    0    -1.18405     
-0.58633    -3.27176    -4.37534    -4.80254    0    -1.72696     
-3.7098    -6.23482    -5.5663    -6.96212    0    -4.93492     
-2.4732    -4.15655    -3.71087    -4.64141    0    -3.28995     
-1.6488    -2.77103    -2.47391    -3.09427    0    -2.1933     
-0.80851    -6.45255    0    -5.4774    -4.57614    0     
0    -1.32826    0    -0.676092    0    0     
0    -2.63892    0    -1.96705    0    0     
0    -3.04834    0    -2.41793    0    0     
0    -2.90357    0    -2.29469    0    0     
0    0    0    0    0    0.408291     
-9.54793    -3.89033    -11.6496    -6.62669    -4.62186    -6.56408     
-6.36529    -2.59355    -7.76639    -4.4178    -3.08124    -4.37606     
-4.24353    -1.72903    -5.1776    -2.9452    -2.05416    -2.91737     
-2.82902    -1.15269    -3.45173    -1.96346    -1.36944    -1.94491     
-1.59532    -5.44917    0    -4.93498    -5.23626    0     
0    0.267678    0    0.419238    0    0     
0    -0.271867    0    0.12446    0    0     
0    -0.0894338    0    0.278824    0    0     
0    0    0    0    0    0     
-5.16833    -1.65749    -9.28951    -6.53414    -3.35558    -10.154     
-3.44556    -1.10499    -6.19301    -4.35609    -2.23705    -6.76935     
-2.29704    -0.736662    -4.12867    -2.90406    -1.49137    -4.5129     
-1.53136    -0.491108    -2.75245    -1.93604    -0.994245    -3.0086     
-1.02091    -0.327405    -1.83497    -1.29069    -0.66283    -2.00573     
-0.389915    -5.08484    0    -4.72707    -4.72119    0     
0    0    0    0    0    0     
-5.45587    -7.7034    -5.16223    -10.9176    -8.427    -4.88324     
-3.34655    -10.0606    0    -11.1779    -10.0547    0     
0    -2.48495    0    -3.42001    0.21058    0     
0    0    0    0    0    0     
-6.03895    -3.31605    -10.8311    -7.94709    -4.89615    -12.1147     
-4.02597    -2.2107    -7.22072    -5.29806    -3.2641    -8.07645     
-2.68398    -1.4738    -4.81382    -3.53204    -2.17607    -5.3843     
-1.78932    -0.982532    -3.20921    -2.35469    -1.45071    -3.58953     
-0.902191    -5.78628    0    -5.5197    -5.62564    0     
0    0.0524705    0    0.208544    0    0     
____________________________________
Fri Mar 29 17:28:25 2024


PARAMETERS
NUMBER_NEURON = 6
VOLTAGE_TRESHOLD = 0.5
LEARNING_RATE = 0.1
LEAK_RATE = 1.5
TIME_ITERATION = 500
ITERATION_SPIKE_IN = 5
THRESHOLD_COORDINATES = 0.015
THRESHOLD_GYROSCOPE = 0.05  0.05  1.9   
____________________________________
Fri Mar 29 17:28:25 2024


PARAMETERS
NUMBER_NEURON = 6
VOLTAGE_TRESHOLD = 0.5
LEARNING_RATE = 0.1
LEAK_RATE = 1.5
TIME_ITERATION = 500
ITERATION_SPIKE_IN = 5
THRESHOLD_COORDINATES = 0.015
THRESHOLD_GYROSCOPE = 0.05  0.05  1.9   
0.493583    0    0.292517    0    0    0     
0    0    0    0    0    0     
0    0    0    0    0    0     
0    0    0    0    0    0     
0    0    0    0    0    0     
0    0    0    0    0    0     
0    0    0    0    0    0     
0    0    0    0    0    0     
0    0    0    0    0    0     
0    0    0    0    0    0     
0    0    0    0    0    0     
0    0    0    0    0    0     
0    0    0    0    0    0     
0    0    0    0    0    0     
0    0    0    0.403703    -0.0979183    0     
0    0    0    0    0.155624    0     
0    0    0    0    -0.037868    0     
0    0    0    0    -0.166863    0     
0    0    0    0    -0.252859    0     
0    0    0    0    -0.31019    0     
0    0    0    0    -0.348411    0     
0    0    0    0    -0.163633    0     
0    0    0    0    -0.040447    0     
0    0    0    0    0.0416768    0     
0    0    0    0    0.096426    0     
0    0    0    0    0.132925    0     
0    0    0    0    -0.0530006    0     
0    0    0    0    -0.176951    0     
0    0    0    0    -0.259585    0     
0    0    0    0    -0.314674    0     
0    0    0    0    -0.3514    0     
0    0    0    0    -0.573013    0     
0    0    0    0    -0.720755    0     
0    0    0    0    -0.819249    0     
0    0    0    0    -0.884912    0     
0    0    0    -0.213903    -1.05844    0     
0    0.251115    0    -0.222168    -0.49569    0     
0    0    0    0    0.435441    0     
0    0    0    0    0    0     
0    0    0    -0.425737    0.392483    0     
0    0    0    0    0    0     
0    0    0    0.442223    0    0     
0    0    0    0    0    0     
0    0    0    0.442223    0    0     
0    0    0    0    0    0     
0    0    0    0.0627386    0.461075    0     
0    0    0    0    0    0     
0    0    0    0    0    0     
0    0    0    0    0    0     
0    0    0    0    0    0     
0    0    0    0.17267    0    0     
0    0    0    0    0    0     
0    0    0    0.325051    0.363904    0     
0    0    0    0    0    0     
0    0    0    0    0    0     
0    0    0    0    0    0     
0    0    0    0    0    0     
0    0    0.156093    0.218678    0    0.192466     
0.30962    0    0.477093    0.0291415    0    0     
0    0    0    0    0    0     
0    0    0    0    0    0     
0    0    0    0    0    0     
0    0    0    0    0    0     
0    0    -0.248315    -0.224836    -0.0235989    0     
0    0    0    0    0    0     
0    0    -0.791761    -0.449837    -0.328432    -0.0657247     
0.378048    0    0.321355    0    0.463224    0     
0    0.382761    0    0    0    0.107283     
0    0    0    0.13031    0    -0.116534     
0    0    0    0    0    0     
0    0    0    0    0    0     
0    0    0    0    0    0     
0    0    0    0    0    0     
0    0    0    0    0    0     
0    0    0    0    0    0     
0    0    0    0    0    0     
0    0    0    0    0    0     
0    0    0    0    0    0     
0    0    0.258354    0    -0.092212    0.384291     
0    0    0    0    0    0     
0    0    0    0    0.289029    0     
0    0    0    0    0    0     
0    0    0    0    0    0     
0    0    0    0    0    0     
0    0    0    0    0    0     
0    0    0    0    0    0     
0    0    0    0    0.289029    0     
0    0    0.457056    0    0    0     
0    0    0    0    0.431939    0     
0    0    0.457056    0    0    0     
0    0    0    0    0.431939    0     
0    0    0    0    0    0     
0    0    0    0    0    0     
0    0    0    0    0    0     
0    0    0    0    0    0     
0    0    0    0    0    0     
0    0    0    0    0.289029    0     
0    0    0.457056    0    0    0     
0    0    0    0    0.431939    0     
0    0    0.457056    0    0    0     
0    0    0    0    0.431939    0     
0    0    0    0    0    0     
0    0    0    0    0    0     
0    0    0.00921419    0    -0.523557    0     
0    0    0    0    0    0     
0    0    0    0    0.035848    0     
0    0    0    0    0    0     
0    0    0    0    0.0341651    0     
0    0    0    0    0    0     
0    0    0    0    0.0341651    0     
0    0    0    0    0    0     
0    0    0    0    0.035848    0     
0    0    0    0    0    0     
