____________________________________
Tue Apr  2 10:50:59 2024


PARAMETERS
NUMBER_NEURON = 6
VOLTAGE_TRESHOLD = 0.8
LEARNING_RATE = 0.1
LEAK_RATE = 1.5
TIME_ITERATION = 500
ITERATION_SPIKE_IN = 5
THRESHOLD_COORDINATES = 0.03
THRESHOLD_GYROSCOPE = 0.03  0.03  1.9   
____________________________________
Tue Apr  2 10:50:59 2024


PARAMETERS
NUMBER_NEURON = 6
VOLTAGE_TRESHOLD = 0.8
LEARNING_RATE = 0.1
LEAK_RATE = 1.5
TIME_ITERATION = 500
ITERATION_SPIKE_IN = 5
THRESHOLD_COORDINATES = 0.03
THRESHOLD_GYROSCOPE = 0.03  0.03  1.9   
0.493583    0    0.292517    0.771358    0.526745    0.769914     
0    0    0    0    0    0     
0    0    0    0    0    0     
0    0    0    0    0.232831    0     
0    0    0    0    -0.046405    0     
0    0    0.501835    0.300886    -0.712254    0     
-0.611319    0    0.618661    0.47333    -1.04826    0     
-0.756428    0    0    0    -0.765172    0     
-0.128352    0.583782    0.689528    0.24444    -1.558    0     
-0.108146    0    0.740842    0.5246    -1.22424    0.737084     
-0.383832    0    0    0    -0.590718    0     
0.514648    0    0.0238118    -0.287626    -1.29601    0     
0.408111    0    0.304677    0.627969    -0.636428    0     
0.665745    0    0.762659    0    -0.118856    0     
0    0    0    0    0.217343    0     
0    0    0    -0.16101    -0.323221    0     
0    0    0.641733    -0.329244    -1.20796    0     
0.162189    0    0    -0.0653828    -1.40318    0     
0.603394    0.488534    0.412425    -0.016702    -1.97192    0.76016     
0.402263    0.325689    0.27495    -0.0111346    -1.31461    0.506774     
0.268175    0.217126    0.1833    -0.0074231    -0.87641    0.337849     
0.672367    0    -0.594078    0.26554    -0.30422    0     
0    0    0.0331018    0    0.0289079    0     
0    0    0.595704    0.140074    -0.454552    0     
0.461953    0    0.0425544    0.401486    -0.952376    0     
0    0    0.69873    0    -0.270451    0     
0.665221    0.583841    0    -0.266906    -1.49791    0.432729     
0    -0.168146    0    -0.764105    -1.46881    0.274727     
0    -0.430682    -0.628978    -1.28969    -1.59153    -0.352798     
0    -0.287122    -0.419319    -0.859795    -1.06102    -0.235199     
0    -0.191414    -0.279546    -0.573197    -0.707348    -0.156799     
0.493583    0    -0.878392    -0.233238    -0.191512    0.729759     
0.610786    0    -0.338145    0    0.0123701    0     
0    0    0    0    0.378362    0     
0    0    0.152969    -0.0765912    -0.460172    0     
0.743279    0    -0.171485    0.7142    -0.702813    0     
0    0    0    0    -0.350023    0     
0    0.252638    0.681652    -0.574284    -1.38967    0.469958     
0    -0.212571    -0.271558    -1.19851    -1.60918    -0.306503     
0    -0.141714    -0.181039    -0.799005    -1.07279    -0.204335     
0    -0.0944759    -0.120692    -0.53267    -0.715191    -0.136223     
0.493583    0    -0.77249    0.067385    -0.196741    0     
0    0    0.166043    0    0.335701    0     
0    0    0.598168    -0.108722    -0.630345    0     
0.587129    0    0.268209    0.451505    -0.954923    0     
0    0    0    0    0.0132419    0     
0    0.428471    0    -0.504625    -1.29874    0.442093     
0    -0.645926    -1.17266    -1.72999    -2.15161    -0.309039     
0    -0.60911    -1.44115    -1.81199    -2.23109    -0.752325     
0    -0.406074    -0.960767    -1.20799    -1.4874    -0.50155     
0    -0.270716    -0.640511    -0.805329    -0.991597    -0.334367     
0.493583    0    -1.0966    -0.291198    -0.381012    0     
0    0    0.31255    0    0.466766    0     
0    0    0    0.118061    -0.341216    0     
0    0    -0.697069    -0.100712    -1.38357    0     
0.222899    0    -1.07588    -0.0139829    -1.83691    0     
0.00112435    0    0.401001    0    -1.29917    0     
0    0.455479    0    0    -0.28034    0     
0    -0.8465    -0.308529    -2.29969    -1.85566    -1.55882     
0    -1.12588    -1.13464    -2.82857    -2.46921    -2.17947     
0    -0.750585    -0.75643    -1.88571    -1.64614    -1.45298     
0.493583    0.712484    -1.34449    -0.993324    -0.817375    0.223512     
0    0    -1.73653    -0.398399    -0.264863    0     
0.677193    0    -1.72818    0.0528008    -0.766832    0     
0    0    -0.498897    0    0.619709    0     
0    0    -0.399703    -0.636709    -0.0957628    0     
-0.235056    -0.175766    -0.296035    -0.810338    -1.11278    -0.0195255     
-0.156704    -0.117178    -0.197357    -0.540225    -0.741852    -0.013017     
-0.104469    -0.0781184    -0.131571    -0.36015    -0.494568    -0.00867802     
-0.0696462    -0.052079    -0.0877141    -0.2401    -0.329712    -0.00578534     
-0.0464308    -0.0347193    -0.0584761    -0.160067    -0.219808    -0.0038569     
0.462629    0    -0.87919    0.0410683    0.133515    0     
0.640581    0    -0.251711    0    0    0     
0    0    0.72064    -0.382912    0.433104    0     
0.0842975    0.791978    -0.460673    -0.902185    -0.581124    0     
0.736035    0    -0.673028    -0.747454    0.0391067    0     
0.676129    0    0    0    0.436442    0     
0    -0.438255    0    -0.543622    -0.941431    0.34725     
0.737857    -1.95665    -1.77209    -2.35262    -2.44816    -1.21873     
0.491905    -1.30443    -1.18139    -1.56841    -1.63211    -0.812488     
0.327936    -0.869622    -0.787596    -1.04561    -1.08807    -0.541658     
0.712207    0.777129    -1.24566    -0.906937    -0.46895    0     
0    0    -1.02885    -0.852718    -0.0709964    0     
0.345049    0    -1.3784    -1.0298    -1.32185    0     
0.652345    0    -0.376844    0.456643    -0.712034    0     
0    0    0.398797    0    -0.226585    0     
0.449828    -0.260613    0.722435    -1.08789    -2.08311    -0.164617     
0.299886    -0.173742    0.481623    -0.725262    -1.38874    -0.109745     
0.199924    -0.115828    0.321082    -0.483508    -0.925827    -0.073163     
0.133283    -0.0772186    0.214055    -0.322339    -0.617218    -0.0487754     
0.088855    -0.0514791    0.142703    -0.214892    -0.411479    -0.0325169     
0.55282    0    -0.625457    -0.353125    -0.0178881    0     
0    0    0.242199    0    0.29278    0     
0.766985    0.582025    -0.625116    -1.91961    -1.96541    0.739152     
0    0    -1.13734    -1.4979    -1.05385    0     
0.379495    0.795713    -1.79463    -1.69853    -2.10782    0     
0.642511    0    -0.909    -1.07182    -1.44433    0     
0.366468    0.42612    0.269245    0.699607    -0.897995    0     
0.643469    0.64806    0.48831    0.571656    -0.587125    0.114004     
0.428979    0.43204    0.32554    0.381104    -0.391417    0.0760028     
0.285986    0.288027    0.217027    0.254069    -0.260945    0.0506686     
0.68424    0    -0.575908    -0.0487811    0.0824681    0     
0    0    0.155773    0    0.476845    0     
0    0    -0.394429    -1.46095    -1.5307    0     
0    0    -1.40632    -1.48113    -2.4765    0     
0.553009    0.379677    -2.54432    -1.91419    -3.39007    0     
0.603702    0.446577    -1.5808    -1.31235    -2.57797    -0.208732     
0.402468    0.297718    -1.05387    -0.874903    -1.71865    -0.139155     
0.268312    0.198479    -0.702578    -0.583269    -1.14577    -0.0927697     
0.178875    0.132319    -0.468386    -0.388846    -0.763844    -0.0618465     
0.11925    0.0882128    -0.312257    -0.259231    -0.509229    -0.041231     
0.573083    0    -0.928764    -0.390981    -0.0830553    0     
0    0    -0.626584    0.662644    0.0613475    0     
0.33382    0.0547511    -2.2191    -0.886465    -2.11085    0.531849     
0.71613    0    -2.19999    -0.809137    -1.15081    0     
0    0    -1.51209    0.13738    -0.875415    0     
-0.297377    -1.65267    -2.60701    -1.30783    -3.0055    -0.635869     
-0.198252    -1.10178    -1.73801    -0.871884    -2.00367    -0.423913     
-0.132168    -0.734521    -1.15867    -0.581256    -1.33578    -0.282609     
-0.0881118    -0.489681    -0.772448    -0.387504    -0.890519    -0.188406     
-0.0587412    -0.326454    -0.514965    -0.258336    -0.59368    -0.125604     
0.454422    0    -1.0639    -0.390385    -0.139355    0     
0.562473    0    -1.14049    0.2073    -0.186837    0     
0.702528    0    -1.13809    0.647161    -0.175846    0     
0    0    -0.694661    0    0.199774    0     
0.788737    0.0497242    -2.00132    -2.5474    -2.3205    0.0303204     
0.525825    0.0331495    -1.33421    -1.69827    -1.547    0.0202136     
0.35055    0.0220996    -0.889474    -1.13218    -1.03133    0.0134757     
0.2337    0.0147331    -0.592983    -0.754786    -0.687556    0.00898383     
0.1558    0.00982206    -0.395322    -0.50319    -0.458371    0.00598922     
0.103867    0.00654804    -0.263548    -0.33546    -0.30558    0.00399281     
0.562827    0    -0.896291    -0.441801    0.0527108    0     
0    0    -0.497916    0.458367    0.362988    0     
0.189492    -0.218962    -2.57485    -1.37899    -1.64424    0.209669     
0.619911    0    -2.43716    -1.13749    -0.839729    0     
0.63469    0    -1.80752    -0.313666    -0.211488    0     
0.179641    0.25362    -0.575179    0.770848    0.239013    0     
0.229079    0.362066    -0.0271906    0.629843    0.315204    0.0208886     
0.152719    0.241377    -0.0181271    0.419895    0.210136    0.0139258     
0.101813    0.160918    -0.0120847    0.27993    0.140091    0.00928384     
0.0678752    0.107279    -0.00805648    0.18662    0.0933938    0.00618923     
0.538833    0    -0.725963    -0.0937473    0.318694    0     
0.777289    0    -0.400164    0    0    0     
0    0    -0.429036    -1.33064    -0.479746    0     
0.364204    0.220138    -2.66018    -2.37771    -2.02525    0.553003     
0.736385    0    -2.49404    -2.0247    -1.20095    0     
0.40212    0.430921    -1.2293    -0.314573    -0.450821    0     
0.493077    0.786316    -0.368383    -0.276861    0.0116721    0.19827     
0.328718    0.524211    -0.245588    -0.184574    0.00778137    0.13218     
0.219145    0.349474    -0.163726    -0.123049    0.00518758    0.0881199     
0.146097    0.232983    -0.10915    -0.0820329    0.00345839    0.0587466     
0.590981    0    -0.793359    -0.494249    0.151525    0     
0    0    -0.46057    0.351557    0    0     
0.782303    -0.341534    -2.5901    -2.23301    -2.1965    0.562988     
0    0    -2.44733    -1.92824    -1.34968    0     
-0.0908507    -0.515701    -4.25332    -3.23171    -3.06956    0.21594     
-0.0605671    -0.3438    -2.83555    -2.15447    -2.04637    0.14396     
-0.0403781    -0.2292    -1.89037    -1.43632    -1.36425    0.0959733     
-0.0269187    -0.1528    -1.26024    -0.957544    -0.909498    0.0639822     
-0.0179458    -0.101867    -0.840163    -0.638362    -0.606332    0.0426548     
-0.0119639    -0.0679112    -0.560109    -0.425575    -0.404221    0.0284365     
0.485607    0    -1.094    -0.723277    -0.154832    0     
0.278012    0    -0.902826    -0.150964    0.178562    0     
0.55467    0    -0.239292    0.644915    0    0     
0    0.794871    -0.126845    0.202075    0.224174    0     
0.686713    0.238783    -2.7297    -2.51953    -1.67652    -0.726776     
0.457809    0.159188    -1.8198    -1.67969    -1.11768    -0.484518     
0.305206    0.106126    -1.2132    -1.11979    -0.745121    -0.323012     
0.20347    0.0707504    -0.808801    -0.746527    -0.496747    -0.215341     
0.135647    0.0471669    -0.5392    -0.497685    -0.331165    -0.143561     
0.0904313    0.0314446    -0.359467    -0.33179    -0.220777    -0.0957072     
0.553871    0    -0.960237    -0.660753    -0.201482    0     
0.780882    0    -0.395846    0.240051    0.629443    0     
0    0    0.00247119    0    0    0     
0.736413    -2.00537    -2.45686    -4.74819    -3.86748    -1.3237     
0    -0.173917    -2.3585    -3.85803    -2.89081    0.0211977     
0    -2.22478    -3.93641    -4.95556    -4.33503    -2.01986     
0    -1.48319    -2.62428    -3.3037    -2.89002    -1.34658     
0    -0.988793    -1.74952    -2.20247    -1.92668    -0.897717     
0    -0.659195    -1.16635    -1.46831    -1.28445    -0.598478     
0    -0.439463    -0.777563    -0.978875    -0.856303    -0.398985     
0.493583    0    -1.23897    -1.34516    -0.883355    0.637672     
0.556071    0    -0.870002    -0.337176    -0.616964    0     
0.697654    0    -0.164879    0.228387    -0.0647813    0     
0    0    0.347846    0.626183    0.332635    0     
0.0376172    -1.11028    -1.91871    -1.65985    -2.05617    -0.346527     
0.0250781    -0.740187    -1.27914    -1.10657    -1.37078    -0.231018     
0.0167188    -0.493458    -0.85276    -0.737713    -0.913855    -0.154012     
0.0111458    -0.328972    -0.568507    -0.491809    -0.609237    -0.102675     
0.00743056    -0.219315    -0.379005    -0.327873    -0.406158    -0.0684498     
0.00495371    -0.14621    -0.25267    -0.218582    -0.270772    -0.0456332     
0.496885    0    -0.889039    -0.838296    -0.493001    0.731252     
0.343252    0    -0.602372    -0.0222011    -0.505244    0     
0.478251    0    -0.104383    0.756446    0.0445262    0     
0    0    0.490697    0    0.738934    0     
0    -0.423576    -1.45325    -3.08865    -2.40965    -0.388962     
0    -2.52014    -3.32389    -4.48791    -4.03849    -2.5328     
0    -1.68009    -2.21593    -2.99194    -2.69233    -1.68853     
0    -1.12006    -1.47729    -1.99463    -1.79489    -1.12569     
0    -0.746708    -0.984858    -1.32975    -1.19659    -0.750458     
0    -0.497805    -0.656572    -0.886501    -0.797727    -0.500305     
0.493583    0    -1.15831    -1.28358    -0.844305    0.621762     
0.440374    0    -0.54547    0.102131    -0.414771    0     
0    0    0.46145    0    0.789248    0     
0.61236    -0.221061    -1.70003    -3.46208    -2.36183    -0.758139     
0    0    -1.85395    -3.02385    -1.88704    0.523954     
-0.399898    -1.8767    -2.92588    -3.07064    -2.97827    -0.562565     
-0.266599    -1.25114    -1.95059    -2.04709    -1.98551    -0.375043     
-0.177732    -0.83409    -1.30039    -1.36473    -1.32368    -0.250029     
-0.118488    -0.55606    -0.866928    -0.909819    -0.882451    -0.166686     
-0.0789922    -0.370707    -0.577952    -0.606546    -0.588301    -0.111124     
0.440922    0    -1.10589    -1.12016    -0.704687    0     
0    0    -0.101181    0.26982    0.45131    0     
0.181809    -0.325636    -2.29139    -1.74455    -1.76336    -0.0210823     
0.614789    0    -2.24819    -1.87882    -1.48806    0.754339     
0.438217    0    -1.30979    -0.434306    -0.611933    0     
0.476915    0    0    0    0    0     
0    -1.2394    0    -1.30497    -1.11147    -0.0840613     
0.745761    -4.16203    -3.28922    -4.07021    -3.94772    -3.03999     
0.497174    -2.77469    -2.19281    -2.71347    -2.63181    -2.02666     
0.331449    -1.84979    -1.46187    -1.80898    -1.75454    -1.35111     
0.714549    0.488371    -1.68575    -1.92178    -1.48218    -0.027281     
0    0    -1.835    -1.99698    -1.30061    0     
0.402448    -0.0976918    -3.20913    -2.98914    -2.7829    -0.010587     
0.761882    0    -2.85059    -2.70855    -2.16775    0.698819     
0.694596    0    -1.61192    -0.847773    -0.965735    0     
0.548185    0    0    0    0.725762    0     
0.559045    -0.797527    0.653387    -0.95517    -0.736421    0.173972     
0.372697    -0.531685    0.435591    -0.63678    -0.490947    0.115982     
0.248464    -0.354457    0.290394    -0.42452    -0.327298    0.077321     
0.165643    -0.236304    0.193596    -0.283013    -0.218199    0.0515474     
0.604012    0    -0.676904    -1.06921    -0.457952    0.718618     
0    0    -0.162871    0.28393    -0.0314767    0     
0.276624    -0.182291    -2.61138    -1.65651    -2.59402    -0.0894077     
0.677999    0    -2.54689    -1.98488    -2.04183    0.547116     
0    0    -1.38195    -0.326233    -1.21441    0     
-0.440917    -2.36609    -2.79235    -1.62424    -3.4962    -1.02981     
-0.293945    -1.57739    -1.86156    -1.08282    -2.3308    -0.686537     
-0.195963    -1.05159    -1.24104    -0.721883    -1.55387    -0.457691     
-0.130642    -0.701062    -0.827362    -0.481255    -1.03591    -0.305127     
-0.0870947    -0.467375    -0.551575    -0.320837    -0.690607    -0.203418     
0.43552    0    -1.17368    -1.09443    -0.772892    0.394386     
0.482285    0    -0.621365    0.175288    -0.451669    0     
0    0    0.744898    0    0.359112    0     
-0.11403    -1.42847    -2.45684    -4.45727    -4.3572    -2.04513     
0.417563    0.657774    -2.44386    -4.06718    -3.21729    -1.04556     
0.278375    0.438516    -1.62924    -2.71145    -2.14486    -0.697039     
0.185583    0.292344    -1.08616    -1.80763    -1.42991    -0.464692     
0.123722    0.194896    -0.724108    -1.20509    -0.95327    -0.309795     
0.0824815    0.129931    -0.482739    -0.803393    -0.635514    -0.20653     
0.0549877    0.0866204    -0.321826    -0.535595    -0.423676    -0.137687     
0.530241    0    -1.02052    -1.45273    -0.594937    0.22607     
0    0    -0.301635    0.249356    -0.00903181    0     
0.467806    -0.436345    -2.69867    -1.86387    -2.60863    -0.293565     
0    0    -2.60508    -2.33824    -2.05158    0.122151     
0.556426    -0.470651    -4.85714    -3.58671    -4.16571    -0.713428     
0.37095    -0.313767    -3.23809    -2.39114    -2.77714    -0.475619     
0.2473    -0.209178    -2.15873    -1.59409    -1.85143    -0.317079     
0.164867    -0.139452    -1.43915    -1.06273    -1.23428    -0.211386     
0.109911    -0.0929681    -0.959434    -0.708485    -0.822856    -0.140924     
0.0732742    -0.0619787    -0.639623    -0.472324    -0.548571    -0.0939494     
0.542432    0    -1.23238    -1.41055    -0.678201    0.255228     
0    0    -0.321638    0.402696    0.0649591    0     
0.70174    0.00357493    -2.59166    -1.63713    -2.43048    -0.0232613     
0    0    -2.53374    -2.18708    -1.9328    0.302353     
0.78778    -0.0369267    -4.69233    -3.36402    -3.96515    -0.328046     
0.525186    -0.0246178    -3.12822    -2.24268    -2.64343    -0.218697     
0.350124    -0.0164119    -2.08548    -1.49512    -1.76229    -0.145798     
0.233416    -0.0109413    -1.39032    -0.996748    -1.17486    -0.0971989     
0.155611    -0.00729417    -0.92688    -0.664498    -0.783239    -0.0647993     
0.103741    -0.00486278    -0.61792    -0.442999    -0.522159    -0.0431995     
0.562743    0    -1.21791    -1.391    -0.660593    0.289061     
0    0    -0.319719    0.411845    0.0673437    0     
0.695745    -0.0131249    -2.60066    -1.63758    -2.44195    -0.0318866     
0    0    -2.53974    -2.18738    -1.94045    0.296603     
0.781557    -0.0542123    -4.71579    -3.37619    -3.9814    -0.345236     
0.521038    -0.0361415    -3.14386    -2.2508    -2.65427    -0.230158     
0.347359    -0.0240944    -2.09591    -1.50053    -1.76951    -0.153438     
0.231572    -0.0160629    -1.39727    -1.00035    -1.17967    -0.102292     
0.154382    -0.0107086    -0.931515    -0.666902    -0.78645    -0.0681948     
0.102921    -0.00713907    -0.62101    -0.444602    -0.5243    -0.0454632     
0.562197    0    -1.21997    -1.39206    -0.66202    0.287552     
0    0    -0.0564563    0.643996    0.312875    0     
0.498949    -0.163742    -2.7959    -1.65088    -2.75208    -0.505907     
0    0    -2.6699    -2.19625    -2.14721    -0.150631     
0    0.0729456    -4.88576    -3.44759    -4.41059    -0.858839     
0    -2.5825    -6.88881    -5.44234    -6.18212    -3.69949     
0    -1.72167    -4.59254    -3.62823    -4.12142    -2.46632     
0    -1.14778    -3.06169    -2.41882    -2.74761    -1.64422     
0    -0.765185    -2.04113    -1.61255    -1.83174    -1.09614     
0    -0.510123    -1.36075    -1.07503    -1.22116    -0.730763     
0.493583    0    -1.71314    -1.81235    -1.12659    -0.300535     
0    0    -0.226705    0.386856    -0.0758407    0     
0.251543    -0.128608    -2.84432    -1.66992    -3.07231    -1.20344     
0.661278    0    -2.70218    -2.20894    -2.3607    -0.786158     
0    0    -0.87618    0.243353    -0.786409    0     
-0.0510056    -2.19966    -2.44356    -0.539956    -3.08891    -1.05365     
-0.0340037    -1.46644    -1.62904    -0.35997    -2.05927    -0.702432     
-0.0226691    -0.977627    -1.08603    -0.23998    -1.37285    -0.468288     
-0.0151128    -0.651751    -0.724018    -0.159987    -0.915232    -0.312192     
-0.0100752    -0.434501    -0.482678    -0.106658    -0.610154    -0.208128     
0.486866    0    -1.12775    -1.16677    -0.719256    -0.122615     
0    0    0.223568    0    0.436799    0     
0.162502    -1.34638    -3.55375    -4.44937    -4.82142    -3.04813     
0.601918    0    -3.17513    -4.10159    -3.52676    -2.29408     
0    0    -1.40448    -1.10527    -1.52186    0.655281     
0.760015    -2.30717    -3.26971    -1.55827    -3.57193    -0.649083     
0.506677    -1.53812    -2.17981    -1.03885    -2.38129    -0.432722     
0.337785    -1.02541    -1.45321    -0.692563    -1.58752    -0.288481     
0.22519    -0.683607    -0.968804    -0.461709    -1.05835    -0.192321     
0.150126    -0.455738    -0.645869    -0.307806    -0.705566    -0.128214     
0.593667    0    -1.23655    -1.34055    -0.782864    -0.34747     
0    0    0.179552    0.750893    0.583179    0     
0.524319    -0.936707    -3.13005    -2.39529    -3.2733    -2.05116     
0    0    -2.89267    -2.7322    -2.49469    -1.67284     
0    -0.280511    -5.01236    -4.10428    -4.54307    -2.8495     
0    -3.26911    -7.15606    -6.38112    -6.64983    -5.5916     
0    -2.1794    -4.77071    -4.25408    -4.43322    -3.72773     
0    -1.45294    -3.18047    -2.83605    -2.95548    -2.48516     
0    -0.968624    -2.12031    -1.8907    -1.97032    -1.65677     
0    -0.645749    -1.41354    -1.26047    -1.31355    -1.10451     
0.493583    0    -1.74833    -1.97566    -1.18818    -1.04174     
0    0    -0.0421769    0.480409    0.329204    0     
0.651916    -0.631505    -2.91679    -2.18992    -3.07529    -1.91734     
0    0    -2.7505    -2.59529    -2.36268    -1.58362     
0    -0.662957    -4.36682    -3.45776    -3.86314    -2.428     
0    -3.36518    -6.6262    -5.74528    -6.09102    -5.01589     
0    -2.24345    -4.41747    -3.83019    -4.06068    -3.34393     
0    -1.49563    -2.94498    -2.55346    -2.70712    -2.22929     
0    -0.99709    -1.96332    -1.70231    -1.80475    -1.48619     
0    -0.664727    -1.30888    -1.13487    -1.20316    -0.990794     
0.493583    0    -1.67855    -1.89192    -1.1146    -0.965929     
0    0    0.111726    0.630414    0.528531    0     
0.711946    -0.319462    -2.60731    -1.79092    -2.68662    -1.48777     
0    0    -2.54417    -2.32929    -2.10356    -1.29725     
0    0.330414    -4.19718    -3.13926    -3.69154    -2.0144     
0    -2.65614    -6.35748    -5.13821    -5.87071    -4.72592     
0    -1.77076    -4.23832    -3.42547    -3.91381    -3.15062     
0    -1.18051    -2.82555    -2.28365    -2.6092    -2.10041     
0    -0.787004    -1.8837    -1.52243    -1.73947    -1.40027     
0    -0.524669    -1.2558    -1.01495    -1.15965    -0.933516     
0.493583    0    -1.64317    -1.81198    -1.08558    -0.927743     
0    0    0.150633    0.783201    0.645177    0     
0.468118    -0.610574    -2.89345    -1.55725    -2.81952    -1.8206     
0    0    -2.73493    -2.17351    -2.19217    -1.83513     
0    0.647232    -4.34864    -2.59684    -3.62249    -2.29273     
0    -2.51423    -6.60098    -4.80966    -5.92467    -4.77415     
0    -1.67615    -4.40065    -3.20644    -3.94978    -3.18277     
0    -1.11743    -2.93377    -2.13763    -2.63319    -2.12184     
0    -0.744956    -1.95585    -1.42508    -1.75546    -1.41456     
0    -0.496637    -1.3039    -0.950056    -1.17031    -0.943042     
0.493583    0    -1.67523    -1.76871    -1.09269    -1.2501     
0    0    0.0193115    0.710998    0.576297    0     
0.452881    -0.885439    -3.38067    -1.91738    -3.4691    -2.16469     
0.795503    0    -3.05975    -2.4136    -2.62522    -2.22743     
0    0    -1.05007    0.0144782    -0.812468    0.225902     
0    -2.5072    -2.62609    -0.634724    -3.17176    -0.64809     
0    -4.79117    -5.50637    -3.8436    -5.96713    -3.74607     
0    -3.19411    -3.67091    -2.5624    -3.97809    -2.49738     
0    -2.12941    -2.44727    -1.70827    -2.65206    -1.66492     
0    -1.41961    -1.63152    -1.13884    -1.76804    -1.10995     
0.493583    0    -1.89365    -1.89457    -1.49118    -1.52427     
0    0    -0.292093    0.304651    -0.134515    0.656328     
0    0.464615    -2.85312    -1.36092    -2.98666    -1.08373     
0.493583    0.50643    -5.96744    -5.26352    -6.10928    -4.64518     
0    0    -4.78426    -4.64435    -4.38534    -3.88109     
0    -1.81101    -4.67911    -3.37453    -5.54029    -3.18628     
0    -3.66074    -6.27854    -5.47    -7.38908    -5.25382     
0    -2.44049    -4.18569    -3.64667    -4.92605    -3.50255     
0    -1.62699    -2.79046    -2.43111    -3.28404    -2.33503     
0    -1.08466    -1.86031    -1.62074    -2.18936    -1.55669     
0.493583    0    -2.04617    -2.21584    -1.77206    -1.82209     
0    0    -0.0970306    0.336315    -0.199066    0.587676     
0    0    -1.99962    -1.25693    -2.9083    -0.976549     
0    0    -3.28409    -2.34697    -4.77336    -2.07629     
0    0    -4.17558    -3.12129    -6.10067    -2.83477     
0    -1.78605    -4.025    -2.55929    -6.68877    -2.60062     
0    -3.55791    -5.85735    -4.94318    -8.24185    -4.94694     
0    -2.37194    -3.9049    -3.29545    -5.49457    -3.29796     
0    -1.58129    -2.60327    -2.19697    -3.66304    -2.19864     
0    -1.05419    -1.73551    -1.46465    -2.44203    -1.46576     
0.493583    0    -1.96298    -2.11177    -1.94051    -1.76147     
0    0    0.0657693    0.564259    -0.198757    0.572758     
0    0    -1.85196    -0.917715    -2.88297    -1.12886     
0    0    -2.82955    -1.62496    -4.44036    -2.04934     
0    0    -3.53265    -2.13863    -5.56906    -2.72854     
0    -1.40038    -3.20171    -1.40945    -6.03797    -2.4722     
0    -3.18524    -5.25418    -4.0199    -7.87679    -4.83257     
0    -2.12349    -3.50279    -2.67993    -5.2512    -3.22171     
0    -1.41566    -2.33519    -1.78662    -3.5008    -2.14781     
0    -0.943775    -1.55679    -1.19108    -2.33386    -1.43187     
0.493583    0    -1.84383    -1.9294    -1.8684    -1.73888     
0    0    0.39615    0.652924    0.184123    0     
0.507013    -0.388623    -2.55482    -1.93635    -3.93008    -2.43247     
0    0    -2.50918    -2.42624    -2.93254    -2.66928     
0    0    -3.58414    -3.09209    -4.89972    -3.53417     
0    -1.70974    -3.53317    -2.4369    -5.96951    -3.15446     
0    -3.43674    -5.61439    -4.82339    -8.01416    -5.65024     
0    -2.29116    -3.74293    -3.21559    -5.34277    -3.76682     
0    -1.52744    -2.49528    -2.14373    -3.56185    -2.51122     
0    -1.01829    -1.66352    -1.42915    -2.37456    -1.67414     
0.493583    0    -1.91498    -2.08811    -1.89553    -2.16372     
0    0    0.162277    0.425676    -0.157487    0.419094     
0    0    -1.76588    -1.1512    -3.10477    -1.44775     
0    0.760443    -3.08956    -2.24773    -5.11492    -2.78544     
0.493583    0.745291    -6.235    -5.88221    -7.86719    -6.57418     
0.329055    0.496861    -4.15667    -3.92147    -5.2448    -4.38279     
0.21937    0.33124    -2.77111    -2.61431    -3.49653    -2.92186     
0.146247    0.220827    -1.84741    -1.74288    -2.33102    -1.9479     
0.0974979    0.147218    -1.23161    -1.16192    -1.55401    -1.2986     
0.0649986    0.0981453    -0.82107    -0.774612    -1.03601    -0.865736     
0.536915    0    -1.35335    -1.65175    -1.00316    -1.62479     
0    0    0.453184    0.644793    0.355592    0.691495     
0    0.629605    -1.77411    -1.14566    -2.92978    -1.47434     
0.493583    0.536739    -5.44279    -5.2664    -6.46251    -5.7545     
0    0    -4.43449    -4.64628    -4.62083    -4.88396     
0    -2.11264    -4.3277    -3.66872    -6.06463    -4.21962     
0    -4.00528    -6.38331    -5.90894    -8.33408    -6.57679     
0    -2.67019    -4.25554    -3.93929    -5.55605    -4.38453     
0    -1.78013    -2.83702    -2.62619    -3.70403    -2.92302     
0    -1.18675    -1.89135    -1.7508    -2.46936    -1.94868     
0.493583    0    -2.06687    -2.30254    -1.95872    -2.34675     
0    0    0.142473    0.393938    -0.339632    0.249802     
0    0.485977    -1.96923    -1.36257    -3.65753    -1.81914     
0.493583    0.310654    -5.73563    -5.59237    -7.12827    -6.0846     
0    0    -4.62972    -4.86359    -5.06467    -5.10403     
0    -2.2681    -4.48288    -3.84514    -6.60739    -4.51078     
0    -4.23167    -6.64515    -6.22653    -8.86413    -6.95968     
0    -2.82111    -4.4301    -4.15102    -5.90942    -4.63979     
0    -1.88074    -2.9534    -2.76735    -3.93961    -3.09319     
0    -1.25383    -1.96893    -1.8449    -2.62641    -2.06213     
0.493583    0    -2.11859    -2.36528    -2.06343    -2.42238     
0    0    0.230188    0.465615    -0.286679    0.276905     
0    0.475769    -1.93803    -1.36853    -3.57015    -1.95518     
0.493583    0.450972    -5.68821    -5.73331    -7.06157    -6.2374     
0    0    -4.59811    -4.95755    -5.0202    -5.2059     
0    -2.31549    -4.37806    -3.96029    -6.45886    -4.53645     
0    -4.25896    -6.47337    -6.30039    -8.71065    -6.88571     
0    -2.8393    -4.31558    -4.20026    -5.8071    -4.59048     
0    -1.89287    -2.87706    -2.80017    -3.8714    -3.06032     
0    -1.26191    -1.91804    -1.86678    -2.58093    -2.04021     
0.493583    0    -2.08466    -2.37987    -2.03311    -2.40777     
0    0    0.379238    0.610277    -0.323012    0.465929     
0    0.60286    -1.60656    -1.1282    -3.66604    -1.51088     
0.493583    0.462909    -5.39415    -5.49529    -7.09584    -5.91749     
0    0    -4.40207    -4.79887    -5.04304    -4.99262     
0    -2.26231    -3.98405    -3.57675    -6.45319    -4.18751     
0    -4.29606    -6.17463    -5.92661    -8.54911    -6.59892     
0    -2.86404    -4.11642    -3.95107    -5.69941    -4.39928     
0    -1.90936    -2.74428    -2.63405    -3.7996    -2.93285     
0    -1.27291    -1.82952    -1.75603    -2.53307    -1.95523     
0.493583    0    -2.02565    -2.30603    -2.0012    -2.35112     
0    0    0.495286    0    -0.207243    0.487999     
0.339694    -0.678025    -2.66467    -3.9426    -5.05336    -3.5766     
0.720046    0    -2.58242    -3.82883    -3.6814    -3.43203     
0    0    -0.0489426    -0.386658    -1.10738    -0.207077     
0    -2.30402    -1.46064    -0.674516    -3.3448    -1.22625     
0    -4.40129    -4.90973    -4.2447    -6.53412    -4.99527     
0    -2.9342    -3.27316    -2.8298    -4.35608    -3.33018     
0    -1.95613    -2.1821    -1.88653    -2.90405    -2.22012     
0    -1.30409    -1.45474    -1.25769    -1.93604    -1.48008     
0.493583    0    -1.77579    -2.0389    -1.60318    -2.03435     
0    0    0.656547    0.797962    0.358218    0.777413     
0    0.57035    -1.74244    -1.19859    -2.75122    -1.64537     
0.493583    0.250084    -5.97362    -5.90815    -6.52267    -6.36048     
0    0    -4.78838    -5.1392    -4.66093    -5.28795     
0    -1.97781    -4.14937    -3.82627    -5.49401    -4.30374     
0    -3.64818    -6.29783    -6.02617    -7.74034    -6.67699     
0    -2.43212    -4.19855    -4.01744    -5.16023    -4.45132     
0    -1.62141    -2.79903    -2.6783    -3.44015    -2.96755     
0    -1.08094    -1.86602    -1.78553    -2.29343    -1.97837     
0.493583    0    -2.04998    -2.39079    -1.84144    -2.36654     
0    0    0.767292    0.776587    0.422752    0.616084     
0    0    -0.681159    -0.550425    -1.98598    -0.742411     
0    0    -1.69291    -1.46125    -3.71331    -1.72334     
0    0    -2.06733    -1.63942    -4.61629    -2.19537     
0    -0.770751    -1.46122    -0.39635    -4.53437    -1.22757     
0    -2.53405    -4.08145    -3.58194    -6.9186    -4.26487     
0    -1.68937    -2.72097    -2.38796    -4.6124    -2.84325     
0    -1.12624    -1.81398    -1.59197    -3.07493    -1.8955     
0    -0.75083    -1.20932    -1.06132    -2.04996    -1.26367     
0.493583    0    -1.61218    -1.90798    -1.67912    -1.89007     
0    0    0    0    0    0     
0.355352    -3.60786    -5.14149    -7.07577    -7.7269    -6.68731     
0.730484    0.705826    -4.46237    -6.17924    -5.63242    -5.98592     
0    0    -4.00962    -5.58156    -4.2361    -5.51833     
0    -1.10124    -3.22807    -3.32603    -4.7941    -3.95813     
0    -2.64145    -5.24885    -5.73576    -6.89952    -5.90988     
0    -1.76096    -3.49923    -3.82384    -4.59968    -3.93992     
0    -1.17398    -2.33282    -2.54923    -3.06645    -2.62661     
0    -0.782651    -1.55521    -1.69949    -2.0443    -1.75108     
0.493583    0    -2.07151    -2.59505    -1.84402    -2.6951     
0    0    0.663135    0    0.710303    0.246     
0.666788    0.199471    -1.86799    -4.26659    -4.19933    -3.86474     
0    0    -2.28003    -4.6694    -3.28071    -4.10421     
0    0    -2.13684    -4.24477    -4.05949    -4.15027     
0    -0.285405    -0.464137    -2.00242    -3.70155    -2.38803     
0    -1.89075    -2.914    -4.66473    -5.83322    -4.8612     
0    -1.2605    -1.94266    -3.10982    -3.88881    -3.2408     
0    -0.840335    -1.29511    -2.07322    -2.59254    -2.16053     
____________________________________
Tue Apr  2 11:35:52 2024


PARAMETERS
NUMBER_NEURON = 6
VOLTAGE_TRESHOLD = 0.8
LEARNING_RATE = 0.1
LEAK_RATE = 1.5
TIME_ITERATION = 500
ITERATION_SPIKE_IN = 5
THRESHOLD_COORDINATES = 0.03
THRESHOLD_GYROSCOPE = 0.03  0.03  1.9   
0.201899    0    0    0    0.744372    0     
0    0    0    0    0    0     
0    0    0    0    0    0     
0    0    0    0    0    0     
0    0    0    0.772996    0.0367161    0     
0    0.567735    0.476103    0    -0.905848    0     
0.0337343    0    0.168112    -0.46035    -1.09868    -0.0220987     
0.0406768    -0.19654    0.392954    0.360374    -0.662339    0.132316     
0.0271179    -0.131027    0.261969    0.240249    -0.441559    0.0882106     
0.0180786    -0.0873513    0.174646    0.160166    -0.294373    0.058807     
0.0120524    -0.0582342    0.116431    0.106778    -0.196248    0.0392047     
0.209933    0.414803    0.28296    0.382269    0.2561    0.284886     
0.341854    0.730161    0.39398    0.56593    0.557666    0.448673     
0.429801    0    0.467993    0.688371    0.75871    0.557865     
0.52262    0.342994    0    0    0    0     
0.611681    0.126772    0.157492    -0.182281    -0.980603    -0.61941     
0.407787    0.0845149    0.104995    -0.121521    -0.653735    -0.41294     
0.271858    0.0563433    0.0699964    -0.0810138    -0.435824    -0.275294     
0.181239    0.0375622    0.0466643    -0.0540092    -0.290549    -0.183529     
0.120826    0.0250415    0.0311095    -0.0360061    -0.193699    -0.122353     
0.0805506    0.0166943    0.0207397    -0.0240041    -0.129133    -0.0815685     
0.255599    0.509199    0.0809662    0.279051    0.271275    -0.00115989     
0.372298    0    0.121117    0.481088    0.538214    0.0524458     
0.550332    0.376669    0.490963    0    0    0.360425     
0.316377    0.41373    0    0.212347    0    -0.140212     
0    0.237164    0.352514    0.537418    0.211735    -0.344022     
0    0.759    0.348248    0.203175    0.658698    -0.308299     
0    0.506    0.232165    0.13545    0.439132    -0.205532     
0    0.337333    0.154777    0.0903001    0.292755    -0.137022     
0    0.224889    0.103185    0.0602    0.19517    -0.0913477     
0    0.149926    0.0687897    0.0401334    0.130113    -0.0608985     
0.201899    0.608548    0.146229    0.590169    0.484033    0.0126201     
0.336498    0    0.197855    0    0.71998    0.0616325     
0.223243    0.539336    0    0    0    0.317883     
0.375341    0.417501    0.765556    0.211248    0.358275    -0.173795     
0.452126    0    0.61074    0.738736    0.636141    -0.0626441     
0.707647    0.0831841    0    0    0.724556    0.451999     
0.493682    0.186957    0.64198    -0.0223137    0.430796    0.449019     
0.329121    0.124638    0.427987    -0.0148758    0.287197    0.299346     
0.219414    0.0830918    0.285325    -0.00991718    0.191465    0.199564     
0.146276    0.0553945    0.190216    -0.00661145    0.127643    0.133043     
0.299416    0    0.457678    0    0.482387    0.141914     
0.62459    0    0    0    0    0     
0    0.140101    0    0    -0.330816    -0.222073     
0.332175    0    0    0.520679    0.664473    -0.00448193     
0    0    0    0    0    0.485914     
0    0    0    0.0239578    0    0.601295     
0.79079    0.259109    0.217887    -0.248294    0    -0.000194029     
0.564158    -0.510182    0.120014    -0.6337    0.416864    -0.482313     
0.376105    -0.340121    0.0800092    -0.422467    0.277909    -0.321542     
0.250737    -0.226747    0.0533395    -0.281645    0.185273    -0.214361     
0.369056    0.637493    0.517658    0.614433    0.331136    -0.105677     
0.447936    0    0    0    0.428378    -0.0332212     
0    0.643228    0    0.455631    0.609128    0.013259     
0    0    0.511025    0.358474    0    -0.245249     
0.131864    0.538307    0    0.564291    0    -0.394089     
0.619965    0.0809721    -0.279046    -0.522889    0.269919    -1.01833     
0.41331    0.0539814    -0.186031    -0.348593    0.179946    -0.678887     
0.27554    0.0359876    -0.124021    -0.232395    0.119964    -0.452592     
0.183693    0.0239917    -0.0826804    -0.15493    0.0799759    -0.301728     
0.122462    0.0159945    -0.0551203    -0.103287    0.0533173    -0.201152     
0.28354    0.49537    0.584467    0.57687    0.258488    -0.0968709     
0.390925    0    0    0    0.395268    -0.0273503     
0.652081    0.40985    0    0.0235999    0.497563    -0.362686     
0    0    0.344542    0.15259    0.468227    -0.610654     
0.166524    0    0    0    0    -0.246043     
0.595168    -0.104349    0    0.0957609    0.544973    -0.619125     
0    0.345059    -0.0884106    -0.108645    0.493254    -0.786619     
0    0    -0.0525065    -0.257683    0    -0.467278     
0.102749    -0.744542    0.340123    0.188423    0.55415    -0.357855     
0.0684994    -0.496361    0.226749    0.125615    0.369434    -0.23857     
0.247565    0.474088    0.786819    0.578572    0.723206    -0.121816     
0.366942    0    0    0    0    -0.0439806     
0    0    0    0    0    0.509641     
0    0    0    -0.671169    0    0.345478     
0.456179    0.547956    0.674992    -0.701526    0    -0.190902     
0.182302    -0.24088    0.746253    -0.815188    0.255422    -0.386213     
0.121535    -0.160586    0.497502    -0.543459    0.170281    -0.257475     
0.0810232    -0.107058    0.331668    -0.362306    0.113521    -0.17165     
0.0540155    -0.0713717    0.221112    -0.241537    0.0756806    -0.114433     
0.0360103    -0.0475811    0.147408    -0.161025    0.0504537    -0.076289     
0.225905    0.564333    0    0.237091    0.480142    -0.013629     
0    0    0    0.333062    0    -0.362906     
0.342595    0.35147    0.504383    -0.394754    0    -0.800738     
0.18537    -0.146727    0    -0.461601    0.662662    -0.901537     
0    0.67954    0.769074    -0.282688    0    -0.971887     
-0.14073    0.796941    0.446525    -0.889746    0    -0.557165     
0.0444716    -0.0190101    0.778883    -0.872835    0.691509    -0.393338     
0.0296478    -0.0126734    0.519255    -0.58189    0.461006    -0.262225     
0.0197652    -0.00844891    0.34617    -0.387927    0.307337    -0.174817     
0.0131768    -0.00563261    0.23078    -0.258618    0.204891    -0.116545     
0.210683    0.376561    0    0.172029    0.702237    -0.0404661     
0    0    0    0.385312    0    -0.271149     
0.54737    0.533711    0.585815    -0.37634    0    -0.381934     
0.599267    -0.022078    0    -0.0205033    0    -0.434335     
0    0.291724    0    0.0946015    0    -0.793727     
0    0    0.593916    -0.18498    0    -0.654312     
-0.487791    -0.275553    0.596995    -0.426463    0.203843    -0.280951     
-0.325194    -0.183702    0.397997    -0.284309    0.135895    -0.187301     
-0.216796    -0.122468    0.265331    -0.189539    0.090597    -0.124867     
-0.144531    -0.0816454    0.176887    -0.126359    0.060398    -0.0832449     
0.105545    0.223244    0    0.260201    0    -0.0182663     
0    0.401782    0    0.585606    0    -0.401987     
0    0    0    0    0    -0.134188     
0    0    0    0    0    0.748619     
0    0    0    0.100229    0    0     
0.501278    0.117912    -0.539545    0.229329    -0.236784    0.0618251     
0.334185    0.0786078    -0.359697    0.152886    -0.157856    0.0412167     
0.22279    0.0524052    -0.239798    0.101924    -0.105237    0.0274778     
0.148527    0.0349368    -0.159865    0.0679494    -0.0701582    0.0183185     
0.0990179    0.0232912    -0.106577    0.0452996    -0.0467721    0.0122124     
0.26791    0.381504    0    0.387058    0    -0.0671071     
0    0    0    0    0    -0.0799505     
0    0    0    0.00473182    0    0.423028     
0.6588    0.594547    0.783828    0.279333    0    0.118908     
0    0.0684587    0    0    0    0.0802458     
0    0    0.425787    -0.881275    0    -0.316341     
-0.986087    -0.982543    -0.468907    -1.86361    -0.777179    -0.520008     
-0.657391    -0.655029    -0.312605    -1.24241    -0.518119    -0.346672     
-0.438261    -0.436686    -0.208403    -0.828271    -0.345413    -0.231114     
-0.292174    -0.291124    -0.138935    -0.55218    -0.230275    -0.154076     
0.00711597    -0.0379795    0    -0.242766    0.408893    -0.177966     
0    0    0    0.500264    0    -0.456996     
0.111698    0.200931    0.155271    -0.280475    0.539911    -0.95213     
0.276364    0.290057    0    -0.061629    0    -0.710002     
0    0.599605    0    0.760631    0    -1.10577     
0    0    0.158631    0    0.694632    -0.807361     
-0.961495    -0.372378    -0.69482    -2.32922    -0.532275    -0.591361     
-0.640997    -0.248252    -0.463213    -1.55281    -0.35485    -0.39424     
-0.427331    -0.165501    -0.308809    -1.03521    -0.236566    -0.262827     
-0.284887    -0.110334    -0.205873    -0.690139    -0.157711    -0.175218     
0.0119736    0.0287226    0    -0.472264    0.557692    -0.192061     
0    0    0    0.508067    0    -0.356505     
-0.312266    -0.19739    -0.235221    -0.517777    -0.00918851    -1.31497     
-0.00627881    -0.170172    0    -0.357357    0.417059    -0.951892     
0    0    0    0.448046    0    -1.10005     
-0.869683    -0.60952    -2.19959    -0.761464    -0.800314    -1.95062     
-0.579789    -0.406346    -1.46639    -0.507643    -0.533543    -1.30041     
-0.386526    -0.270898    -0.977596    -0.338429    -0.355695    -0.86694     
-0.257684    -0.180598    -0.65173    -0.225619    -0.23713    -0.57796     
-0.171789    -0.120399    -0.434487    -0.150413    -0.158087    -0.385307     
0.0873724    -0.175705    0    -0.112447    0.17599    -0.33212     
0    0.68054    0    0.664012    0    -0.743919     
0    0    0    0.696527    0    -0.881873     
-0.452201    -0.880412    -1.0456    -0.76203    -0.840783    -1.89708     
-0.0995686    -0.809145    0    -0.520191    -0.238398    -1.33997     
0    0.487184    -0.664503    0.764996    0.745083    -1.04124     
0    0    -1.70167    -0.482597    -0.0902216    -0.536873     
-1.05665    -1.17898    -2.22843    -1.47455    -1.19199    -0.758476     
-0.704431    -0.785985    -1.48562    -0.983031    -0.794663    -0.50565     
-0.469621    -0.52399    -0.990412    -0.655354    -0.529775    -0.3371     
-0.111182    -0.540818    0    -0.449074    -0.0310599    -0.299982     
0    0.690968    0    0    0    -0.378796     
0.466546    0.569156    0    -1.01058    -0.0639641    -1.41009     
0    0    0    0.55894    0    -1.34197     
-0.798748    -1.48376    -1.04515    -1.26295    -1.99826    -2.89765     
-0.532499    -0.989173    -0.696765    -0.841969    -1.33217    -1.93177     
-0.354999    -0.659449    -0.46451    -0.561313    -0.888114    -1.28784     
-0.236666    -0.439633    -0.309673    -0.374208    -0.592076    -0.858563     
-0.157777    -0.293088    -0.206449    -0.249472    -0.394718    -0.572375     
-0.105185    -0.195392    -0.137633    -0.166315    -0.263145    -0.381583     
0.131775    -0.422223    0    -0.184506    -0.319063    -0.329638     
0    0.648528    0    0    0.628383    -0.520316     
0    0    -0.0716689    -1.63073    0.154575    -1.27539     
-1.0348    -1.27528    -0.731663    -4.08411    -2.13863    -1.74778     
-0.487965    -1.10996    0    -2.87606    -1.56938    -1.24043     
0    0.427017    -0.979638    -0.743557    -0.233337    -1.10314     
0    0.599387    -2.28218    -1.96997    -1.06267    -0.962084     
0    0.399591    -1.52145    -1.31332    -0.708444    -0.641389     
0    0.266394    -1.0143    -0.875544    -0.472296    -0.427593     
0    0.177596    -0.676201    -0.583696    -0.314864    -0.285062     
0.201899    -0.141374    0    -0.542448    -0.353542    -0.26529     
0    0    0    0    0.562291    -0.487258     
-0.128857    -0.925694    -1.65439    -3.66401    -1.3084    -2.36164     
0.115994    -1.13903    0    -2.771    -1.0159    -1.64967     
0    0.0660328    0    -0.979171    0.15609    -1.48389     
0    0    -2.5356    -1.04865    0.0803449    -1.59412     
-1.30284    -1.18162    -4.49239    -3.77262    -2.21203    -1.98297     
-0.868559    -0.787744    -2.99492    -2.51508    -1.47469    -1.32198     
-0.57904    -0.525163    -1.99662    -1.67672    -0.983125    -0.881318     
-0.386026    -0.350108    -1.33108    -1.11781    -0.655416    -0.587545     
-0.0554524    -0.734081    0    -1.07354    -0.580577    -0.466946     
0    0.430806    0    0.294695    0.705535    -0.485668     
0    0    0.082797    -0.386264    0.59546    -0.75041     
-1.08413    -1.64482    -0.199277    -3.61451    -1.97328    -1.42841     
-0.520854    -1.58564    0    -2.73801    -1.45915    -1.02752     
0    0.502205    0    -0.381335    0.363909    -0.703933     
0    0    -1.43074    -1.82865    -0.494431    -0.426964     
-1.27455    -1.44639    -2.08346    -2.65639    -1.56378    -0.880358     
-0.849697    -0.964261    -1.38897    -1.77093    -1.04252    -0.586906     
-0.566465    -0.642841    -0.925983    -1.18062    -0.695015    -0.39127     
-0.175745    -0.917388    0    -1.11541    -0.606976    -0.336096     
0    0.601512    0    0.412436    0    -0.190996     
0    0    0    0.754033    0    -0.437717     
0.00136987    -0.983624    -0.236643    -0.789061    -0.99283    -1.69498     
0.202812    -1.35038    0    -0.854371    -0.344906    -1.20524     
0    0    0    0    0    -0.67186     
-2.89609    -3.12374    -2.77273    -4.65503    -3.72925    -2.81907     
-1.93073    -2.08249    -1.84849    -3.10335    -2.48617    -1.87938     
-1.28715    -1.38833    -1.23233    -2.0689    -1.65744    -1.25292     
-0.8581    -0.925553    -0.821551    -1.37927    -1.10496    -0.83528     
-0.370168    -1.5089    0    -1.46883    -0.681726    -0.632102     
0    0.131173    0    0.386127    0    -0.0787422     
0    0.688426    0    0.401781    0    -0.072956     
0    0    0    0.777299    0    0.320359     
-0.281597    -1.61698    -0.661626    -1.48579    -1.5836    -0.545756     
-0.187731    -1.07799    -0.441084    -0.990525    -1.05574    -0.363837     
-0.125154    -0.718658    -0.294056    -0.66035    -0.703824    -0.242558     
-0.083436    -0.479105    -0.196037    -0.440233    -0.469216    -0.161706     
-0.055624    -0.319403    -0.130691    -0.293489    -0.312811    -0.107804     
-0.0370827    -0.212936    -0.0871277    -0.195659    -0.208541    -0.0718691     
0.177177    -1.244    0    -0.679762    0.0525025    -0.123161     
0    0.315022    0    0    0    0.509636     
0.658314    -0.635503    0.586888    -2.49568    -0.726051    -1.21388     
0.640775    -1.52572    0    -2.48408    -0.359812    -0.884501     
0    0.0189014    0    -0.664054    0    -0.237087     
0    0    -1.11355    -0.260257    0    -0.246808     
-3.08089    -3.09081    -4.08328    -4.18378    -4.36063    -2.24602     
-2.05393    -2.06054    -2.72219    -2.78919    -2.90709    -1.49735     
-1.36928    -1.3737    -1.81479    -1.85946    -1.93806    -0.998232     
-0.912856    -0.915797    -1.20986    -1.23964    -1.29204    -0.665488     
-0.406672    -1.94015    0    -1.64672    -0.835619    -0.518907     
0    -0.454202    0    0.0439619    0    0.32208     
0    -0.177828    0    -0.314053    0    0.37729     
0    0.334383    0    -0.285299    0    0     
0    0.0326089    0.590263    -0.724233    -1.1496    0.0171345     
0    0.725245    -0.898136    -1.97993    -1.2093    0.260869     
0    0.483497    -0.598757    -1.31995    -0.806202    0.173913     
0    0.322331    -0.399172    -0.879968    -0.537468    0.115942     
0    0.214887    -0.266114    -0.586645    -0.358312    0.0772947     
0    0.143258    -0.17741    -0.391097    -0.238875    0.0515298     
0.201899    -1.23412    0    -1.08102    -0.112944    -0.174508     
0    0.130762    0    0.499141    0    0.7749     
0    0    0    0.482568    0    0     
0.0378046    -1.8204    -0.664677    -1.6036    -2.46361    -0.351022     
0.227102    -2.54322    0    -1.88936    -1.57564    -0.442876     
0    0.794079    -0.349069    0    0    0     
-1.68521    -0.906604    -1.67736    -2.87994    -3.49508    -1.31244     
-1.12347    -0.604402    -1.11824    -1.91996    -2.33005    -0.874959     
-0.748982    -0.402935    -0.745492    -1.27997    -1.55337    -0.583306     
-0.499322    -0.268623    -0.496995    -0.853316    -1.03558    -0.388871     
-0.130982    -1.5087    0    -1.38917    -0.623617    -0.468109     
0    0.359446    0    0    0    0     
0    0.16889    0    -1.14333    -0.553186    -0.0152455     
0    0    0    -0.349467    0    0     
0.294177    -1.4557    -0.108564    -1.84075    -2.10465    -0.130655     
0.196118    -0.970465    -0.0723763    -1.22717    -1.4031    -0.0871034     
0.130746    -0.646976    -0.0482508    -0.818111    -0.935401    -0.058069     
0.0871637    -0.431318    -0.0321672    -0.545407    -0.623601    -0.0387126     
0.0581091    -0.287545    -0.0214448    -0.363605    -0.415734    -0.0258084     
0.0387394    -0.191697    -0.0142965    -0.242403    -0.277156    -0.0172056     
0.227725    -1.45742    0    -0.981892    -0.118002    -0.220332     
0    0.596115    0    0    0    0     
0    0.529759    0    -1.09082    -0.477275    0.210842     
0    0    0    -0.266838    0    0     
0.46145    -1.25469    0.146611    -1.73804    -2.03506    0.0901918     
0.307633    -0.836461    0.0977409    -1.1587    -1.35671    0.0601279     
0.205089    -0.55764    0.0651606    -0.772464    -0.904473    0.0400852     
0.136726    -0.37176    0.0434404    -0.514976    -0.602982    0.0267235     
0.0911505    -0.24784    0.0289603    -0.343317    -0.401988    0.0178157     
0.060767    -0.165227    0.0193068    -0.228878    -0.267992    0.0118771     
0.24241    -1.43977    0    -0.972875    -0.111893    -0.200943     
0    0.603698    0    0    0    0     
0    0.530444    0    -1.09736    -0.480673    0.209884     
0    0    0    -0.284334    0    0     
-0.300147    -2.48709    -0.876102    -2.7739    -2.57642    -0.914548     
-0.200098    -1.65806    -0.584068    -1.84927    -1.71762    -0.609699     
-0.133399    -1.10537    -0.389379    -1.23284    -1.14508    -0.406466     
-0.0889325    -0.736915    -0.259586    -0.821896    -0.763385    -0.270977     
-0.0592884    -0.491276    -0.173057    -0.54793    -0.508923    -0.180651     
-0.0395256    -0.327518    -0.115371    -0.365287    -0.339282    -0.120434     
0.175548    -1.80404    0    -1.06381    -0.207284    -0.309716     
0    -0.0714927    0    0    0    0     
0    -0.883999    0    -1.82818    -0.809235    -0.745324     
0    0    0    -1.0148    0    0     
-0.314587    -2.49173    -0.892955    -3.26693    -2.59112    -0.929621     
-0.209724    -1.66115    -0.595304    -2.17795    -1.72742    -0.619747     
-0.139816    -1.10743    -0.396869    -1.45197    -1.15161    -0.413165     
-0.0932108    -0.738289    -0.264579    -0.967978    -0.76774    -0.275443     
-0.0621406    -0.492193    -0.176386    -0.645319    -0.511827    -0.183629     
-0.041427    -0.328129    -0.117591    -0.430213    -0.341218    -0.122419     
0.17428    -1.80444    0    -1.1071    -0.208575    -0.311039     
0    -0.0828148    0    0    0    0     
0    -0.903558    0    -1.834    -0.822318    -0.763769     
0    0    0    -0.709596    0    0     
-0.254968    -2.09696    -0.395926    -2.75437    -2.27702    -0.741686     
-0.169979    -1.39798    -0.263951    -1.83625    -1.51802    -0.494458     
-0.113319    -0.931984    -0.175967    -1.22416    -1.01201    -0.329638     
-0.0755462    -0.621323    -0.117311    -0.816109    -0.674674    -0.219759     
-0.0503641    -0.414215    -0.0782076    -0.544073    -0.449783    -0.146506     
-0.0335761    -0.276143    -0.0521384    -0.362715    -0.299855    -0.0976706     
0.179514    -1.76979    0    -1.0621    -0.181    -0.29454     
0    0.172481    0    0    0    0     
0    -0.239882    0    -1.32882    -0.319727    -0.365905     
0    0    0    -0.205383    0    0     
-0.601698    -2.89646    -0.610567    -3.09571    -3.13384    -1.25956     
-0.401132    -1.93097    -0.407045    -2.06381    -2.08923    -0.839706     
-0.267421    -1.28731    -0.271363    -1.37587    -1.39282    -0.559804     
-0.178281    -0.858209    -0.180909    -0.917249    -0.928546    -0.373203     
-0.118854    -0.572139    -0.120606    -0.611499    -0.619031    -0.248802     
-0.0792359    -0.381426    -0.080404    -0.407666    -0.412687    -0.165868     
0.149075    -1.94798    0    -1.09207    -0.320498    -0.494314     
0    0.00372246    0    0    0    0     
0    -0.708855    0    -1.74291    -0.860738    -0.825578     
0    0    0    -0.512177    0    0     
-0.477188    -2.70093    -0.612843    -3.02288    -2.87715    -1.22073     
-0.318126    -1.80062    -0.408562    -2.01525    -1.9181    -0.813821     
-0.212084    -1.20041    -0.272375    -1.3435    -1.27873    -0.542547     
-0.141389    -0.800276    -0.181583    -0.895668    -0.852489    -0.361698     
-0.0942594    -0.533518    -0.121055    -0.597112    -0.568326    -0.241132     
-0.0628396    -0.355678    -0.0807036    -0.398075    -0.378884    -0.160755     
0.160005    -1.93081    0    -1.08567    -0.297963    -0.490905     
0    0.235169    0    0    0    0     
0    -0.349968    0    -1.63876    -0.805942    -0.615635     
0    0    0    -0.349753    0    0     
-0.225122    -2.50809    -0.257548    -2.8216    -2.83054    -1.01011     
-0.150081    -1.67206    -0.171699    -1.88107    -1.88703    -0.673407     
-0.100054    -1.11471    -0.114466    -1.25405    -1.25802    -0.448938     
-0.0667028    -0.743138    -0.0763106    -0.836031    -0.838678    -0.299292     
-0.0444685    -0.495425    -0.0508737    -0.557354    -0.559119    -0.199528     
-0.0296457    -0.330284    -0.0339158    -0.371569    -0.372746    -0.133019     
0.182135    -1.91388    0    -1.068    -0.29387    -0.472414     
0    0.196216    0    0    0    0     
0    -0.435109    0    -1.66681    -0.843236    -0.648797     
0    0    0    -0.425204    0    0     
-0.2376    -2.55141    -0.309738    -2.92866    -2.85956    -1.07328     
-0.1584    -1.70094    -0.206492    -1.95244    -1.90637    -0.715522     
-0.1056    -1.13396    -0.137661    -1.30163    -1.27092    -0.477015     
-0.0704    -0.755972    -0.0917743    -0.867751    -0.847277    -0.31801     
-0.0469333    -0.503982    -0.0611829    -0.5785    -0.564852    -0.212007     
-0.0312889    -0.335988    -0.0407886    -0.385667    -0.376568    -0.141338     
0.181039    -1.91769    0    -1.0774    -0.296418    -0.477961     
0    0.211343    0    0    0    0     
0    -0.417054    0    -1.50331    -0.798793    -0.592145     
0    0    0    -0.162114    0    0     
-1.03123    -3.17585    -1.10231    -3.41531    -4.02604    -2.00146     
-0.687489    -2.11723    -0.734873    -2.27687    -2.68402    -1.33431     
-0.458326    -1.41149    -0.489916    -1.51792    -1.78935    -0.88954     
-0.30555    -0.940993    -0.32661    -1.01194    -1.1929    -0.593026     
-0.2037    -0.627328    -0.21774    -0.674629    -0.795266    -0.395351     
-0.1358    -0.418219    -0.14516    -0.449753    -0.530178    -0.263567     
0.111365    -2.00557    0    -1.12012    -0.413149    -0.832278     
0    0.058294    0    0    0    0.600399     
0.495335    -0.503907    0    -2.50036    -0.849308    -1.02794     
0    0    0    0.383088    0    0.596111     
-1.18207    -2.69092    -1.76527    -3.55415    -3.52216    -1.64537     
-0.788048    -1.79394    -1.17684    -2.36943    -2.3481    -1.09692     
-0.525365    -1.19596    -0.784563    -1.57962    -1.5654    -0.731277     
-0.350243    -0.797309    -0.523042    -1.05308    -1.0436    -0.487518     
-0.233496    -0.531539    -0.348695    -0.702053    -0.695735    -0.325012     
-0.155664    -0.354359    -0.232463    -0.468036    -0.463823    -0.216675     
0.0981227    -2.00929    0    -1.14815    -0.61863    -0.801017     
0    -0.00326898    0    0    0    0.47823     
-0.0615807    -1.38881    -0.186229    -4.11454    -2.04877    -2.20305     
0.160845    -2.69892    0    -3.79226    -1.88488    -2.12527     
0    -0.315163    0    -1.13292    0    -0.36554     
0.744733    0    -2.39218    -1.32647    0    -0.126314     
-4.08664    -1.73438    -3.98957    -4.47161    -2.98822    -2.99755     
-2.72443    -1.15625    -2.65971    -2.98107    -1.99214    -1.99836     
-1.81628    -0.770834    -1.77314    -1.98738    -1.3281    -1.33224     
-1.21086    -0.513889    -1.18209    -1.32492    -0.885397    -0.888162     
-0.605339    -1.98859    0    -1.93252    -1.0397    -1.24867     
0    0.346211    0    0.225195    0    0.274715     
0    0    0    -1.16938    0    -0.117669     
-1.55761    -3.15993    -2.25636    -5.17052    -4.45855    -2.41942     
-0.836511    -3.98166    0    -4.49625    -3.50485    -2.26951     
0    0.424685    -0.432378    -0.520125    0    0.151888     
-2.30899    -1.18676    -2.69658    -3.55871    -4.22401    -1.83245     
-1.53933    -0.791171    -1.79772    -2.37247    -2.816    -1.22164     
-1.02622    -0.527447    -1.19848    -1.58165    -1.87734    -0.814423     
-0.684146    -0.351631    -0.798986    -1.05443    -1.25156    -0.542949     
-0.254199    -2.10946    0    -1.75219    -1.3879    -1.01853     
0    -0.222372    0    0.231667    0    0.289457     
0    0.575384    0    -0.778091    0    0.0541701     
0    0    0    -1.256    0    0.147812     
-1.25248    -3.26751    -2.6358    -4.94237    -4.81887    -1.99552     
-0.834988    -2.17834    -1.7572    -3.29491    -3.21258    -1.33035     
-0.556659    -1.45223    -1.17147    -2.19661    -2.14172    -0.886897     
-0.371106    -0.968153    -0.780979    -1.4644    -1.42781    -0.591265     
-0.247404    -0.645435    -0.520653    -0.97627    -0.951875    -0.394177     
-0.164936    -0.43029    -0.347102    -0.650846    -0.634584    -0.262784     
0.0919412    -2.46168    0    -1.48313    -1.03757    -0.831756     
0    -0.632465    0    0    0    0.636939     
0.532068    -2.65334    -0.369177    -4.0719    -2.68943    -2.25789     
0.55661    -3.94371    0    -3.78751    -2.48786    -2.16183     
0    -1.81072    0    -0.879399    0    -0.224932     
0    0.601945    -2.09148    -1.04376    0    -0.0651586     
-1.84308    -0.945313    -3.51319    -4.01784    -4.48829    -1.93411     
-1.22872    -0.630208    -2.34213    -2.67856    -2.99219    -1.2894     
-0.819145    -0.420139    -1.56142    -1.78571    -1.99479    -0.859603     
-0.546096    -0.280093    -1.04095    -1.19047    -1.32986    -0.573069     
-0.162166    -2.36155    0    -1.86656    -1.59493    -1.03861     
0    -0.541197    0    0.63032    0    0.790643     
0    0.304202    0    0.0203252    0    0     
0    -1.15047    0.522474    -1.51788    -3.36273    -1.09358     
0.201899    -2.96756    0    -4.17883    -3.89617    -2.05431     
0    0    -0.487629    0.343068    0    0     
-4.90224    -2.19611    -5.06838    -5.88717    -6.4385    -3.1214     
-3.26816    -1.46407    -3.37892    -3.92478    -4.29233    -2.08093     
-2.17877    -0.976049    -2.25261    -2.61652    -2.86155    -1.38729     
-1.45251    -0.650699    -1.50174    -1.74435    -1.9077    -0.924859     
-0.766444    -2.55851    0    -2.23581    -1.8168    -1.37838     
0    -0.602122    0    0.522832    0    0.46356     
0    -0.298204    0    -0.264659    0    0.357694     
0    0.19138    0    -0.631601    0    0.598174     
0    0.715254    0    -0.648074    0    0     
0    0    -2.68267    -0.783942    -3.00701    -0.117168     
-2.65387    -3.27327    -6.46744    -5.25795    -6.56585    -2.09021     
-1.76924    -2.18218    -4.31163    -3.5053    -4.37723    -1.39347     
-1.1795    -1.45479    -2.87442    -2.33687    -2.91815    -0.928983     
-0.78633    -0.969858    -1.91628    -1.55791    -1.94544    -0.619322     
-0.322322    -2.79826    0    -2.11152    -1.79773    -1.1885     
0    -0.74417    0    0.714899    0    0.33261     
0    -0.21079    0    -0.157887    0    0.259075     
0    0.264017    0    -0.462291    0    0.427872     
0    0.781884    0    -0.441442    0    0.793264     
0    0    -0.674024    0    0    0     
-5.46995    -6.55772    -5.21505    -8.00918    -11.1018    -5.05861     
-3.64663    -4.37181    -3.4767    -5.33946    -7.40117    -3.3724     
-2.43109    -2.91454    -2.3178    -3.55964    -4.93411    -2.24827     
-1.62073    -1.94303    -1.5452    -2.37309    -3.28941    -1.49885     
-0.878586    -3.44704    0    -2.65497    -2.47938    -1.77485     
0    -0.487769    0    0    0    0.592277     
0    -1.38123    0    -2.76578    -2.13051    -0.734578     
0    0.657851    0    -1.27513    0    0     
0    -0.977415    -0.0785683    -2.76307    -4.48421    -1.20835     
0    -0.507268    -1.5154    -3.65671    -4.57504    -1.0035     
0    -0.338179    -1.01027    -2.43781    -3.05002    -0.669002     
0    -0.225453    -0.673512    -1.6252    -2.03335    -0.446002     
0    -0.150302    -0.449008    -1.08347    -1.35557    -0.297334     
0    -0.100201    -0.299338    -0.722313    -0.903711    -0.198223     
0.201899    -2.21849    0    -1.71728    -1.16121    -1.24893     
0    -0.115287    0    0    0    0.123904     
0    -2.09762    0.314314    -3.7115    -3.97399    -2.78137     
0.201899    -3.30264    0    -5.46337    -5.22537    -3.31372     
0    -0.806701    0    -1.4055    0.058377    -1.23181     
0    0    -2.3943    0    0    0     
-7.40337    -8.73392    -8.40746    -9.80165    -14.32    -7.26393     
-4.93558    -5.82261    -5.60497    -6.53443    -9.54664    -4.84262     
-3.29039    -3.88174    -3.73665    -4.35629    -6.36443    -3.22841     
-2.19359    -2.58783    -2.4911    -2.90419    -4.24295    -2.15227     
-1.2605    -3.90862    0    -3.39117    -3.53641    -2.74748     
0    -1.22053    0    0.0531009    0    -0.904558     
0    -0.654668    0    -0.602588    0    -1.53549     
0    -0.187414    0    -0.927101    0    -1.78516     
0    0.399613    0    -0.881043    0    -1.86692     
0    0    -1.0341    0.658666    0    -0.461635     
-4.94199    -5.20139    -5.2111    -5.90935    -10.4614    -4.52016     
-3.29466    -3.46759    -3.47407    -3.93956    -6.97429    -3.01344     
-2.19644    -2.31173    -2.31605    -2.62638    -4.64953    -2.00896     
-1.46429    -1.54115    -1.54403    -1.75092    -3.09968    -1.33931     
-0.774297    -3.3665    0    -2.62232    -2.66265    -2.2055     
0    -0.732844    0    0.735197    0    -0.328513     
0    -0.211093    0    -0.0347263    0    -1.08172     
0    0.464747    0    -0.312885    0    -1.4102     
0    0    0    -0.343281    0    -1.34072     
-1.01649    -1.19715    -5.56169    -2.67231    -5.72838    -2.92199     
-0.677661    -0.798098    -3.7078    -1.78154    -3.81892    -1.94799     
-0.451774    -0.532065    -2.47186    -1.18769    -2.54595    -1.29866     
-0.301182    -0.35471    -1.64791    -0.791797    -1.6973    -0.865774     
-0.200788    -0.236474    -1.09861    -0.527864    -1.13153    -0.577182     
0.0680396    -2.52786    0    -1.80695    -1.3351    -1.69741     
0    0.103657    0    0    0    0.0500742     
0.559375    -2.6395    0.45865    -4.04866    -5.01364    -3.71895     
0.574815    -4.12988    0    -4.16239    -4.30393    -3.79192     
0    -0.976977    0    -0.651785    0    -1.22922     
0    0    -1.23387    0.485735    0    0.0776303     
-5.52671    -5.47558    -5.57517    -6.49379    -10.8989    -4.68536     
-3.68448    -3.65039    -3.71678    -4.32919    -7.26595    -3.12357     
-2.45632    -2.43359    -2.47785    -2.88613    -4.84397    -2.08238     
-1.63754    -1.62239    -1.6519    -1.92409    -3.22931    -1.38825     
-0.889798    -3.64721    0    -2.74601    -3.16605    -2.23813     
0    -0.48498    0    0.534482    0    0.0155156     
0    0.329724    0    -0.564929    0    -0.598999     
0    0    0    -1.24234    0    -0.764473     
-1.53187    -4.42027    -1.47817    -5.83735    -7.00243    -4.30387     
-1.02124    -2.94685    -0.98545    -3.89157    -4.66829    -2.86925     
-0.68083    -1.96456    -0.656966    -2.59438    -3.11219    -1.91283     
-0.453887    -1.30971    -0.437978    -1.72959    -2.07479    -1.27522     
-0.302591    -0.87314    -0.291985    -1.15306    -1.3832    -0.850148     
-0.201727    -0.582093    -0.194657    -0.768704    -0.922131    -0.566765     
0.0674136    -3.20306    0    -1.97575    -1.68272    -1.69047     
0    -0.406458    0    0    0    0.483139     
0.215268    -3.64319    -0.128844    -5.35879    -5.46555    -3.59929     
0.34541    -5.2438    0    -5.3052    -4.91685    -3.71215     
0    -2.13488    0    -1.99959    0.573512    -1.10131     
0    0    -3.61994    -0.31142    0    0     
-6.84714    -3.51683    -8.90712    -8.37931    -8.65228    -5.66485     
-4.56476    -2.34456    -5.93808    -5.58621    -5.76818    -3.77657     
-3.04317    -1.56304    -3.95872    -3.72414    -3.84546    -2.51771     
-2.02878    -1.04203    -2.63915    -2.48276    -2.56364    -1.67847     
-1.15062    -3.44827    0    -3.38784    -2.89242    -2.34438     
0    -0.961757    0    -0.786167    0    -0.202997     
0    -0.641365    0    -2.68542    0    -0.882737     
0    -0.333626    0    -3.86035    0    -1.15395     
0    0.088597    0    -4.48954    0    -1.2204     
0    0    -0.97735    -3.0316    0    0.11756     
-5.71764    -6.09241    -5.45112    -9.77488    -11.3408    -5.2009     
-3.81176    -4.0616    -3.63408    -6.51659    -7.56051    -3.46727     
-2.54118    -2.70774    -2.42272    -4.34439    -5.04034    -2.31151     
____________________________________
Tue Apr  2 12:18:55 2024


PARAMETERS
NUMBER_NEURON = 6
VOLTAGE_TRESHOLD = 0.8
LEARNING_RATE = 0.1
LEAK_RATE = 1.5
TIME_ITERATION = 500
ITERATION_SPIKE_IN = 5
THRESHOLD_COORDINATES = 0.03
THRESHOLD_GYROSCOPE = 0.03  0.03  1.9   
0.101687    0.554696    0.423765    0.329685    0.141721    0.259462     
