____________________________________
Wed Apr  3 14:22:51 2024


PARAMETERS
NUMBER_NEURON = 6
VOLTAGE_TRESHOLD = 1.2
LEARNING_RATE = 0.1
LEAK_RATE = 1.5
TIME_ITERATION = 500
ITERATION_SPIKE_IN = 5
THRESHOLD_COORDINATES = 0.03
THRESHOLD_GYROSCOPE = 0.03  0.03  1.9   
____________________________________
Wed Apr  3 14:22:51 2024


PARAMETERS
NUMBER_NEURON = 6
VOLTAGE_TRESHOLD = 1.2
LEARNING_RATE = 0.1
LEAK_RATE = 1.5
TIME_ITERATION = 500
ITERATION_SPIKE_IN = 5
THRESHOLD_COORDINATES = 0.03
THRESHOLD_GYROSCOPE = 0.03  0.03  1.9   
0.493583    0.972775    0.292517    0.771358    0.526745    0.769914     
0.822638    0    0.487528    0    0.877908    0     
0    0    0    0    0    0     
0    0    0    0    1.07651    0     
0    0    0    0    0    0     
0    0    0    1.06936    0.261643    0     
0.297855    0.454298    0.404057    0.864316    -0.573992    0.703066     
0.19857    0.302866    0.269371    0.576211    -0.382661    0.46871     
0.13238    0.20191    0.179581    0.384141    -0.255108    0.312474     
0.0882534    0.134607    0.119721    0.256094    -0.170072    0.208316     
0.0588356    0.0897379    0.0798137    0.170729    -0.113381    0.138877     
0.532807    0.983513    -0.0321512    0.541539    0.110921    0.662975     
0.848787    0    -0.106795    0.788746    0.260456    1.01237     
0.86973    0.925875    -0.000268658    1.05335    0.147482    0     
0.870561    0    0.19195    0    0.0206544    0.751607     
0    0.534865    0.655431    0.416501    -0.36705    0     
-0.377465    0.505323    0.48747    0.260499    -1.05798    -0.151305     
-0.251644    0.336882    0.32498    0.173666    -0.705319    -0.10087     
-0.167762    0.224588    0.216653    0.115777    -0.470212    -0.0672467     
-0.111842    0.149725    0.144436    0.0771848    -0.313475    -0.0448311     
-0.0745611    0.0998169    0.0962904    0.0514565    -0.208983    -0.0298874     
0.443876    0.735346    -0.0211667    0.369316    0.0471866    0.440155     
0.7895    1.15903    -0.0994715    0.581222    0.217967    0.753517     
1.01992    0    -0.151675    0.722492    0.33182    0.962424     
0.853656    0.609897    -0.135186    0.858896    0.0827784    0     
0.612466    1.12174    -0.148951    1.05732    -0.27513    0.318073     
0.408311    0.747828    -0.0993004    0.704881    -0.18342    0.212049     
0.272207    0.498552    -0.0662003    0.469921    -0.12228    0.141366     
0.181472    0.332368    -0.0441335    0.31328    -0.08152    0.0942439     
0.120981    0.221579    -0.0294223    0.208854    -0.0543467    0.0628293     
0.080654    0.147719    -0.0196149    0.139236    -0.0362311    0.0418862     
0.547352    0.767281    -0.098437    0.427835    0.162355    0.419177     
0.858485    1.18032    -0.150985    0.620235    0.294745    0.670704     
1.06591    0    -0.186017    0.748501    0.383006    0.838388     
0.884316    0.609897    -0.158081    0.876235    0.116902    0     
0.577264    0.934333    -0.31077    1.04886    -0.276149    0.117654     
0.384843    0.622888    -0.20718    0.699239    -0.1841    0.0784361     
0.256562    0.415259    -0.13812    0.466159    -0.122733    0.0522907     
0.171041    0.276839    -0.09208    0.310773    -0.081822    0.0348605     
0.114027    0.18456    -0.0613867    0.207182    -0.054548    0.0232403     
0.0760183    0.12304    -0.0409245    0.138121    -0.0363653    0.0154936     
0.544262    0.750828    -0.112643    0.427092    0.162265    0.324344     
0.856424    1.16935    -0.160456    0.619739    0.294686    0.530244     
1.06453    0    -0.192331    0.748171    0.382966    0.667511     
0.754555    0.497085    -0.307066    0.813292    -0.0516209    0     
0.490757    0.787526    -0.410094    1.0069    -0.388498    0.117654     
0.327171    0.525017    -0.273396    0.671264    -0.258999    0.0784361     
0.218114    0.350012    -0.182264    0.447509    -0.172666    0.0522907     
0.145409    0.233341    -0.121509    0.29834    -0.115111    0.0348605     
0.0969396    0.155561    -0.0810062    0.198893    -0.0767404    0.0232403     
0.0646264    0.103707    -0.0540041    0.132595    -0.0511602    0.0154936     
0.536667    0.666341    -0.121363    0.423408    0.152402    0.324344     
0.851361    1.04143    -0.166269    0.617283    0.28811    0.530244     
1.06116    0    -0.196206    0.746534    0.378582    0.667511     
0.752305    0.497085    -0.30965    0.812201    -0.0545433    0     
0.751802    1.04262    -0.171858    1.06284    -0.169492    0.46659     
0.501201    0.695078    -0.114572    0.708557    -0.112995    0.31106     
0.334134    0.463385    -0.0763815    0.472372    -0.0753299    0.207373     
0.222756    0.308923    -0.050921    0.314914    -0.05022    0.138249     
0.148504    0.205949    -0.0339473    0.209943    -0.03348    0.0921658     
0.0990027    0.137299    -0.0226316    0.139962    -0.02232    0.0614439     
0.559585    0.688736    -0.100448    0.428319    0.171629    0.507552     
0.86664    1.05636    -0.152326    0.620557    0.300928    0.804958     
1.07134    0    -0.186911    0.748716    0.387127    1.00323     
0.759095    0.497085    -0.303453    0.813656    -0.0488465    0     
0.893284    0    0.0784724    0    0.258777    0.714578     
0.636406    -0.442442    0.32451    -0.148777    -0.864012    1.15372     
0.424271    -0.294961    0.21634    -0.0991849    -0.576008    0.769144     
0.282847    -0.196641    0.144227    -0.0661233    -0.384005    0.512762     
0.188565    -0.131094    0.0961511    -0.0440822    -0.256004    0.341842     
0.12571    -0.0873959    0.0641008    -0.0293881    -0.170669    0.227894     
0.57739    0.488775    -0.0426265    0.288015    0.0727294    0.866508     
0.878509    0.872889    -0.113778    0.499617    0.234995    0     
0.972894    0    0.204922    1.05887    0.448004    0.518218     
0.627685    0.334254    -0.206657    0.85672    -0.119549    0     
0.789021    0    -0.00559604    0    0.145455    0.421204     
0.253678    -0.624467    0.0558967    -0.422012    -1.08784    0.611131     
0.169119    -0.416311    0.0372644    -0.281341    -0.725227    0.407421     
0.112746    -0.277541    0.024843    -0.187561    -0.483485    0.271614     
0.0751639    -0.185027    0.016562    -0.125041    -0.322323    0.181076     
0.0501092    -0.123351    0.0110413    -0.0833604    -0.214882    0.120717     
0.526989    0.34573    -0.0779995    0.123794    0.043254    0.71897     
0.844909    0.658451    -0.13736    0.261897    0.215345    1.11781     
1.05686    0.866932    -0.176934    0.353966    0.330072    0     
0.881593    0    -0.0427575    0.674025    0.275115    0.042604     
0.389519    -0.196496    -0.642503    0.26492    -0.442877    0.731868     
0.259679    -0.130997    -0.428335    0.176613    -0.295251    0.487912     
0.173119    -0.0873314    -0.285557    0.117742    -0.196834    0.325275     
0.115413    -0.058221    -0.190371    0.0784949    -0.131223    0.21685     
0.076942    -0.038814    -0.126914    0.0523299    -0.0874818    0.144567     
0.0512946    -0.025876    -0.0846094    0.0348866    -0.0583212    0.0963777     
0.527779    0.227739    -0.141767    0.202626    0.147628    0.55381     
0.845436    0.396816    -0.179871    0.314452    0.284927    0.858764     
1.05721    0.509534    -0.205275    0.389002    0.37646    1.06207     
1.19839    0.584679    -0.22221    0.438703    0.437482    1.1976     
0    0.634776    -0.233501    0.471836    0.478164    0     
-0.239616    1.17328    0.10299    0.651024    -0.0215567    -0.109161     
-0.159744    0.782189    0.0686599    0.434016    -0.0143712    -0.0727742     
-0.106496    0.52146    0.0457733    0.289344    -0.00958078    -0.0485162     
-0.0709975    0.34764    0.0305155    0.192896    -0.00638718    -0.0323441     
-0.0473316    0.23176    0.0203437    0.128597    -0.00425812    -0.0215627     
0.462029    0.399496    -0.0717979    0.265099    0.18367    0.70186     
0.801602    0.511321    -0.133226    0.356101    0.308955    1.18414     
1.02798    0.58587    -0.174177    0.416768    0.392479    0     
0.963596    0    0.071054    1.05244    0.542034    0.925629     
0.444187    -0.196496    -0.566629    0.517199    -0.264931    0     
0.0519897    0.408427    -0.245249    0.811795    -0.226749    -0.520591     
0.0346598    0.272284    -0.1635    0.541197    -0.151166    -0.347061     
0.0231065    0.181523    -0.109    0.360798    -0.100777    -0.231374     
0.0154043    0.121015    -0.0726665    0.240532    -0.0671849    -0.154249     
0.0102696    0.0806768    -0.0484443    0.160355    -0.0447899    -0.102833     
0.500429    0.298774    -0.117657    0.286271    0.156649    0.76949     
0.827203    0.444173    -0.163798    0.370215    0.290941    0     
0.583357    0.963861    -0.103628    0.743911    0.201638    0.0199926     
0.882488    0.887564    -0.154446    0.675309    0.320934    0.699861     
1.08191    0.836699    -0.188324    0.629574    0.400465    1.15311     
0.721272    0.557799    -0.125549    0.419716    0.266977    0.768738     
0.480848    0.371866    -0.0836996    0.279811    0.177984    0.512492     
0.320565    0.247911    -0.0557998    0.18654    0.118656    0.341661     
0.21371    0.165274    -0.0371998    0.12436    0.0791042    0.227774     
0.142473    0.110183    -0.0247999    0.0829068    0.0527361    0.151849     
0.588565    0.318445    -0.101894    0.234639    0.221666    0.787765     
0.88596    0.457286    -0.153289    0.335794    0.334286    0     
0.681223    1.18105    -0.0790156    0.745792    0.462576    0.729148     
0.947732    1.03236    -0.138037    0.676562    0.494892    0     
0.602163    0    -0.275209    0.90038    0.480491    -0.242535     
-0.494078    -0.650511    -0.876897    0.227374    -0.556836    -0.142346     
-0.329385    -0.433674    -0.584598    0.151582    -0.371224    -0.0948975     
-0.21959    -0.289116    -0.389732    0.101055    -0.247483    -0.063265     
-0.146394    -0.192744    -0.259821    0.06737    -0.164988    -0.0421767     
-0.0975957    -0.128496    -0.173214    0.0449133    -0.109992    -0.0281178     
0.428519    0.00283468    -0.200837    0.20931    0.113181    0.491185     
0.779262    0.0903885    -0.219251    0.318908    0.261963    0.837387     
1.01309    0.148758    -0.231528    0.391973    0.36115    1.06819     
1.16898    0.187671    -0.239712    0.440683    0.427276    0     
0.82559    0.84299    -0.2942    0.894033    0.462451    0.676153     
0.550393    0.561994    -0.196134    0.596022    0.308301    0.450769     
0.366929    0.374662    -0.130756    0.397348    0.205534    0.300512     
0.244619    0.249775    -0.0871705    0.264899    0.137023    0.200342     
0.16308    0.166517    -0.0581136    0.176599    0.0913484    0.133561     
0.10872    0.111011    -0.0387424    0.117733    0.0608989    0.0890407     
0.566063    0.162506    -0.111189    0.257856    0.227108    0.735514     
0.870958    0.196836    -0.159486    0.351272    0.337914    1.1665     
1.07422    0.219723    -0.191684    0.413549    0.411785    0     
0.952353    1.03904    -0.213536    0.973352    0.528766    0.78153     
1.12849    0.781195    -0.227718    0.828269    0.539019    0     
0.494946    0    -0.152198    1.07046    0.42708    -0.752465     
-0.565557    -0.650511    -0.794889    0.340763    -0.592443    -0.4823     
-0.377038    -0.433674    -0.529926    0.227175    -0.394962    -0.321533     
-0.251358    -0.289116    -0.353284    0.15145    -0.263308    -0.214355     
-0.167572    -0.192744    -0.235523    0.100967    -0.175539    -0.142904     
0.381868    -0.0399974    -0.242376    0.246679    0.069483    0.686261     
0.748162    0.0618338    -0.246944    0.343821    0.232831    0     
0.73498    0.933784    -0.250376    0.926866    0.409463    0.0290654     
0.98357    0.711022    -0.252278    0.797279    0.459484    0.800907     
1.1493    0.562513    -0.253545    0.710887    0.492832    0     
0.50882    1.17907    -0.169416    0.992209    0.396288    -0.752465     
0.339213    0.786048    -0.112944    0.661473    0.264192    -0.501643     
0.226142    0.524032    -0.0752962    0.440982    0.176128    -0.334429     
0.150761    0.349355    -0.0501975    0.293988    0.117419    -0.222953     
0.100508    0.232903    -0.033465    0.195992    0.0782791    -0.148635     
0.560588    0.243767    -0.10767    0.310029    0.238695    0.68244     
0.867308    0.25101    -0.157141    0.386054    0.345639    0     
0.602069    0.880417    -0.230988    0.946312    0.467837    -0.202195     
0.894962    0.675444    -0.239353    0.810242    0.4984    0.465155     
1.09022    0.538795    -0.244929    0.719529    0.518776    0.910054     
0.726816    0.359196    -0.163286    0.479686    0.34585    0.606703     
0.484544    0.239464    -0.108857    0.319791    0.230567    0.404469     
0.323029    0.159643    -0.0725715    0.213194    0.153711    0.269646     
0.215353    0.106429    -0.048381    0.142129    0.102474    0.179764     
0.143569    0.0709524    -0.032254    0.0947529    0.0683161    0.119843     
0.589295    0.1358    -0.106863    0.242536    0.232053    0.679846     
0.886447    0.179032    -0.156602    0.341059    0.341211    1.05318     
1.08455    0.207854    -0.189762    0.40674    0.413983    0     
0.580271    0.663125    -0.405596    0.9598    0.511863    -0.35478     
0.88043    0.530582    -0.355758    0.819234    0.527751    0.281261     
0.586954    0.353721    -0.237172    0.546156    0.351834    0.187507     
0.391302    0.235814    -0.158115    0.364104    0.234556    0.125005     
0.260868    0.15721    -0.10541    0.242736    0.156371    0.0833366     
0.173912    0.104806    -0.0702731    0.161824    0.104247    0.0555578     
0.115941    0.0698709    -0.0468488    0.107883    0.0694981    0.0370385     
0.570877    0.135079    -0.116593    0.25129    0.232841    0.542473     
0.874168    0.178552    -0.163089    0.346894    0.341736    0.87943     
1.07636    0.207533    -0.194086    0.410631    0.414333    1.10407     
0    0.226854    -0.214751    0.453122    0.462731    0     
0.00561492    1.00471    -0.108669    1.15697    0.551502    0.486366     
0.00374328    0.669805    -0.0724463    0.771312    0.367668    0.324244     
0.00249552    0.446537    -0.0482976    0.514208    0.245112    0.216163     
0.00166368    0.297691    -0.0321984    0.342806    0.163408    0.144109     
0.00110912    0.198461    -0.0214656    0.228537    0.108939    0.0960723     
0.000739413    0.132307    -0.0143104    0.152358    0.0726257    0.0640482     
0.494076    0.176704    -0.0949006    0.28094    0.234926    0.596056     
0.822967    0.206301    -0.148627    0.366661    0.343126    0.950728     
1.04223    0.226033    -0.184445    0.423809    0.41526    1.18718     
1.1884    0.239187    -0.208324    0.461907    0.463348    0     
0.909852    0.909389    -0.116619    0    0.787644    0.641099     
0.750725    0.000820808    0.148672    -0.347589    -0.14831    0.283326     
0.500484    0.000547205    0.0991148    -0.231726    -0.0988732    0.188884     
0.333656    0.000364803    0.0660765    -0.154484    -0.0659154    0.125923     
0.222437    0.000243202    0.044051    -0.102989    -0.0439436    0.0839484     
0.148291    0.000162135    0.0293674    -0.0686596    -0.0292957    0.0559656     
0.592444    0.0886068    -0.0657821    0.0687877    0.166978    0.678409     
0.888546    0.14757    -0.129215    0.160419    0.297828    1.09337     
1.08595    0.186879    -0.171504    0.221507    0.385061    0     
0.686483    0.612039    -0.2311    0.965117    0.471369    -0.685258     
0.951239    0.496525    -0.239427    0.757972    0.500755    -0.0406002     
0.634159    0.331017    -0.159618    0.505315    0.333837    -0.0270668     
0.422773    0.220678    -0.106412    0.336877    0.222558    -0.0180445     
0.281848    0.147118    -0.0709413    0.224584    0.148372    -0.0120297     
0.187899    0.098079    -0.0472942    0.149723    0.0989145    -0.0080198     
0.125266    0.065386    -0.0315295    0.0998153    0.065943    -0.00534653     
0.577094    0.132089    -0.10638    0.181104    0.230471    0.412674     
0.878312    0.176558    -0.15628    0.235297    0.340156    0.691354     
1.07912    0.206204    -0.189547    0.271425    0.413279    0.877141     
0    0.225968    -0.211725    0.295511    0.462028    1.001     
0.493583    0.357257    -0.251707    0.0456502    0.0340211    0.923891     
0.329055    0.238171    -0.167805    0.0304335    0.0226807    0.615927     
0.21937    0.158781    -0.11187    0.020289    0.0151205    0.410618     
0.146247    0.105854    -0.0745798    0.013526    0.0100803    0.273746     
0.0974979    0.0705692    -0.0497199    0.00901733    0.00672022    0.182497     
0.0649986    0.0470462    -0.0331466    0.00601155    0.00448015    0.121665     
0.536915    0.119863    -0.107458    0.118568    0.189496    0.497348     
0.851527    0.168407    -0.156999    0.193606    0.312839    0.747804     
1.06127    0.20077    -0.190026    0.243632    0.395068    0.914774     
0    0.222346    -0.212045    0.276982    0.449888    1.02609     
0.493583    0.538796    -0.127961    0.167484    0.185689    1.10377     
0.329055    0.359198    -0.0853075    0.111656    0.123793    0.735844     
0.21937    0.239465    -0.0568717    0.0744376    0.0825284    0.490562     
0.146247    0.159643    -0.0379144    0.049625    0.0550189    0.327042     
0.0974979    0.106429    -0.0252763    0.0330834    0.0366793    0.218028     
0.0649986    0.0709526    -0.0168509    0.0220556    0.0244529    0.145352     
0.536915    0.1358    -0.0965943    0.129265    0.202811    0.51314     
0.851527    0.179032    -0.149757    0.200737    0.321716    0.758331     
1.06127    0.207854    -0.185198    0.248386    0.400986    0.921793     
0    0.227068    -0.208826    0.280151    0.453833    1.03077     
0.493583    0.308559    -0.202969    -0.00784833    0.0501614    1.05787     
0.329055    0.205706    -0.135313    -0.00523222    0.0334409    0.705245     
0.21937    0.137137    -0.0902084    -0.00348815    0.022294    0.470163     
0.146247    0.0914249    -0.0601389    -0.00232543    0.0148626    0.313442     
0.0974979    0.0609499    -0.0400926    -0.00155029    0.00990843    0.208961     
0.0649986    0.0406333    -0.0267284    -0.00103352    0.00660562    0.139308     
0.536915    0.115588    -0.103179    0.113872    0.190913    0.50911     
0.851527    0.165557    -0.154147    0.190475    0.313784    0.755645     
1.06127    0.19887    -0.188125    0.241544    0.395698    0.920002     
0    0.221079    -0.210777    0.27559    0.450307    1.02957     
0.493583    0.0678283    -0.461719    -0.2707    -0.149919    0.934316     
0.329055    0.0452189    -0.307813    -0.180467    -0.0999457    0.622878     
0.21937    0.0301459    -0.205208    -0.120311    -0.0666305    0.415252     
0.146247    0.0200973    -0.136806    -0.0802074    -0.0444203    0.276834     
0.0974979    0.0133982    -0.0912038    -0.0534716    -0.0296135    0.184556     
0.0649986    0.00893212    -0.0608025    -0.0356477    -0.0197424    0.123038     
0.536915    0.0944535    -0.125895    0.0907956    0.173347    0.498263     
0.851527    0.151468    -0.169291    0.175091    0.302074    0.748414     
1.06127    0.189477    -0.198221    0.231288    0.387891    0.915181     
0    0.214817    -0.217508    0.268753    0.445103    1.02636     
0.493583    -0.12092    -0.646231    -0.469972    -0.315817    0.887434     
0.329055    -0.0806131    -0.430821    -0.313314    -0.210545    0.591623     
0.21937    -0.0537421    -0.287214    -0.208876    -0.140363    0.394415     
0.146247    -0.0358281    -0.191476    -0.139251    -0.0935754    0.262943     
0.0974979    -0.0238854    -0.127651    -0.0928339    -0.0623836    0.175296     
0.0649986    -0.0159236    -0.0851004    -0.0618893    -0.0415891    0.116864     
0.536915    0.077883    -0.142094    0.0733013    0.158783    0.494148     
0.851527    0.140421    -0.18009    0.163428    0.292364    0.74567     
1.06127    0.182113    -0.20542    0.223513    0.381418    0.913352     
0    0.209907    -0.222307    0.263569    0.440788    1.02514     
0.493583    -0.301142    -0.659504    -0.687626    -0.477041    0.632175     
0.329055    -0.200761    -0.43967    -0.458417    -0.318027    0.42145     
0.21937    -0.133841    -0.293113    -0.305611    -0.212018    0.280967     
0.146247    -0.0892272    -0.195409    -0.203741    -0.141345    0.187311     
0.0974979    -0.0594848    -0.130272    -0.135827    -0.0942303    0.124874     
0.0649986    -0.0396565    -0.0868483    -0.0905515    -0.0628202    0.0832494     
0.536915    0.062061    -0.143259    0.0541931    0.144629    0.471738     
0.851527    0.129873    -0.180867    0.15069    0.282928    0.73073     
1.06127    0.175081    -0.205938    0.21502    0.375127    0.903392     
0    0.205219    -0.222652    0.257908    0.436594    1.0185     
0.493583    -0.463726    -0.69461    -0.843045    -0.637841    0.612733     
0.329055    -0.309151    -0.463073    -0.56203    -0.425227    0.408489     
0.21937    -0.206101    -0.308716    -0.374687    -0.283485    0.272326     
0.146247    -0.1374    -0.20581    -0.249791    -0.18899    0.181551     
0.0974979    -0.0916003    -0.137207    -0.166527    -0.125993    0.121034     
0.0649986    -0.0610669    -0.0914713    -0.111018    -0.0839955    0.0806892     
0.536915    0.0477875    -0.146341    0.0405486    0.130512    0.470031     
0.851527    0.120357    -0.182921    0.141593    0.273517    0.729592     
1.06127    0.168737    -0.207308    0.208956    0.368853    0.902633     
0    0.20099    -0.223566    0.253865    0.432411    1.01799     
0.493583    -0.721926    -0.815848    -1.04571    -0.782415    0.567243     
0.329055    -0.481284    -0.543899    -0.69714    -0.52161    0.378162     
0.21937    -0.320856    -0.362599    -0.46476    -0.34774    0.252108     
0.146247    -0.213904    -0.241733    -0.30984    -0.231827    0.168072     
0.0974979    -0.142603    -0.161155    -0.20656    -0.154551    0.112048     
0.0649986    -0.0950685    -0.107437    -0.137707    -0.103034    0.0746987     
0.536915    0.0251197    -0.156985    0.0227564    0.117819    0.466038     
0.851527    0.105245    -0.190017    0.129732    0.265055    0.72693     
1.06127    0.158662    -0.212038    0.201049    0.363212    0.900858     
0    0.194274    -0.226719    0.248593    0.42865    1.01681     
0.493583    -0.857598    -0.896408    -1.17841    -0.790466    0.338546     
0.329055    -0.571732    -0.597605    -0.785609    -0.526977    0.225697     
0.21937    -0.381154    -0.398404    -0.523739    -0.351318    0.150465     
0.146247    -0.254103    -0.265602    -0.349159    -0.234212    0.10031     
0.0974979    -0.169402    -0.177068    -0.232773    -0.156141    0.0668733     
0.0649986    -0.112935    -0.118045    -0.155182    -0.104094    0.0445822     
0.536915    0.013209    -0.164057    0.0111062    0.117113    0.44596     
0.851527    0.0973047    -0.194732    0.121965    0.264584    0.713545     
1.06127    0.153369    -0.215182    0.195871    0.362898    0.891935     
0    0.190744    -0.228815    0.245141    0.428441    1.01086     
0.493583    -1.04446    -1.15925    -1.3681    -0.934278    0.18106     
0.329055    -0.696306    -0.772832    -0.91207    -0.622852    0.120707     
0.21937    -0.464204    -0.515222    -0.608047    -0.415235    0.0804713     
0.146247    -0.309469    -0.343481    -0.405364    -0.276823    0.0536475     
0.0974979    -0.206313    -0.228987    -0.270243    -0.184549    0.035765     
0.0649986    -0.137542    -0.152658    -0.180162    -0.123033    0.0238434     
0.536915    -0.00319588    -0.187133    -0.00554718    0.104487    0.432134     
0.851527    0.0863681    -0.210115    0.110863    0.256167    0.704328     
1.06127    0.146078    -0.225437    0.188469    0.357287    0.88579     
0    0.185884    -0.235652    0.240207    0.4247    1.00677     
0.493583    -1.37173    -1.18293    -1.39557    -1.14541    -0.0161449     
0.329055    -0.914483    -0.788618    -0.930382    -0.763604    -0.0107632     
0.21937    -0.609656    -0.525745    -0.620255    -0.509069    -0.0071755     
0.146247    -0.406437    -0.350497    -0.413503    -0.339379    -0.00478367     
0.0974979    -0.270958    -0.233665    -0.275669    -0.226253    -0.00318911     
0.0649986    -0.180639    -0.155776    -0.183779    -0.150835    -0.00212607     
0.536915    -0.0319271    -0.189211    -0.0079587    0.0859519    0.414821     
0.851527    0.067214    -0.211501    0.109255    0.24381    0.692786     
1.06127    0.133308    -0.226361    0.187397    0.349049    0.878096     
0    0.177371    -0.236268    0.239492    0.419208    1.00164     
0.493583    -1.45077    -1.25578    -1.60378    -1.45346    -0.262789     
0.329055    -0.96718    -0.837186    -1.06919    -0.968971    -0.175193     
0.21937    -0.644787    -0.558124    -0.71279    -0.645981    -0.116795     
0.146247    -0.429858    -0.372083    -0.475194    -0.430654    -0.0778635     
0.0974979    -0.286572    -0.248055    -0.316796    -0.287103    -0.051909     
0.0649986    -0.191048    -0.16537    -0.211197    -0.191402    -0.034606     
0.536915    -0.0388665    -0.195607    -0.0262373    0.0589077    0.393168     
0.851527    0.0625877    -0.215765    0.0970693    0.225781    0.67835     
1.06127    0.130224    -0.229204    0.179274    0.337029    0.868472     
0    0.175315    -0.238163    0.234077    0.411195    0.99522     
0.493583    -1.60655    -1.40335    -1.89114    -1.77661    -0.583623     
0.329055    -1.07103    -0.935565    -1.26076    -1.1844    -0.389082     
0.21937    -0.714022    -0.62371    -0.840509    -0.789603    -0.259388     
0.146247    -0.476014    -0.415807    -0.560339    -0.526402    -0.172925     
0.0974979    -0.317343    -0.277204    -0.373559    -0.350935    -0.115284     
0.0649986    -0.211562    -0.184803    -0.24904    -0.233956    -0.0768557     
0.536915    -0.0525426    -0.208562    -0.0514656    0.0305378    0.365001     
0.851527    0.0534704    -0.224402    0.0802504    0.206867    0.659573     
1.06127    0.124146    -0.234962    0.168061    0.32442    0.855953     
0    0.171263    -0.242001    0.226601    0.402789    0.986874     
0.493583    -1.91278    -1.66485    -2.00874    -1.96341    -0.663167     
0.329055    -1.27519    -1.1099    -1.33916    -1.30894    -0.442111     
0.21937    -0.850125    -0.739933    -0.892774    -0.872629    -0.294741     
0.146247    -0.56675    -0.493289    -0.595182    -0.581753    -0.196494     
0.0974979    -0.377833    -0.328859    -0.396788    -0.387835    -0.130996     
0.0649986    -0.251889    -0.21924    -0.264526    -0.258557    -0.0873307     
0.536915    -0.0794272    -0.23152    -0.0617896    0.0141377    0.358018     
0.851527    0.0355473    -0.239707    0.0733678    0.195934    0.654917     
1.06127    0.112197    -0.245165    0.163473    0.317131    0.85285     
0    0.163297    -0.248804    0.223543    0.39793    0.984805     
0.493583    -1.91809    -1.66939    -2.01078    -1.96665    -0.664547     
0.329055    -1.27873    -1.11292    -1.34052    -1.3111    -0.443031     
0.21937    -0.852485    -0.741949    -0.89368    -0.874069    -0.295354     
0.146247    -0.568324    -0.494633    -0.595787    -0.582712    -0.196903     
0.0974979    -0.378882    -0.329755    -0.397191    -0.388475    -0.131268     
0.0649986    -0.252588    -0.219837    -0.264794    -0.258983    -0.0875123     
0.536915    -0.0798934    -0.231918    -0.0619686    0.0138532    0.357897     
0.851527    0.0352365    -0.239973    0.0732484    0.195744    0.654836     
1.06127    0.11199    -0.245342    0.163393    0.317005    0.852796     
0    0.163159    -0.248922    0.223489    0.397845    0.984769     
0.493583    -1.91818    -1.66946    -2.01082    -1.96671    -0.664571     
0.329055    -1.27879    -1.11298    -1.34054    -1.31114    -0.443047     
0.21937    -0.852526    -0.741984    -0.893696    -0.874094    -0.295365     
0.146247    -0.568351    -0.494656    -0.595797    -0.582729    -0.19691     
0.0974979    -0.378901    -0.329771    -0.397198    -0.388486    -0.131273     
0.0649986    -0.2526    -0.219847    -0.264799    -0.258991    -0.0875155     
0.536915    -0.0799015    -0.231925    -0.0619717    0.0138483    0.357895     
0.851527    0.0352311    -0.239977    0.0732463    0.195741    0.654835     
1.06127    0.111986    -0.245345    0.163392    0.317003    0.852795     
0    0.163156    -0.248924    0.223489    0.397844    0.984768     
0.493583    -1.87944    -1.55492    -1.8659    -1.9168    -0.604053     
0.329055    -1.25296    -1.03661    -1.24394    -1.27787    -0.402702     
0.21937    -0.835309    -0.691075    -0.829291    -0.851912    -0.268468     
0.146247    -0.556873    -0.460717    -0.552861    -0.567941    -0.178979     
0.0974979    -0.371248    -0.307144    -0.368574    -0.378628    -0.119319     
0.0649986    -0.247499    -0.204763    -0.245716    -0.252418    -0.0795461     
0.536915    -0.0765005    -0.221869    -0.0492498    0.0182299    0.363208     
0.851527    0.0374984    -0.233273    0.0817276    0.198662    0.658377     
1.06127    0.113498    -0.240876    0.169046    0.31895    0.855156     
0    0.164164    -0.245944    0.227258    0.399142    0.986343     
0.493583    -1.87877    -1.55293    -1.86339    -1.91594    -0.603004     
0.329055    -1.25252    -1.03529    -1.24226    -1.27729    -0.402002     
0.21937    -0.83501    -0.690192    -0.828174    -0.851527    -0.268002     
0.146247    -0.556673    -0.460128    -0.552116    -0.567685    -0.178668     
0.0974979    -0.371116    -0.306752    -0.368077    -0.378457    -0.119112     
0.0649986    -0.24741    -0.204501    -0.245385    -0.252304    -0.0794079     
0.536915    -0.0764416    -0.221695    -0.0490292    0.0183059    0.3633     
0.851527    0.0375377    -0.233157    0.0818747    0.198713    0.658438     
1.06127    0.113524    -0.240798    0.169144    0.318984    0.855197     
0    0.164181    -0.245893    0.227323    0.399165    0.98637     
0.493583    -1.82748    -1.45979    -1.73284    -1.88592    -0.516614     
0.329055    -1.21832    -0.97319    -1.15522    -1.25728    -0.344409     
0.21937    -0.812214    -0.648793    -0.770149    -0.838186    -0.229606     
0.146247    -0.541476    -0.432529    -0.513433    -0.558791    -0.153071     
0.0974979    -0.360984    -0.288353    -0.342288    -0.372527    -0.102047     
0.0649986    -0.240656    -0.192235    -0.228192    -0.248351    -0.0680315     
0.536915    -0.0719387    -0.213517    -0.0375674    0.0209411    0.370884     
0.851527    0.0405396    -0.227705    0.0895158    0.20047    0.663494     
1.06127    0.115525    -0.237164    0.174238    0.320155    0.858568     
0    0.165516    -0.24347    0.230719    0.399946    0.988617     
0.493583    -1.39388    -1.40328    -1.54379    -1.7859    -0.191856     
0.329055    -0.929251    -0.935521    -1.0292    -1.1906    -0.127904     
0.21937    -0.619501    -0.62368    -0.68613    -0.793732    -0.0852692     
0.146247    -0.413    -0.415787    -0.45742    -0.529155    -0.0568461     
0.0974979    -0.275334    -0.277191    -0.304947    -0.35277    -0.0378974     
0.0649986    -0.183556    -0.184794    -0.203298    -0.23518    -0.0252649     
0.536915    -0.0338717    -0.208557    -0.0209711    0.0297222    0.399395     
0.851527    0.0659176    -0.224398    0.10058    0.206324    0.682502     
1.06127    0.132444    -0.234959    0.181614    0.324058    0.87124     
0    0.176795    -0.242    0.235637    0.402547    0.997065     
0.493583    -1.60304    -1.64965    -1.75854    -1.80568    -0.391279     
