____________________________________
Tue Apr  2 10:23:58 2024


PARAMETERS
NUMBER_NEURON = 6
VOLTAGE_TRESHOLD = 0.5
LEARNING_RATE = 0.1
LEAK_RATE = 1.5
TIME_ITERATION = 20
ITERATION_SPIKE_IN = 10
THRESHOLD_COORDINATES = 0.03
THRESHOLD_GYROSCOPE = 0.05  0.05  1.9   
____________________________________
Tue Apr  2 10:23:58 2024


PARAMETERS
NUMBER_NEURON = 6
VOLTAGE_TRESHOLD = 0.5
LEARNING_RATE = 0.1
LEAK_RATE = 1.5
TIME_ITERATION = 20
ITERATION_SPIKE_IN = 10
THRESHOLD_COORDINATES = 0.03
THRESHOLD_GYROSCOPE = 0.05  0.05  1.9   
0.493583    0    0.292517    0    0    0     
0    0    0    0    0    0     
0    0    0    0    0.442248    0     
0    0    0    0.235637    -0.402637    0     
0.161303    0    0.0273957    -0.201567    -0.713065    0     
0.166793    0    0    0    0.122885    0     
0    0    0    0    0    0     
0    0    0    -0.591188    0.0371981    0     
-0.00301766    0.462581    -0.331144    -1.17479    -0.306237    0.0252427     
0.491571    0    -0.351571    -0.485107    0.0817679    0.194996     
0    0    -0.362963    0.283841    0    0     
0.170127    0.395397    0    0.193075    0.449432    0     
0.012664    0    0    0    0.256673    -0.0041247     
0    0    0    0.365307    0.157141    0     
-0.41539    0    -0.0562604    0.0640739    -0.443303    0.101081     
0.153117    0    0.0125164    0    0.348461    0     
0    0    0    0    0.196378    0.275986     
0    0.171066    -0.581777    -1.32994    -1.00012    0.321591     
0    -0.0485207    -0.841935    -1.7973    -1.67552    -0.385055     
0    -0.0323471    -0.56129    -1.1982    -1.11702    -0.256703     
____________________________________
Tue Apr  2 10:24:25 2024


PARAMETERS
NUMBER_NEURON = 6
VOLTAGE_TRESHOLD = 0.7
LEARNING_RATE = 0.1
LEAK_RATE = 1.5
TIME_ITERATION = 20
ITERATION_SPIKE_IN = 10
THRESHOLD_COORDINATES = 0.03
THRESHOLD_GYROSCOPE = 0.05  0.05  1.9   
____________________________________
Tue Apr  2 10:24:25 2024


PARAMETERS
NUMBER_NEURON = 6
VOLTAGE_TRESHOLD = 0.7
LEARNING_RATE = 0.1
LEAK_RATE = 1.5
TIME_ITERATION = 20
ITERATION_SPIKE_IN = 10
THRESHOLD_COORDINATES = 0.03
THRESHOLD_GYROSCOPE = 0.05  0.05  1.9   
0.385748    0.532846    0.154724    0.555398    0.0145793    0.380215     
0.642914    0    0.257873    0    0.0242989    0.633691     
0    0    0    0    0.494832    0     
0    0    0    0    0    0     
0    0    0    0    0    0     
0    0    0    0    0.434485    0     
0.16538    0.104015    0.51451    -0.695967    -0.606995    0.206443     
0.496002    0    0.109878    -0.178446    -0.892463    -0.0489888     
0    0    0.0118267    -0.228353    -1.3486    -0.00701972     
0    0    0.381507    -0.44156    -1.87485    0.196868     
0    0    0    -0.453278    -1.95626    0.669778     
0.368899    -1.11821    0    -0.851275    -1.96388    0     
-0.358559    -1.23994    0.282594    -0.299053    -0.878931    -0.0247111     
-0.23904    -0.826624    0.188396    -0.199369    -0.585954    -0.0164741     
-0.15936    -0.551083    0.125597    -0.132912    -0.390636    -0.0109827     
-0.10624    -0.367388    0.0837316    -0.0886083    -0.260424    -0.0073218     
-0.0708265    -0.244926    0.0558211    -0.0590722    -0.173616    -0.0048812     
-0.0472177    -0.163284    0.0372141    -0.0393815    -0.115744    -0.00325413     
-0.0314785    -0.108856    0.0248094    -0.0262543    -0.0771627    -0.00216942     
-0.0209856    -0.0725705    0.0165396    -0.0175029    -0.0514418    -0.00144628     
____________________________________
Tue Apr  2 10:24:43 2024


PARAMETERS
NUMBER_NEURON = 6
VOLTAGE_TRESHOLD = 1.3
LEARNING_RATE = 0.1
LEAK_RATE = 1.5
TIME_ITERATION = 20
ITERATION_SPIKE_IN = 10
THRESHOLD_COORDINATES = 0.03
THRESHOLD_GYROSCOPE = 0.05  0.05  1.9   
____________________________________
Tue Apr  2 10:24:43 2024


PARAMETERS
NUMBER_NEURON = 6
VOLTAGE_TRESHOLD = 1.3
LEARNING_RATE = 0.1
LEAK_RATE = 1.5
TIME_ITERATION = 20
ITERATION_SPIKE_IN = 10
THRESHOLD_COORDINATES = 0.03
THRESHOLD_GYROSCOPE = 0.05  0.05  1.9   
0.101454    0.157275    0.244149    0.136171    0.589119    0.0580523     
0.16909    0.262125    0.406914    0.226951    0.981864    0.0967538     
0.214181    0.332025    0.515425    0.287471    1.24369    0.122555     
0.244241    0.378625    0.587765    0.327818    0    0.139755     
0.666844    1.26918    0.994777    0.824814    0.839157    0.962531     
0.546017    1.0034    0.907333    0.686046    0    0.69974     
0.999658    0    0    1.11994    0.997553    0     
0    1.26037    0    0    0    0     
0    0    0    0    0    0     
0    0    0    0    0    0     
0    0    1.28276    0    0    0     
0    0    0    1.14652    0    0.280333     
0.688348    1.06372    -0.937815    0    0    0.670566     
0    0    0.422402    0.732957    0.115757    0     
0    1.10835    0.800698    0.999784    0    -0.189513     
0.581558    0    0.884594    0    0.753472    1.1921     
0    0.553917    0    -0.227856    0    0.832211     
0.724846    0    0.555071    0    0    0     
0    0    0    0.543912    0.565541    0.154634     
0.00015046    0.670675    -1.32094    1.04682    0    -0.137937     
____________________________________
Tue Apr  2 10:33:13 2024


PARAMETERS
NUMBER_NEURON = 6
VOLTAGE_TRESHOLD = 0.5
LEARNING_RATE = 0.1
LEAK_RATE = 1.5
TIME_ITERATION = 20
ITERATION_SPIKE_IN = 10
THRESHOLD_COORDINATES = 0.03
THRESHOLD_GYROSCOPE = 0.05  0.05  1.9   
____________________________________
Tue Apr  2 10:33:13 2024


PARAMETERS
NUMBER_NEURON = 6
VOLTAGE_TRESHOLD = 0.5
LEARNING_RATE = 0.1
LEAK_RATE = 1.5
TIME_ITERATION = 20
ITERATION_SPIKE_IN = 10
THRESHOLD_COORDINATES = 0.03
THRESHOLD_GYROSCOPE = 0.05  0.05  1.9   
0.493583    0    0.292517    0    0    0     
0    0    0    0    0    0     
0    0    0    0    0.442248    0     
0    0    0    0    0.00192433    0     
0    0    0    0.45603    -0.518786    0     
0    0    -0.122165    0.122968    -1.16028    0     
0.438023    0    0.166147    0    -1.02303    0     
0    0    0.293277    0.35664    -1.48778    0     
0.419001    0    0.491634    0    -0.983908    0     
0    0    0    0    -0.441597    0     
0    0    0    0    0    0     
0    0    0    0    -0.0411766    0     
-0.216525    0    0.151615    0.458725    -2.05478    0     
-0.484176    0    0.300913    0    -1.12313    0     
-0.243255    0    0    0    -0.83152    0     
0    0    0    0    -0.568203    0     
0    0    0    0    -0.523985    0     
0    0    0    0    -0.322446    0     
0    0    0    0    0    0     
0    0    0    0    0    0     
____________________________________
Tue Apr  2 10:34:00 2024


PARAMETERS
NUMBER_NEURON = 6
VOLTAGE_TRESHOLD = 0.7
LEARNING_RATE = 0.1
LEAK_RATE = 1.5
TIME_ITERATION = 20
ITERATION_SPIKE_IN = 10
THRESHOLD_COORDINATES = 0.03
THRESHOLD_GYROSCOPE = 0.05  0.05  1.9   
____________________________________
Tue Apr  2 10:34:00 2024


PARAMETERS
NUMBER_NEURON = 6
VOLTAGE_TRESHOLD = 0.7
LEARNING_RATE = 0.1
LEAK_RATE = 1.5
TIME_ITERATION = 20
ITERATION_SPIKE_IN = 10
THRESHOLD_COORDINATES = 0.03
THRESHOLD_GYROSCOPE = 0.05  0.05  1.9   
0    0.366028    0    0    0.475806    0.272987     
0    0    0    0    0    0     
0    0    0    0    0    0     
0    0.529042    0    0    0    0     
0    0    0    0    0    0     
0    -1.44449    0.0368098    0.21294    0    0     
0    -1.24217    0.643638    0    0    -0.229412     
0.661342    -1.28564    0    0.608358    0    -0.379922     
0    -0.373683    0    0    0    -0.176056     
0    -0.785976    0    0.0906476    0    -0.0991431     
0    -0.0494799    0    0.544131    0    0.511527     
0    0    0.661682    0    0    0     
0    0.615593    0    0    0    0     
0    0    0    0    0    0     
0    0.0478199    0.0889401    0    0    0     
0    0    0.166425    0    0    0     
0    -0.100477    0.258858    0    0    0     
0.444894    -0.00562368    -0.731811    0    0    0.533649     
0.293883    0    -1.46471    0.00994963    0.333457    0     
0    -1.10336    -0.740868    0    0    0     
____________________________________
Tue Apr  2 10:34:49 2024


PARAMETERS
NUMBER_NEURON = 6
VOLTAGE_TRESHOLD = 1.3
LEARNING_RATE = 0.1
LEAK_RATE = 1.5
TIME_ITERATION = 20
ITERATION_SPIKE_IN = 10
THRESHOLD_COORDINATES = 0.03
THRESHOLD_GYROSCOPE = 0.05  0.05  1.9   
____________________________________
Tue Apr  2 10:34:49 2024


PARAMETERS
NUMBER_NEURON = 6
VOLTAGE_TRESHOLD = 1.3
LEARNING_RATE = 0.1
LEAK_RATE = 1.5
TIME_ITERATION = 20
ITERATION_SPIKE_IN = 10
THRESHOLD_COORDINATES = 0.03
THRESHOLD_GYROSCOPE = 0.05  0.05  1.9   
0.98498    0.798706    0.389667    0.515532    0.322451    0.636656     
0    0    0.649444    0.85922    0.537419    1.06109     
0    0    0    0    0    0     
0    0    0    0    0.811101    0     
0    0    0    0    0.772846    0     
1.29643    0    0    1.27127    0.49228    0     
0    0    0    0    1.08049    0     
0    0    0    0    0    0     
0    0    0    0    0.387146    0     
0    0.956146    0    0    0.280278    0     
0    0    1.05488    0    0.293716    1.29213     
0.441746    0.417287    0    0.489192    0.568908    0     
1.12324    0.678328    1.25875    0    1.18716    0.709355     
0    0.762711    0.568841    0    0.886657    1.24828     
0    0.726751    0.741345    0.665398    0.831052    1.18031     
0    0.484501    0.49423    0.443599    0.554035    0.786875     
0    0.323001    0.329487    0.295733    0.369357    0.524583     
0    0.215334    0.219658    0.197155    0.246238    0.349722     
0    0.143556    0.146439    0.131437    0.164158    0.233148     
0    0.0957039    0.0976257    0.0876245    0.109439    0.155432     
____________________________________
Tue Apr  2 10:40:03 2024


PARAMETERS
NUMBER_NEURON = 6
VOLTAGE_TRESHOLD = 0.5
LEARNING_RATE = 0.1
LEAK_RATE = 1.5
TIME_ITERATION = 20
ITERATION_SPIKE_IN = 10
THRESHOLD_COORDINATES = 0.03
THRESHOLD_GYROSCOPE = 0.03  0.03  1.9   
____________________________________
Tue Apr  2 10:40:03 2024


PARAMETERS
NUMBER_NEURON = 6
VOLTAGE_TRESHOLD = 0.5
LEARNING_RATE = 0.1
LEAK_RATE = 1.5
TIME_ITERATION = 20
ITERATION_SPIKE_IN = 10
THRESHOLD_COORDINATES = 0.03
THRESHOLD_GYROSCOPE = 0.03  0.03  1.9   
0.493583    0    0.292517    0    0    0     
0    0    0    0    0    0     
0    0    0    0    0.442248    0     
0    0    0    0    -0.218745    0     
0    0    0    0    -0.659408    0     
0    0    0    0    -0.953183    0     
____________________________________
Tue Apr  2 10:42:27 2024


PARAMETERS
NUMBER_NEURON = 6
VOLTAGE_TRESHOLD = 0.5
LEARNING_RATE = 0.1
LEAK_RATE = 1.5
TIME_ITERATION = 20
ITERATION_SPIKE_IN = 10
THRESHOLD_COORDINATES = 0.03
THRESHOLD_GYROSCOPE = 0.03  0.03  1.9   
____________________________________
Tue Apr  2 10:42:27 2024


PARAMETERS
NUMBER_NEURON = 6
VOLTAGE_TRESHOLD = 0.5
LEARNING_RATE = 0.1
LEAK_RATE = 1.5
TIME_ITERATION = 20
ITERATION_SPIKE_IN = 10
THRESHOLD_COORDINATES = 0.03
THRESHOLD_GYROSCOPE = 0.03  0.03  1.9   
0.493583    0    0.292517    0    0    0     
0    0    0    0    0    0     
0    0    0    0    0.442248    0     
0    0    0    0    0.185816    0     
0    0    0    0.243556    -0.507609    0     
0    0    -0.0553409    -0.204374    -1.20775    0     
-0.0365387    0    -0.468799    -0.28514    -1.57396    0.391038     
0.211705    0    -0.503087    0.316019    -1.06039    0     
0.269906    0    -0.212667    0    -0.691117    0     
0    0    0    0    -0.608223    0     
0    0    0    0.275459    -1.09807    0     
-0.352091    -0.121247    0.0442112    -0.731053    -1.69198    0.0710159     
-0.234727    -0.080831    0.0294741    -0.487369    -1.12799    0.0473439     
-0.156485    -0.0538874    0.0196494    -0.324912    -0.75199    0.0315626     
-0.104323    -0.0359249    0.0130996    -0.216608    -0.501327    0.0210417     
-0.0695487    -0.0239499    0.00873308    -0.144406    -0.334218    0.0140278     
-0.0463658    -0.0159666    0.00582205    -0.0962703    -0.222812    0.00935188     
-0.0309106    -0.0106444    0.00388137    -0.0641802    -0.148541    0.00623459     
-0.020607    -0.00709628    0.00258758    -0.0427868    -0.0990275    0.00415639     
-0.013738    -0.00473085    0.00172505    -0.0285245    -0.0660184    0.00277093     
____________________________________
Tue Apr  2 10:44:06 2024


PARAMETERS
NUMBER_NEURON = 6
VOLTAGE_TRESHOLD = 0.7
LEARNING_RATE = 0.1
LEAK_RATE = 1.5
TIME_ITERATION = 20
ITERATION_SPIKE_IN = 10
THRESHOLD_COORDINATES = 0.03
THRESHOLD_GYROSCOPE = 0.03  0.03  1.9   
____________________________________
Tue Apr  2 10:44:06 2024


PARAMETERS
NUMBER_NEURON = 6
VOLTAGE_TRESHOLD = 0.7
LEARNING_RATE = 0.1
LEAK_RATE = 1.5
TIME_ITERATION = 20
ITERATION_SPIKE_IN = 10
THRESHOLD_COORDINATES = 0.03
THRESHOLD_GYROSCOPE = 0.03  0.03  1.9   
0.426199    0    0.394388    0.244327    0.326013    0     
0    0    0    0    0    0     
0    0    0    0    0    0     
0    0    -0.00228076    0    0    0     
0    0    0.0268088    0    0    0     
0    0    0.0462018    0    0    0     
0    0    0.0591305    0    0    0     
0    0    0.0677496    0    0    0     
0    0    0.0734957    0    0    0     
0    0    0.0773264    0    0    0     
0    0    0.0798802    0    0    0     
0    0    0.0340548    0    0    0     
0    0    0.00350457    0    0    0     
0    0    -0.0168623    0    0    0     
0.666414    0    -0.745897    0.693369    0.219106    0.328583     
0.225953    0    -0.253893    0.683908    0.305863    0     
0.639325    0    -0.104877    0    0    0     
0    0    -0.699859    0    0.388588    0     
-0.529774    0.469674    -1.37334    0.647505    0    -0.376743     
0.179423    0.587233    -1.29036    0.21795    -0.247025    0.028797     
____________________________________
Tue Apr  2 10:46:00 2024


PARAMETERS
NUMBER_NEURON = 6
VOLTAGE_TRESHOLD = 1.3
LEARNING_RATE = 0.1
LEAK_RATE = 1.5
TIME_ITERATION = 20
ITERATION_SPIKE_IN = 10
THRESHOLD_COORDINATES = 0.03
THRESHOLD_GYROSCOPE = 0.03  0.03  1.9   
____________________________________
Tue Apr  2 10:46:00 2024


PARAMETERS
NUMBER_NEURON = 6
VOLTAGE_TRESHOLD = 1.3
LEARNING_RATE = 0.1
LEAK_RATE = 1.5
TIME_ITERATION = 20
ITERATION_SPIKE_IN = 10
THRESHOLD_COORDINATES = 0.03
THRESHOLD_GYROSCOPE = 0.03  0.03  1.9   
0.394239    0.272189    0.599644    0.0682348    0.901549    0.432199     
