____________________________________
Fri Mar 29 17:34:16 2024


PARAMETERS
NUMBER_NEURON = 6
VOLTAGE_TRESHOLD = 0.5
LEARNING_RATE = 0.1
LEAK_RATE = 1.5
TIME_ITERATION = 500
ITERATION_SPIKE_IN = 5
THRESHOLD_COORDINATES = 0.03
THRESHOLD_GYROSCOPE = 0.05  0.05  1.9   
____________________________________
Fri Mar 29 17:34:16 2024


PARAMETERS
NUMBER_NEURON = 6
VOLTAGE_TRESHOLD = 0.5
LEARNING_RATE = 0.1
LEAK_RATE = 1.5
TIME_ITERATION = 500
ITERATION_SPIKE_IN = 5
THRESHOLD_COORDINATES = 0.03
THRESHOLD_GYROSCOPE = 0.05  0.05  1.9   
0.493583    0    0.292517    0    0    0     
0    0    0    0    0    0     
0    0    0    0    0    0     
0    0    0    0    0    0     
0    0    0    0    0    0     
0    0    0    0    0    0     
0    0    0    0.0754956    -0.0726199    0     
0    0    0    0    0    0     
0    0    0    0    0    0     
0    0    0    0    0    0     
0    0    0    0    0    0     
0    0    0    0    0.0820396    0     
0    0    0    0    -0.193395    0     
0    0    0    0    -0.377018    0     
0    0    0    0    -0.499433    0     
0    0    0.373351    0.386929    -1.48767    0     
-0.0955861    0    0    0    -1.01293    0     
0    0    0    0    -0.676725    0     
0    0    0    0    -0.438992    0     
0.421837    0    0    0    -0.717784    0     
0    0    0    0    -0.542695    0     
0    0    0    0    -0.536081    0     
0    0    0    0.458173    -1.03992    0     
0    0    0    0    -0.486487    0     
0    0    0    0.285895    -0.93411    0     
0    0    0    0    -0.457597    0     
0    0    0    0.398262    -0.458526    0     
0    0    0    0    0    0     
0    0    0    -0.648104    0.22193    0     
0    0    0    0.395235    0    0     
0    0    0    0    0    0     
0    0    0    -0.392285    -0.594068    0     
0    0    0    0    0.0909192    0     
0    0    0    0    -0.192751    0     
0    0    0    0    -0.381865    0     
0    0    0    0    -0.507941    0     
0    0    0    -0.00479748    -0.7722    0     
0    0    0    0    0.42425    0     
0    0    0    0    0.428798    0     
0    0    0    0    -0.277153    0     
0    0    0    0.418534    -1.01792    0     
0    0    0    0    0.223296    0     
0    0    0    0    0.0355811    0     
0    0    0    0    -0.442119    0     
0    0    0    0.470042    -1.05451    0     
0    0    0    0    -0.336182    0     
0    0    0    0.390688    -0.678995    0     
0    0    0    0    0    0     
0    0    0    0    0    0     
0    0    0    0    0    0     
0    0    0    0.0431447    0.108591    0     
0    0    0    0    0    0     
0    0    0    0.0756874    0.448998    0     
0    0    0    0    0    0     
0    0    0    0    0    0     
0    0    0    -0.499254    0.0959327    0     
0    0    0    0    0    0     
0    0    0    0    0    0     
0    0    0    0    0    0     
0    0    0    0    0    0     
0    0    0    0.358007    0.295269    0     
0    0    0    0    0    0     
0    0    0    0.0931593    0.375674    0     
0    0    0    0    0    0     
0    0    0    0    0    0     
0    0    0    0    0    0     
0    0    0    0    0    0     
0    0    0    0    0    0     
0    0    0    0    0    0     
0    0.379295    0.495402    -0.115949    0    0     
0    0    0    0    0    0.256353     
0.181416    0    0.316413    -1.50892    -0.398292    0     
0    0    0    0.41941    -0.311717    0     
0    0    0    0    0    0     
0    0    0    -0.746781    0.252744    0     
0    0    0    0    0    0     
0    0    0    0    0    0     
0    0    0    0    0    0     
0    0.225682    0    0.31268    0    0     
0    0    0    0    0    0     
0    0    0    0    0    0     
0    0    0    -0.708439    0    0     
