____________________________________
Tue Apr  9 11:53:08 2024


PARAMETERS
NUMBER_NEURON = 6
VOLTAGE_TRESHOLD = 1.2
LEARNING_RATE = 0.1
LEAK_RATE = 1.5
TIME_ITERATION = 500
ITERATION_SPIKE_IN = 5
THRESHOLD_COORDINATES = 0.047
THRESHOLD_GYROSCOPE = 0.03  0.03  1.9   
____________________________________
Tue Apr  9 11:53:08 2024


PARAMETERS
NUMBER_NEURON = 6
VOLTAGE_TRESHOLD = 1.2
LEARNING_RATE = 0.1
LEAK_RATE = 1.5
TIME_ITERATION = 500
ITERATION_SPIKE_IN = 5
THRESHOLD_COORDINATES = 0.047
THRESHOLD_GYROSCOPE = 0.03  0.03  1.9   
0.493583    0.972775    0.292517    0.771358    0.526745    0.769914     
0.822638    0    0.487528    0    0.877908    0     
0    0    0    0    0    0     
0    0    0    0    0    0     
0    0    0    0.774581    0.468141    0     
0.790409    0    0.932357    0    0.12854    0     
0    0.750209    0    1.15752    1.00151    0     
0.322902    0.53347    0.548934    0.38873    -0.148501    0.536286     
0.215268    0.355647    0.365956    0.259153    -0.0990006    0.357524     
0.143512    0.237098    0.243971    0.172769    -0.0660004    0.238349     
0.0956746    0.158065    0.162647    0.115179    -0.0440003    0.1589     
0.557366    0    -0.152559    1.01924    0.196577    0     
1.15073    0    0    0    1.14238    0     
0    0    0    1.10044    0.932443    0     
0.314632    0    0.335728    0    0.0686113    0     
0    0    0    0    0    0     
0    -0.271542    0    -0.870717    0.11447    0     
-0.289388    -1.44558    -0.22043    -1.24857    -1.24162    -0.786032     
-0.192926    -0.963719    -0.146954    -0.832377    -0.827745    -0.524021     
-0.128617    -0.64248    -0.0979691    -0.554918    -0.55183    -0.349348     
-0.0857447    -0.42832    -0.0653127    -0.369945    -0.367887    -0.232898     
0.43642    0    -0.684533    0.950076    -0.205976    0     
0.512968    0    1.01921    0    0    0     
0    0    0    0    0    0     
0.747887    0.0691298    0.941668    -1.33231    -1.26822    0     
0.998384    0    0.327865    1.08929    -0.711517    0     
0.179769    0.0280757    0    0    0.858723    0.58062     
0    -0.179013    0    -1.84036    -0.235875    0     
-0.475048    -1.86951    -0.441779    -2.34078    -1.9497    -0.969702     
-0.316699    -1.24634    -0.294519    -1.56052    -1.2998    -0.646468     
-0.211132    -0.830892    -0.196346    -1.04034    -0.866531    -0.430979     
0.352828    0    -0.861898    0.494089    -0.888014    0     
0.275054    0    0.478615    0    0.385846    0     
0    0    0    0    0    0     
0    0.921623    0    -0.342696    -0.491729    0     
0.259348    0.746325    -1.67341    0.142233    -2.62264    0.713926     
0.172899    0.49755    -1.1156    0.0948218    -1.74843    0.475951     
0.115266    0.3317    -0.743736    0.0632145    -1.16562    0.3173     
0.076844    0.221133    -0.495824    0.042143    -0.77708    0.211534     
0.0512293    0.147422    -0.330549    0.0280953    -0.518053    0.141022     
0.0341529    0.0982814    -0.220366    0.0187302    -0.345369    0.0940149     
0.516352    0    -1.30692    0    -0.583767    0     
0    0    0    0    0    0     
0    1.06073    0.774642    -0.0228408    -0.187731    0     
0    0    -0.054314    0    -0.433962    0     
0    0    0    0    0    0     
0    -2.57323    0    -2.01753    -0.663475    -0.440973     
-1.06381    -4.70057    -1.41641    -4.0683    -3.50849    -1.29886     
-0.709206    -3.13371    -0.944272    -2.7122    -2.33899    -0.865908     
-0.472804    -2.08914    -0.629515    -1.80813    -1.55933    -0.577272     
-0.315202    -1.39276    -0.419677    -1.20542    -1.03955    -0.384848     
0.283448    0    -1.59613    0.757319    -1.35769    0     
0    0    0.274652    0    0.660431    0     
0    0    0    0    1.13817    0     
0    -0.488364    0.680842    -0.450097    -0.613391    0     
0    1.00339    -0.327989    0    -1.06205    0     
0    0.375407    0    0.133568    -0.214719    -0.275618     
-1.09362    -2.40386    -1.60177    -2.42873    -3.23285    -1.27525     
-0.729083    -1.60258    -1.06784    -1.61915    -2.15524    -0.850166     
-0.486055    -1.06838    -0.711896    -1.07943    -1.43682    -0.566777     
-0.324037    -0.712256    -0.474597    -0.719623    -0.957883    -0.377851     
0.277558    0    -1.59183    0.69571    -1.30324    0     
0    0    0.054221    0    0.76303    0     
0    0    0    0    1.06337    0     
0    -1.01559    0.080178    -1.477    -1.00733    0     
0    1.06816    -0.5149    0    -0.583093    0     
0    0.91654    0    0.510272    0.421607    -1.12243     
-1.1171    -2.03033    -1.80657    -2.05929    -2.3873    -1.78608     
-0.744731    -1.35355    -1.20438    -1.37286    -1.59153    -1.19072     
-0.496487    -0.902367    -0.802921    -0.915239    -1.06102    -0.793812     
-0.330992    -0.601578    -0.53528    -0.61016    -0.707348    -0.529208     
0.272922    0    -1.58454    0.304637    -1.13622    0     
0    0    0.415862    0    0    0     
0    0.922745    1.07898    -0.0983274    0.139387    0     
0    0    0.448098    0    0.255792    0     
0    0.98683    0    0.78186    0.813756    0     
0.169332    -2.06718    -0.353139    0.493229    -0.663392    -2.61288     
0.112888    -1.37812    -0.235426    0.328819    -0.442262    -1.74192     
0.0752585    -0.918745    -0.156951    0.219213    -0.294841    -1.16128     
0.0501723    -0.612497    -0.104634    0.146142    -0.196561    -0.774186     
0.0334482    -0.408331    -0.0697558    0.0974279    -0.13104    -0.516124     
0.515882    0    -1.39874    0.637994    -0.880085    0     
0    0    0.652952    0    0    0     
0    -0.261312    0    -0.254681    -0.0745355    0.813524     
-0.694795    -1.29809    -2.94112    -2.34383    -3.89624    0     
0    0    -1.73176    0    -1.10279    0     
0    -1.56737    0    0.145794    0.785442    -1.41545     
-1.05836    -3.9387    -1.59431    -2.47688    -2.28345    -1.78813     
-0.705576    -2.6258    -1.06287    -1.65125    -1.5223    -1.19209     
-0.470384    -1.75053    -0.708582    -1.10083    -1.01487    -0.794725     
-0.31359    -1.16702    -0.472388    -0.733889    -0.676579    -0.529816     
0.284523    1.08683    -1.6295    -0.119538    -1.24549    0     
0    0    -0.956983    0    0.597258    0     
0    0.127006    0.346209    0.229299    0.817111    0     
0    0    0.460529    0    0    0     
0    -0.90992    1.04504    -0.494607    -0.168007    0     
0    -0.748521    0    0    0    0.389773     
-1.15332    -4.36293    -1.93103    -5.85602    -4.22821    -0.401061     
-0.76888    -2.90862    -1.28736    -3.90401    -2.81881    -0.267374     
-0.512587    -1.93908    -0.858237    -2.60267    -1.87921    -0.178249     
-0.341725    -1.29272    -0.572158    -1.73512    -1.2528    -0.118833     
0.265767    0.710238    -1.727    -0.946734    -1.79183    0     
0    0    0.128644    0    1.0723    0     
0    -0.606482    0    1.05428    0    0     
0.155808    -2.58365    -1.68328    0.263355    -1.87331    0.37098     
0.597455    -0.310536    -2.49018    0.265722    -2.22675    0     
0    0.555106    0.987185    0    0    -1.70812     
-0.332297    -2.63889    -0.956466    -4.10747    -2.80031    -2.03153     
-0.221531    -1.75926    -0.637644    -2.73831    -1.86687    -1.35435     
-0.147687    -1.17284    -0.425096    -1.82554    -1.24458    -0.902903     
-0.0984583    -0.781894    -0.283397    -1.21703    -0.82972    -0.601935     
0.427944    0.890632    -1.55693    -0.755036    -1.65773    0     
0    0    0.348965    0    1.13822    0     
0    -1.18939    0    0.479241    0    0     
-0.0254794    -3.60168    -2.2373    -0.959778    -2.59375    -0.240459     
0.476597    -1.13901    -2.87742    -0.71307    -2.93634    0     
0    0.0432728    0.752591    0    0    -1.52968     
-0.725087    -3.58053    -1.8025    -4.82907    -3.41451    -2.80151     
-0.483391    -2.38702    -1.20167    -3.21938    -2.27634    -1.86767     
-0.322261    -1.59135    -0.801112    -2.14625    -1.51756    -1.24511     
-0.214841    -1.0609    -0.534075    -1.43084    -1.01171    -0.830077     
0.350356    0.554842    -1.74194    -1.11567    -1.99089    0     
0    0    0.129707    0    0.639764    0     
0    -2.12154    1.11794    -0.139974    0.348801    0     
0    -1.30767    1.17998    0    0    0     
1.03581    -3.05116    -0.461347    -2.05273    -2.05677    -0.00734325     
0.690542    -2.03411    -0.307565    -1.36848    -1.37118    -0.0048955     
0.460361    -1.35607    -0.205043    -0.912323    -0.914121    -0.00326367     
0.306907    -0.904048    -0.136696    -0.608215    -0.609414    -0.00217578     
0.204605    -0.602699    -0.0911303    -0.405477    -0.406276    -0.00145052     
0.136403    -0.401799    -0.0607536    -0.270318    -0.270851    -0.000967012     
0.584519    0.835465    -1.42639    -0.653274    -1.55221    0     
0    0    0.570303    0    0.687318    0     
1.15255    -2.6811    1.12164    -0.794102    -0.246248    0     
0    0.237476    0    0    0    0     
-0.658755    -4.33789    -3.10265    -4.99191    -5.10005    -1.07159     
-0.43917    -2.89193    -2.06843    -3.32794    -3.40003    -0.714391     
-0.29278    -1.92795    -1.37896    -2.21863    -2.26669    -0.47626     
-0.195187    -1.2853    -0.919303    -1.47909    -1.51113    -0.317507     
-0.130124    -0.856867    -0.612869    -0.986057    -1.00742    -0.211671     
-0.0867496    -0.571245    -0.408579    -0.657371    -0.671612    -0.141114     
0.43575    0.712736    -1.75502    -1.03939    -1.82686    0     
0    0    0.234071    0    0.554971    0     
0.69465    -2.90673    0.0291431    -1.06434    -0.908375    1.00561     
0.956683    -0.89787    -1.46321    -1.35366    -1.98471    0     
0    0    0.391222    0    0.39925    0     
-0.13317    -4.44375    0    -0.636088    -0.0961234    -3.56478     
-1.26556    -4.78027    -0.940011    -2.9503    -2.24309    -2.90539     
-0.843704    -3.18685    -0.626674    -1.96687    -1.49539    -1.93692     
-0.56247    -2.12457    -0.417783    -1.31124    -0.996928    -1.29128     
-0.37498    -1.41638    -0.278522    -0.874163    -0.664619    -0.860855     
0.243597    0.0868245    -1.6383    -1.36675    -1.8222    0     
0    0    0.274619    0    0.606652    0     
0.327252    -3.90025    -0.39607    -1.96028    -1.57881    0.136099     
0.711751    -1.73831    -1.71666    -2.26937    -2.43166    0     
0    0.773045    0.371883    1.16183    0.16198    0     
0    -0.349557    0    0    0    -0.593248     
-3.39346    -7.04486    -4.81343    -8.67886    -7.7054    -4.22914     
-2.2623    -4.69657    -3.20896    -5.78591    -5.13693    -2.81943     
-1.5082    -3.13105    -2.1393    -3.85727    -3.42462    -1.87962     
-1.00547    -2.08737    -1.4262    -2.57151    -2.28308    -1.25308     
-0.176729    -0.529727    -2.54093    -2.70091    -2.95547    0     
0    0    -0.0169383    1.19547    -0.00283867    0     
0    -2.41309    0.276859    0    -0.0188319    0     
0    -3.54089    -0.549234    -1.3204    -2.16373    0.520749     
0.493583    -3.93766    -3.48196    -2.78015    -4.37678    0     
0    -1.53947    1.07792    0    0.372764    -1.63484     
-0.965995    -4.49166    -1.42297    -3.60862    -3.39674    -2.9928     
-0.643996    -2.99444    -0.948648    -2.40575    -2.2645    -1.9952     
-0.429331    -1.99629    -0.632432    -1.60383    -1.50966    -1.33013     
-0.286221    -1.33086    -0.421621    -1.06922    -1.00644    -0.886755     
0.302769    -0.223425    -1.8712    -1.68788    -2.10438    0     
0    0    0.681551    0    0.618027    0     
-0.0652331    -4.15408    -0.0482897    -1.95193    -1.93842    0.346242     
0.450094    -2.21639    -1.62232    -2.37334    -2.7257    0     
0    0.270862    0.904832    0    0.219225    0     
0.764978    -2.72998    0    -0.21857    -0.617849    -3.79622     
-0.767986    -3.6511    -0.896243    -2.6173    -2.77735    -2.99796     
-0.511991    -2.43406    -0.597495    -1.74487    -1.85157    -1.99864     
-0.341327    -1.62271    -0.39833    -1.16325    -1.23438    -1.33243     
-0.227551    -1.08181    -0.265554    -0.775498    -0.822919    -0.888284     
0.341882    -0.168206    -1.58098    -1.77731    -1.98203    0     
0    0    1.07664    0    0.699748    0     
-0.308675    -5.04978    -0.169763    -2.85862    -2.39343    -0.0805743     
0.287799    -2.84518    -1.51712    -3.20001    -3.02903    0     
0    -0.449811    0.988599    0.345345    0.099078    0     
0    -1.39172    0    0    0    -0.664483     
-3.92214    -8.78202    -6.21318    -8.83679    -8.27393    -5.00274     
-2.61476    -5.85468    -4.14212    -5.89119    -5.51595    -3.33516     
-1.74317    -3.90312    -2.76141    -3.92746    -3.6773    -2.22344     
-1.16212    -2.60208    -1.84094    -2.61831    -2.45153    -1.48229     
-0.28116    -1.21338    -2.66089    -3.14136    -3.20324    0     
0    1.16629    0.992521    1.00917    0.317018    0     
0    0.335874    0    0    0    0     
-1.40732    -6.0867    -3.55582    -5.99654    -6.08387    -0.468364     
-0.444629    -3.53646    -3.90807    -5.49365    -5.64201    0     
0    -0.637128    0    1.0738    0.289113    -1.23738     
-1.35998    -5.11892    -2.57002    -2.67879    -3.48768    -1.69018     
-0.906653    -3.41261    -1.71334    -1.78586    -2.32512    -1.12679     
-0.604435    -2.27508    -1.14223    -1.19057    -1.55008    -0.751191     
-0.402957    -1.51672    -0.761486    -0.793715    -1.03339    -0.500794     
0.224945    -0.48981    -2.02124    -2.0251    -2.27502    0     
0    0    0    0    0.957386    0     
-1.68415    -6.95005    -1.63009    -5.06417    -4.43579    0.869071     
-0.629185    -4.24554    -2.74914    -5.00427    -4.54329    0     
0    -0.61182    0.845666    -0.282985    -0.564972    0     
0    -1.4536    0    0    0    -0.352179     
-4.88436    -9.96994    -6.23229    -9.51142    -9.00421    -5.08462     
-3.25624    -6.64663    -4.15486    -6.34094    -6.00281    -3.38975     
-2.17083    -4.43109    -2.76991    -4.2273    -4.00187    -2.25983     
-1.44722    -2.95406    -1.8466    -2.8182    -2.66791    -1.50655     
-0.471229    -1.58155    -2.91402    -3.57699    -3.52686    0     
0    0    1.12105    0    0.261474    0     
-0.0185943    -5.42401    0.849319    -1.96712    -2.89362    0     
0    -1.40336    0    0    0.555013    0     
-0.111207    -6.45667    -1.56753    -3.8105    -4.70067    0     
0    -2.36846    0    0    1.13963    -0.930767     
-3.25716    -8.05093    -2.71991    -2.90307    -5.29466    -2.41612     
-2.17144    -5.36729    -1.81328    -1.93538    -3.52977    -1.61075     
-1.44763    -3.57819    -1.20885    -1.29025    -2.35318    -1.07383     
-0.965086    -2.38546    -0.8059    -0.860168    -1.56879    -0.715887     
-0.149808    -1.30066    -1.95146    -2.45951    -2.79411    0     
0    0    0    0    0.809876    0     
-0.444241    -5.98231    0.0378292    -3.54338    -3.01759    0     
0    -1.32164    0    0    0.942083    0     
0    -2.74929    0    0    -0.698287    0     
0    -3.47362    0    0    1.00661    0.789725     
-1.62371    -6.30935    -1.73589    -1.52306    -2.38245    0     
0    -0.990463    0    0    0    -0.655262     
-3.27422    -7.0513    -5.65373    -7.86464    -5.57896    -1.31948     
-2.18281    -4.70087    -3.76915    -5.2431    -3.7193    -0.879655     
-0.961626    -2.84005    -3.0119    -4.44828    -4.30664    0     
0    0    0    0    0.856781    0     
1.16787    -3.52958    0    -1.22402    -0.375223    0     
0    -0.0489462    0    0    0    0     
1.01911    -3.46645    -0.937686    -3.03552    -2.83626    0     
0    1.01851    0    0    0    -0.414234     
-4.19333    -6.55426    -6.70726    -9.06302    -6.75131    -2.08606     
-2.79556    -4.3695    -4.47151    -6.04201    -4.50087    -1.39071     
-1.8637    -2.913    -2.98101    -4.02801    -3.00058    -0.927138     
-1.24247    -1.942    -1.98734    -2.68534    -2.00039    -0.618092     
-0.33473    -1.18863    -1.95471    -2.8961    -3.45552    0     
0    0    0    0    0    0     
-1.7162    -7.28892    -2.63326    -5.81346    -4.56491    0     
0    -1.83785    0    0    0.609475    0     
0    -4.39173    -0.232851    -1.59784    -1.0652    0     
0    -1.14588    0    0    0    -0.112731     
-5.34483    -9.12859    -7.73951    -9.92677    -7.71894    -3.11186     
-3.56322    -6.08573    -5.15967    -6.61785    -5.14596    -2.07457     
-2.37548    -4.05715    -3.43978    -4.4119    -3.43064    -1.38305     
-1.58365    -2.70477    -2.29319    -2.94127    -2.28709    -0.922033     
-0.562186    -1.98324    -2.54277    -3.48357    -3.75339    0     
0    0    0    0    0    0     
-2.3621    -8.24927    -3.81783    -6.7152    -5.36867    0     
0    -2.1202    0    1.01966    0.421129    0     
0    -2.66813    0.976945    0    0    0     
-0.12404    -5.52024    -0.426089    -1.19611    -0.21553    -4.78086     
-0.0826936    -3.68016    -0.284059    -0.797405    -0.143686    -3.18724     
-0.0551291    -2.45344    -0.189373    -0.531603    -0.0957909    -2.12483     
-0.0367527    -1.63563    -0.126249    -0.354402    -0.0638606    -1.41655     
-0.0245018    -1.09042    -0.0841657    -0.236268    -0.0425737    -0.944368     
0.477248    -1.19005    -1.32132    -1.90801    -2.52554    0     
0    0    0    0    0    0     
-3.45593    -9.89789    -5.6298    -7.8264    -7.00396    0.755932     
-1.81037    -7.35176    -5.2788    -7.07385    -7.30665    0     
0    -2.11738    0.936348    0.739893    -1.44482    0     
0    0.983755    0    0    0    -0.206203     
-6.46381    -9.55797    -9.69623    -11.8061    -9.63594    -4.55428     
-4.30921    -6.37198    -6.46415    -7.87073    -6.42396    -3.03619     
-2.87281    -4.24799    -4.30944    -5.24715    -4.28264    -2.02412     
-1.9152    -2.83199    -2.87296    -3.4981    -2.85509    -1.34942     
-0.78322    -2.64116    -3.54349    -4.26711    -4.70619    0     
0    0    0    0    0.358609    0     
-1.67205    -6.87195    -2.20998    -4.79516    -4.45363    0     
0    -1.02193    0    0    0.50468    0     
0.74677    -3.31317    0    0    -1.51251    0     
0.499514    -2.50256    0    0.092032    -0.228049    -1.76558     
-1.45013    -4.05116    -2.27097    -2.17142    -2.5181    -0.74228     
-0.966754    -2.70077    -1.51398    -1.44761    -1.67873    -0.494854     
-0.644503    -1.80052    -1.00932    -0.965074    -1.11916    -0.329902     
-0.429669    -1.20034    -0.672879    -0.643383    -0.746104    -0.219935     
0.207137    -1.59771    -2.06033    -2.30007    -3.3002    0     
0    0    0    0    0    0     
-4.3239    -9.43658    -5.81959    -8.31315    -7.40762    0.851318     
-2.38902    -7.24047    -5.78259    -7.43292    -7.77347    0     
0    -0.682341    1.00696    0.856867    -1.36834    0     
0    0    0    0    0    0.118755     
-9.79925    -13.671    -10.8182    -14.3442    -11.5115    -5.92193     
-6.53284    -9.11397    -7.21213    -9.56283    -7.67434    -3.94796     
-4.35522    -6.07598    -4.80808    -6.37522    -5.11623    -2.63197     
-2.90348    -4.05066    -3.20539    -4.25014    -3.41082    -1.75465     
-1.44207    -3.76925    -4.03995    -4.90427    -5.14699    0     
0    0    0    0    0.630228    0     
-1.90602    -6.63993    -2.52834    -4.37194    -4.11161    0     
0    -0.120195    0    0    0    0     
-2.34669    -7.37523    -5.89222    -6.9129    -6.61845    0     
0    0.718121    0    0    0    -0.236991     
-8.36298    -11.4146    -11.2237    -13.6367    -10.9269    -5.81758     
-5.57532    -7.60975    -7.48248    -9.09111    -7.2846    -3.87839     
-3.71688    -5.07317    -4.98832    -6.06074    -4.8564    -2.58559     
-2.47792    -3.38211    -3.32554    -4.04049    -3.2376    -1.72373     
-1.15836    -3.48664    -4.41226    -5.12351    -5.31542    0     
0    0    0    0    0.338337    0     
-2.76325    -7.49432    -3.44429    -5.50323    -5.47629    0     
0    -0.603807    0    0    0.160205    0     
0.760065    -2.68802    0    0    -1.99957    0     
0.609345    -1.52311    0    0.512588    -0.514754    -2.62779     
-1.90075    -3.38943    -3.08373    -1.92147    -2.89591    -1.98064     
-1.26717    -2.25962    -2.05582    -1.28098    -1.93061    -1.32043     
-0.844777    -1.50641    -1.37055    -0.853985    -1.28707    -0.880286     
-0.563185    -1.00428    -0.913699    -0.569323    -0.858049    -0.586857     
0.118126    -2.08228    -2.23105    -2.51236    -3.72905    0     
0    0    0    0    0    0     
-5.16177    -9.71742    -7.02987    -9.68374    -8.60431    -0.369503     
-2.9476    -7.97017    -6.38219    -8.81855    -8.9929    0     
0    -1.04821    0    0.412645    -1.90512    0     
0    0.588752    0    0    0    -0.65147     
-9.13014    -10.8703    -12.6751    -14.0139    -11.2471    -6.76103     
-6.08676    -7.24685    -8.45008    -9.3426    -7.49808    -4.50735     
-4.05784    -4.83123    -5.63338    -6.2284    -4.99872    -3.0049     
-2.70523    -3.22082    -3.75559    -4.15227    -3.33248    -2.00327     
-1.3099    -3.6391    -4.44455    -5.14836    -5.56745    0     
0    0    0    0    0.159652    0     
-3.22702    -7.07455    -3.71668    -6.06053    -5.78851    0     
0    -0.550796    0    0    0.056688    0     
-0.0823569    -2.60602    0    0    -2.29002    0     
-0.996756    -1.39375    0    -0.0865368    -0.263459    -3.09859     
-3.48221    -3.38732    -3.60818    -2.83939    -2.42132    -2.6304     
-2.32147    -2.25821    -2.40545    -1.89293    -1.61422    -1.7536     
-1.54765    -1.50547    -1.60363    -1.26195    -1.07614    -1.16907     
-1.03177    -1.00365    -1.06909    -0.841301    -0.71743    -0.779379     
-0.194261    -2.27616    -2.45345    -2.50014    -3.82408    0     
0    0    0    0    0    0     
-6.13708    -10.1243    -7.35702    -10.8516    -8.83072    -1.33898     
-3.5978    -8.41122    -6.84645    -9.23981    -9.52862    0     
0    -1.15371    0    0.650749    -2.52182    0     
0    1.0687    0    0    0    -1.42291     
-10.191    -11.1016    -13.0229    -15.7881    -11.2467    -8.14963     
-6.79399    -7.40109    -8.68193    -10.5254    -7.49777    -5.43309     
-4.52933    -4.93406    -5.78796    -7.01694    -4.99851    -3.62206     
-3.01955    -3.28937    -3.85864    -4.67796    -3.33234    -2.41471     
-1.51945    -3.85458    -4.85932    -5.20203    -5.96005    0     
0    0    0    0    -0.221698    0     
-3.6992    -7.33975    -4.51562    -7.2975    -6.35686    1.03411     
-1.97255    -6.70597    -5.44693    -7.14081    -7.9764    0     
0    -0.0145713    0    0    -1.45093    0     
0.128448    -1.3928    0    0    0.803061    -3.02987     
-6.26037    -6.50582    -2.49276    -2.48108    -4.53233    -4.19553     
-4.17358    -4.33722    -1.66184    -1.65405    -3.02155    -2.79702     
-2.78239    -2.89148    -1.10789    -1.1027    -2.01437    -1.86468     
-1.85492    -1.92765    -0.738596    -0.735134    -1.34291    -1.24312     
-0.743033    -3.0979    -2.21577    -2.72662    -4.63376    0     
0    0    0    0    0    0     
-5.6085    -11.0555    -6.68847    -11.7927    -8.63243    -0.879599     
-3.24542    -9.36486    -6.41213    -10.2596    -9.68162    0     
0    -1.84573    0    -0.0187856    -2.26515    0     
0    0.363296    0    0    0    -1.01001     
-10.5415    -11.7278    -12.7396    -16.2077    -11.3455    -7.49204     
-7.02769    -7.81856    -8.49304    -10.8051    -7.56369    -4.99469     
-4.68513    -5.21237    -5.66203    -7.20342    -5.04246    -3.3298     
-3.12342    -3.47492    -3.77469    -4.80228    -3.36164    -2.21986     
-1.5887    -4.31116    -4.82064    -5.66725    -6.34996    0     
0    0    0    0    -0.241308    0     
-3.36042    -7.66744    -3.73253    -7.21356    -6.23911    0     
0    -0.812812    0    0    -0.217313    0     
1.17353    -3.25104    0    0    -1.25374    0     
0    -1.20523    0    -0.204663    0    -2.52254     
-5.71412    -8.93333    -4.87853    -8.12538    -2.31342    -4.92013     
-3.80941    -5.95555    -3.25236    -5.41692    -1.54228    -3.28009     
-2.53961    -3.97037    -2.16824    -3.61128    -1.02819    -2.18672     
-1.69307    -2.64691    -1.44549    -2.40752    -0.685458    -1.45782     
-0.635131    -3.88964    -2.26024    -4.01643    -4.28897    0     
0    0    0    0    0    0     
-5.13153    -11.2705    -6.0011    -11.1614    -8.51463    -0.148848     
-2.92744    -9.75444    -5.49032    -10.0247    -9.76457    0     
0    -2.05115    0    0.218636    -2.12289    0     
0    0.59505    0    0    0    -0.559225     
-10.4265    -11.6342    -12.2922    -15.9016    -10.5203    -6.25249     
-6.95101    -7.75611    -8.19483    -10.6011    -7.01351    -4.16833     
-4.63401    -5.17074    -5.46322    -7.06738    -4.67567    -2.77888     
-3.08934    -3.44716    -3.64214    -4.71159    -3.11711    -1.85259     
-1.56598    -4.53885    -4.10231    -5.85528    -6.32655    0     
0    0    0    0    0.0735099    0     
-2.72223    -7.83691    -3.33221    -7.60208    -5.08692    0     
0    -0.759872    0    0    0.881469    0     
1.1978    -2.61739    0    0    -0.974184    0     
0    -0.667996    0    -0.354031    0    -2.57628     
-5.86676    -7.59464    -4.57001    -8.37077    -1.65772    -4.12346     
-3.91117    -5.06309    -3.04667    -5.58051    -1.10515    -2.74897     
-2.60745    -3.37539    -2.03112    -3.72034    -0.736764    -1.83265     
-1.7383    -2.25026    -1.35408    -2.48023    -0.491176    -1.22177     
-0.665282    -3.77321    -2.16595    -4.27125    -3.89937    0     
0    0    0    0    0    0     
-5.36211    -10.5303    -5.94267    -12.3504    -8.53381    -0.080212     
-3.08115    -9.51588    -5.31438    -10.9171    -9.41168    0     
0    -1.96089    0    -0.121269    -1.56125    0     
0    0    0    0    0    0.156608     
-13.7405    -15.4702    -14.7335    -20.1834    -13.9292    -8.27826     
-9.16033    -10.3135    -9.82233    -13.4556    -9.28611    -5.51884     
-6.10689    -6.87565    -6.54822    -8.97039    -6.19074    -3.67923     
-4.07126    -4.58377    -4.36548    -5.98026    -4.12716    -2.45282     
-2.22059    -5.61367    -4.35103    -6.80421    -6.56904    0     
0    0.630561    0    0    0.194166    0     
0    -1.16174    0    0    -0.176833    0     
0    -1.43092    0    0    0.0739034    0     
0    -0.689489    0    0    0.538479    0     
0    0    0    0    0    0.60213     
-12.7938    -13.3524    -14.1481    -19.1841    -12.3394    -6.12007     
-8.52922    -8.90162    -9.43209    -12.7894    -8.22629    -4.08005     
-5.68614    -5.93441    -6.28806    -8.52626    -5.48419    -2.72003     
-3.79076    -3.95627    -4.19204    -5.68417    -3.65613    -1.81336     
-2.03359    -5.3881    -3.78945    -6.13771    -6.28279    0     
0    0    0    0    0    0     
-4.83609    -9.10931    -5.9173    -11.9477    -7.61915    0     
0    -1.11518    0    0.0370815    0.254896    0     
0    0    0    0    0    0     
-6.15656    -7.29619    -5.47519    -10.6262    -5.20064    -8.08804     
-4.10437    -4.86412    -3.65013    -7.08416    -3.46709    -5.39203     
-2.73625    -3.24275    -2.43342    -4.72277    -2.31139    -3.59468     
-1.82417    -2.16183    -1.62228    -3.14852    -1.54093    -2.39646     
-1.21611    -1.44122    -1.08152    -2.09901    -1.02729    -1.59764     
-0.317157    -4.04313    -2.29769    -4.04501    -4.68455    0     
0    0    0    0    0    0     
-6.28674    -11.213    -8.45732    -13.9117    -9.98947    -0.128804     
-3.69758    -10.6878    -7.47283    -11.9555    -10.7782    0     
0    -2.74128    0    -0.258967    -2.14525    0     
0    0    0    0    0    -0.0141527     
-15.4945    -16.2779    -17.2845    -22.0417    -15.6479    -9.29996     
-10.3297    -10.8519    -11.523    -14.6945    -10.4319    -6.19997     
-6.88644    -7.23462    -7.68201    -9.79633    -6.95461    -4.13332     
-4.59096    -4.82308    -5.12134    -6.53089    -4.6364    -2.75554     
-2.56706    -6.61693    -5.39112    -7.09017    -7.33095    0     
0    -0.183846    0    0    0.0822207    0     
0    -1.35087    0    0    -0.694288    0     
0    -1.56913    0    0    -0.708494    0     
0    -0.910194    0    0    -0.0499498    0     
0    0    0    0    0    0     
-6.38743    -6.14621    -5.10403    -10.9292    -4.04306    -7.19648     
-4.25829    -4.09747    -3.40269    -7.28611    -2.69537    -4.79765     
-2.83886    -2.73165    -2.26846    -4.85741    -1.79692    -3.19844     
-1.89257    -1.8211    -1.51231    -3.23827    -1.19794    -2.13229     
-0.768132    -4.64796    -2.54494    -4.62228    -5.31435    0     
0    0    0    0    0    0     
-6.73058    -10.3305    -7.98377    -14.3728    -9.52992    0     
0    -2.30616    0    -1.18138    -1.35421    0     
0    0.186449    0    0    0    0     
-2.86448    -2.65421    -4.07876    -8.30213    -1.90905    -5.03699     
-1.90966    -1.76947    -2.71918    -5.53475    -1.2727    -3.35799     
-1.2731    -1.17965    -1.81278    -3.68984    -0.848467    -2.23866     
-0.848736    -0.786433    -1.20852    -2.45989    -0.565645    -1.49244     
-0.565824    -0.524288    -0.805682    -1.63993    -0.377096    -0.994961     
0.116367    -3.84972    -2.57026    -3.66022    -5.10994    0     
0    0    0    0    0    0     
-7.58212    -11.8072    -9.74061    -16.2991    -11.1569    -0.234486     
-4.56116    -11.5144    -8.71815    -13.557    -12.3266    0     
0    -3.08974    0    -1.12675    -3.44971    0     
0    0    0    0    0    0.211187     
-16.8532    -16.8609    -18.5232    -24.9781    -16.5705    -9.58209     
-11.2355    -11.2406    -12.3488    -16.652    -11.047    -6.38806     
-7.4903    -7.49372    -8.23252    -11.1014    -7.36465    -4.25871     
-4.99354    -4.99581    -5.48835    -7.40091    -4.90976    -2.83914     
-2.83544    -7.00413    -6.1222    -7.82056    -8.27326    0     
0    -0.181853    0    0    -0.936202    0     
0    -0.288069    0    0    -2.31825    0     
0    0.0851301    0    0    -2.57301    0     
0    0    0    0    -1.91073    0     
-3.38032    -0.600875    -1.26484    -7.09669    -0.789558    -4.09476     
-2.25354    -0.400583    -0.843224    -4.73113    -0.526372    -2.72984     
-1.50236    -0.267056    -0.56215    -3.15409    -0.350915    -1.81989     
-1.00158    -0.178037    -0.374766    -2.10272    -0.233943    -1.21326     
-0.667717    -0.118691    -0.249844    -1.40182    -0.155962    -0.808841     
0.0484383    -3.75516    -2.35296    -3.34223    -5.10406    0     
0    0    0    0    0    0     
-7.58541    -11.0766    -9.80886    -16.4204    -11.1754    0.227199     
-4.56336    -11.2701    -8.98693    -13.424    -12.6275    0     
0    -2.69264    0    -0.504629    -3.04754    0     
0    0    0    0    0    0.782179     
-17.1341    -16.3917    -19.4127    -25.6509    -17.2017    -9.22478     
-11.4227    -10.9278    -12.9418    -17.1006    -11.4678    -6.14986     
-7.61514    -7.28521    -8.62787    -11.4004    -7.64521    -4.0999     
-5.07676    -4.85681    -5.75191    -7.60026    -5.09681    -2.73327     
-2.89093    -7.27814    -6.46208    -7.57608    -8.66175    0     
0    -0.218598    0    0    -0.472085    0     
0    -0.38998    0    0    -0.387726    0     
0    0.336425    0    0    0.378417    0     
0    0    0    0    0    0     
-7.13544    -7.06364    -7.63189    -13.8013    -4.81945    -8.9345     
-4.75696    -4.70909    -5.08793    -9.20085    -3.21297    -5.95633     
-3.17131    -3.1394    -3.39195    -6.1339    -2.14198    -3.97089     
-2.1142    -2.09293    -2.2613    -4.08927    -1.42799    -2.64726     
-1.40947    -1.39529    -1.50753    -2.72618    -0.95199    -1.76484     
-0.446063    -4.97567    -3.53902    -3.76793    -5.98898    0     
0    0    0    0    0    0     
-7.60512    -12.2771    -10.9542    -17.0254    -11.4147    1.05304     
-4.5765    -12.5154    -9.99402    -13.4381    -13.1869    0     
0    -3.39064    0    0.242428    -3.59786    0     
0    0    0    0    0    0     
-9.15887    -9.05442    -9.6782    -16.2716    -6.72942    -10.946     
-6.10591    -6.03628    -6.45213    -10.8477    -4.48628    -7.29731     
-4.07061    -4.02419    -4.30142    -7.23181    -2.99086    -4.86487     
____________________________________
Tue Apr  9 12:41:02 2024


PARAMETERS
NUMBER_NEURON = 6
VOLTAGE_TRESHOLD = 1.2
LEARNING_RATE = 0.1
LEAK_RATE = 1.5
TIME_ITERATION = 500
ITERATION_SPIKE_IN = 5
THRESHOLD_COORDINATES = 0.047
THRESHOLD_GYROSCOPE = 0.03  0.03  1.9   
0.118822    0.479326    0.0358954    0.595243    0.293015    0.419139     
0.198037    0.798876    0.0598256    0.992072    0.488359    0.698566     
0.250846    1.01191    0.0757791    0    0.618588    0.88485     
1.01771    0    0.90763    1.08205    0.933311    0     
0    0    0    0    0    0     
0    0    0    0    0    0     
0    0    0    1.09031    1.15954    0     
0.196071    0.680675    0.921612    0    0    0.943611     
1.02535    1.05076    0    0.234574    0.118973    1.13316     
0.565637    0.762133    0.413324    -0.106522    -0.123499    0.448956     
0.377092    0.508088    0.275549    -0.071015    -0.0823327    0.299304     
0.370216    0.427309    -0.196468    0.424445    -0.0908409    -0.0255386     
0.365633    0.373456    -0.511147    0.754752    -0.0965131    -0.2421     
0.362577    0.337554    -0.720932    0.974956    -0.100295    -0.386475     
0.36054    0.313619    -0.860789    1.12176    -0.102815    -0.482724     
0.359182    0.297662    -0.954027    0    -0.104496    -0.546891     
0.507568    0.994442    0.330658    0.222159    0.115935    -0.135709     
0.338379    0.662961    0.220439    0.148106    0.0772899    -0.0904724     
0.225586    0.441974    0.146959    0.0987374    0.0515266    -0.060315     
0.15039    0.29465    0.0979727    0.0658249    0.0343511    -0.04021     
0.10026    0.196433    0.0653152    0.0438833    0.0229007    -0.0268066     
0.185662    0.219538    -0.336624    0.642804    -0.0206853    -0.242946     
0.242597    0.234942    -0.604584    1.04209    -0.0497427    -0.387038     
0.280553    0.245211    -0.783224    0    -0.0691143    -0.4831     
0.757534    1.11183    0.113036    0.999231    0.123322    -0.162213     
0.623845    0.829801    -0.30481    0    0.0462621    -0.333217     
0.992491    0    0.834507    0.449547    0.374136    0.192702     
0.687557    0.651792    0.947099    1.04712    0.651526    1.02287     
0.458371    0.434528    0.631399    0.69808    0.434351    0.681911     
0.305581    0.289685    0.420933    0.465387    0.289567    0.454608     
0.203721    0.193124    0.280622    0.310258    0.193045    0.303072     
0.254636    0.25317    -0.193086    1.05406    0.0927441    -0.0230268     
0.288579    0.293202    -0.508892    0    0.0258769    -0.240426     
1.06425    0    0.342359    0    0.36161    0.191117     
0    0    0    0    0    0     
0    0    0    1.1939    0.804939    0.578739     
-0.440777    -0.545519    0.0390217    0.935686    0.454255    0.677778     
-0.293852    -0.363679    0.0260144    0.623791    0.302837    0.451852     
-0.195901    -0.242453    0.017343    0.41586    0.201891    0.301235     
-0.130601    -0.161635    0.011562    0.27724    0.134594    0.200823     
-0.0870672    -0.107757    0.00770798    0.184827    0.0897293    0.133882     
0.0607772    -0.273953    -0.575506    0.807192    -0.0321365    -0.40708     
0.15934    -0.38475    -0.964315    0    -0.11338    -0.767721     
0    1.03259    -0.144276    1.07719    0.379639    -0.558958     
0.118822    -0.0986031    -1.07786    0    0.189178    -0.644886     
0    0    -0.0306067    0    0.766581    -0.289754     
0.865187    0.746787    0.71337    0.999366    0    1.07864     
1.16045    0.400917    0.792068    0.875808    -0.018751    1.04843     
0.773631    0.267278    0.528045    0.583872    -0.0125007    0.698953     
0.515754    0.178185    0.35203    0.389248    -0.00833378    0.465969     
0.343836    0.11879    0.234687    0.259499    -0.00555585    0.310646     
0.348046    -0.248783    -0.424186    1.02946    0.0260962    -0.289237     
0.350853    -0.493831    -0.863435    0    0.0471976    -0.689159     
0    0.815949    0.123584    0    0.704932    -0.437706     
0    1.11415    0.364714    0    0    0.020252     
0    0.956555    0.398399    0    0.666511    0.371351     
1.10157    0    1.13088    0.175193    0    1.05318     
0    0.105072    0    0    0.473072    0     
0.969362    1.16288    1.04697    -1.01464    0    -0.296172     
0    1.07289    0    -0.0392715    0.0297518    0.681243     
-0.388285    0.136807    -0.22051    -0.859471    0.115947    0.0411075     
-0.140035    0.164452    -0.557412    0.542905    0.651159    -0.64679     
0.0254653    0.182882    -0.782014    0    1.00797    -1.10539     
0    0    0.334819    0    0    -0.77545     
0    0    0    0    0    0     
0    0    0    0    0    0     
1.19846    0    0    -0.328844    1.19122    0     
-0.219222    -0.620418    0.185668    -1.12352    0.679699    -0.762296     
-0.146148    -0.413612    0.123778    -0.749014    0.453133    -0.508197     
-0.0974321    -0.275742    0.0825189    -0.499343    0.302089    -0.338798     
-0.0649547    -0.183828    0.0550126    -0.332895    0.201392    -0.225865     
0.0755188    -0.297758    -0.817794    0    1.04795    -1.22768     
0.855909    0    -0.0916995    0    0    -1.26856     
0    0    0    0    0    0.850161     
0.404052    0.788572    0.669906    0.797041    1.03351    0.328282     
0.38819    0.0139559    -0.423668    0    0    -0.858248     
0    0    0    0.0189942    0.0845846    0     
-1.62842    -1.70099    -0.980933    -1.44382    -0.231424    -1.52146     
-1.08562    -1.13399    -0.653956    -0.962544    -0.154283    -1.01431     
-0.723744    -0.755993    -0.43597    -0.641696    -0.102855    -0.676205     
-0.482496    -0.503996    -0.290647    -0.427797    -0.06857    -0.450803     
-0.202842    -1.00321    -1.18266    0    0.917423    -1.40118     
0.82321    0.871467    -0.473946    0    0    -1.28468     
0    0    1.11571    0    0    0.149532     
0    0.947452    0    0    0    1.17114     
0.4412    0    -0.503167    -0.03613    0.335185    -0.4857     
-0.0469626    -0.563659    -0.204686    0.732858    0.888289    0.455684     
-0.0313084    -0.375773    -0.136458    0.488572    0.592193    0.30379     
-0.0208723    -0.250515    -0.0909718    0.325715    0.394795    0.202526     
-0.0139149    -0.16701    -0.0606478    0.217143    0.263197    0.135018     
-0.00927657    -0.11134    -0.0404319    0.144762    0.175465    0.0900117     
0.112638    -0.877091    -1.10816    0    1.06798    -1.04064     
1.03333    0.747182    -0.590389    0    0    -1.00584     
0    0    0.746929    0    0    0.330188     
0    0    0    0    0    0     
-0.301671    0.933947    0.170303    0    0    -0.322263     
0    0    0    0.749403    0.736034    0     
-2.56132    -2.53646    -1.87846    -1.525    0.262502    -2.07177     
-1.70755    -1.69097    -1.25231    -1.01667    0.175001    -1.38118     
-1.13837    -1.12731    -0.834872    -0.677777    0.116668    -0.920787     
-0.758911    -0.751543    -0.556581    -0.451851    0.0777784    -0.613858     
-0.387119    -1.01335    -1.63803    0    1.06564    -1.78885     
0.990134    0    -0.557    0    0    -0.979031     
0    0    1.05443    0    0    0     
0.409848    0.288712    0.792921    0    0    0.630706     
0    0    0    0    0    0     
-1.33161    -0.544889    -0.299608    -2.77791    -0.988434    -0.273734     
-0.887738    -0.36326    -0.199738    -1.85194    -0.658956    -0.182489     
-0.591825    -0.242173    -0.133159    -1.23463    -0.439304    -0.12166     
-0.39455    -0.161449    -0.0887727    -0.823084    -0.292869    -0.0811064     
-0.263033    -0.107632    -0.0591818    -0.548723    -0.195246    -0.0540709     
-0.0565337    -1.10426    -1.48133    0    0.758382    -1.63317     
1.02633    0.59424    -0.833589    0    0    -1.10994     
0    0    0.946501    0    1.19479    0.752342     
0.237338    -1.10195    -0.42811    0    0    0.104898     
0    0    0    0    0    0     
-1.38756    -1.47819    -0.591442    -3.64921    -1.88233    -0.903218     
-0.925041    -0.98546    -0.394294    -2.4328    -1.25488    -0.602145     
-0.616694    -0.656973    -0.262863    -1.62187    -0.83659    -0.40143     
-0.411129    -0.437982    -0.175242    -1.08125    -0.557727    -0.26762     
-0.274086    -0.291988    -0.116828    -0.720831    -0.371818    -0.178413     
-0.0639022    -1.42127    -1.77467    0    0.587161    -1.79454     
1.03474    0.109504    -1.15223    0    0    -1.2024     
0    0    0.585855    0    0    0.710248     
0    0    0    0    0    0     
-0.918399    -2.3625    -2.12727    0.827994    -0.960695    -2.05966     
-0.612266    -1.575    -1.41818    0.551996    -0.640463    -1.37311     
-0.408177    -1.05    -0.945454    0.367997    -0.426976    -0.915407     
-0.272118    -0.7    -0.630303    0.245332    -0.28465    -0.610271     
-0.181412    -0.466666    -0.420202    0.163554    -0.189767    -0.406847     
-0.120941    -0.311111    -0.280134    0.109036    -0.126511    -0.271232     
0.0381943    -1.4801    -2.14181    0    0.693136    -1.89756     
0    0.483279    -1.19391    0    0    -0.920017     
0    0    -0.295826    0    0    0.180616     
0    -0.670479    -0.621117    0    1.06478    0.868226     
0    -0.122062    -1.01464    0    0    0.613797     
0    0    0    -0.00809393    0.233934    0     
-3.74341    -5.30356    -4.1929    -4.14133    -2.64862    -4.43593     
-2.49561    -3.53571    -2.79527    -2.76089    -1.76574    -2.95729     
-1.66374    -2.35714    -1.86351    -1.84059    -1.17716    -1.97152     
-1.10916    -1.57143    -1.24234    -1.22706    -0.784775    -1.31435     
-0.620618    -2.47091    -2.83416    0    0.0147632    -2.76101     
0    -0.489183    -1.66252    0    0    -1.3462     
0    0.311257    -1.03855    0    0.351458    -0.473645     
0    0.236993    -1.47528    0    0    -0.779606     
0    0.802218    -1.08477    0    0.108339    -0.207049     
0    0    0.429993    -0.596565    0    0     
-0.433065    -1.15364    -0.715628    -0.374477    0.0782438    1.05618     
-0.28871    -0.769094    -0.477086    -0.249652    0.0521626    0.70412     
-0.192473    -0.512729    -0.318057    -0.166434    0.034775    0.469413     
-0.128315    -0.34182    -0.212038    -0.110956    0.0231834    0.312942     
0.0332783    -1.08941    -2.14729    0    0.533546    -1.51481     
0    1.19673    -1.22559    0    0    -0.126573     
0    0    -0.649039    0    0.822987    1.00324     
0.538816    -0.712223    -1.89361    0    0    0.946491     
0    0    -0.0380211    0    1.13362    0     
-0.235476    -1.33435    -0.348161    -1.25788    0    0.522961     
1.04451    -0.117559    0.88184    -0.364475    -1.50011    0     
0.298047    -1.22356    -0.116206    -0.978916    -1.6999    -1.17017     
0.198698    -0.815708    -0.0774704    -0.652611    -1.13327    -0.780114     
0.132465    -0.543806    -0.0516469    -0.435074    -0.75551    -0.520076     
0.207132    -1.33994    -2.04036    0    0.167889    -2.00464     
0    0.985559    -1.26468    0    0    -0.456753     
0    0    -0.884031    0    1.13787    0.681854     
0.202116    -1.29128    -2.56997    0    0    -0.109637     
0    0    -0.618291    0    0    0     
0    0.0978557    0.781859    -0.538406    0.920806    0     
0.288447    -1.4266    -0.33605    -0.69864    1.15635    -0.681558     
0.192298    -0.951068    -0.224033    -0.46576    0.7709    -0.454372     
0.128199    -0.634046    -0.149356    -0.310507    0.513934    -0.302915     
0.0854658    -0.422697    -0.0995704    -0.207004    0.342622    -0.201943     
0.175799    -1.23616    -2.07231    0    0    -1.20104     
0    0    0.159652    0    0    0     
0    -0.290071    -0.213699    0    0    0.708012     
0    0    0.20733    0    0    0     
0    -1.08097    -0.912078    0    0    -0.377585     
0    0    1.05616    -0.561003    0.288958    0     
-1.74648    -4.32232    -1.94659    -1.8635    0.0368369    -2.50757     
-1.16432    -2.88155    -1.29773    -1.24233    0.0245579    -1.67171     
-0.776215    -1.92103    -0.86515    -0.82822    0.016372    -1.11447     
-0.517477    -1.28069    -0.576767    -0.552147    0.0109146    -0.742983     
-0.226163    -2.00448    -2.39044    0    0.616835    -2.10528     
0    0.491042    -1.52022    0    0    -0.81324     
0    0    -1.75655    0    0.716784    -0.182649     
-0.193191    -2.22876    -3.69496    0    0    -1.23629     
0    1.18232    -1.88574    0    0.735966    0.711262     
0    0    -0.556138    -1.15882    0    0     
-1.0347    -3.9768    -3.04423    -2.65235    -2.57439    -2.5328     
-0.689803    -2.6512    -2.02949    -1.76823    -1.71626    -1.68854     
-0.459869    -1.76747    -1.35299    -1.17882    -1.14417    -1.12569     
-0.306579    -1.17831    -0.901995    -0.785882    -0.762782    -0.75046     
-0.0855641    -2.06632    -2.60726    0    0.0896275    -2.12924     
0    0.322564    -1.58998    0    0    -0.641574     
0    0.895018    -1.95503    0    0.33384    -0.455878     
0    0    -1.66988    0    0    -0.349167     
0.870678    -1.10851    -2.37652    0    0.223759    -0.337766     
0    0    1.01689    -0.627939    0    0     
-0.99912    -1.16581    -1.22898    -1.34372    -0.0605706    -0.411725     
-0.66608    -0.777209    -0.819322    -0.895813    -0.0403804    -0.274483     
-0.444053    -0.51814    -0.546215    -0.597209    -0.0269203    -0.182989     
-0.296036    -0.345426    -0.364143    -0.398139    -0.0179468    -0.121993     
-0.0785352    -1.44142    -2.2487    0    0.51912    -1.69038     
0    1.05982    -0.859862    0    0    -0.128732     
0    0    -0.498726    0    0.407409    0.663581     
0.345309    -2.25324    -1.7442    0    0    -0.107742     
0    1.09392    0.0253675    0    0.510504    0     
0    0    0.785402    -1.49223    0    -0.228271     
-0.218668    0.0985943    -0.0257235    -0.710813    0.645977    -0.0822498     
-0.145779    0.0657295    -0.017149    -0.473875    0.430651    -0.0548332     
-0.0971857    0.0438197    -0.0114327    -0.315917    0.287101    -0.0365555     
-0.0647905    0.0292131    -0.00762177    -0.210611    0.1914    -0.0243703     
0.0756283    -1.02143    -2.01101    0    1.1418    -1.73845     
0    0    -0.639567    0    0    -0.11849     
0    0    0.664765    0    0    0     
0    -1.04695    0.244549    0    1.11428    -0.456238     
0    0.465269    1.00058    0    0    0.146048     
0    0    0    0.199093    0.215788    0     
-3.58628    -6.13682    -3.9424    -3.38543    -2.47333    -5.28273     
-2.39086    -4.09121    -2.62827    -2.25695    -1.64889    -3.52182     
-1.5939    -2.72748    -1.75218    -1.50464    -1.09926    -2.34788     
-1.0626    -1.81832    -1.16812    -1.00309    -0.732839    -1.56525     
-0.58958    -2.42601    -2.8079    0    0.680045    -3.02584     
0    0.180616    -0.516093    0    0    -0.986821     
0    0    1.1027    0    0.994244    0.448964     
0.758161    -2.43433    0.178522    0    0    -0.0779846     
0    1.03793    0    0    1.11527    0     
-0.0113688    -0.588008    -0.335829    -4.37292    -0.213025    -2.75091     
-0.00757922    -0.392005    -0.223886    -2.91528    -0.142017    -1.83394     
-0.00505282    -0.261337    -0.149257    -1.94352    -0.094678    -1.22263     
-0.00336854    -0.174225    -0.099505    -1.29568    -0.0631187    -0.815085     
-0.0022457    -0.11615    -0.0663366    -0.863787    -0.0420791    -0.54339     
0.117325    -1.32757    -2.25349    0    1.03409    -2.4726     
0    0.597288    -0.466404    0    0    -0.996086     
0    0    0.552484    0    0.73152    -0.421568     
1.02586    -3.04482    -0.693114    0    0    -1.64397     
0    0.463455    0    0    1.04826    0.534903     
0.469198    -0.34455    0.421018    -4.09698    0.348229    -1.28064     
0.312799    -0.2297    0.280679    -2.73132    0.232153    -0.853759     
0.208532    -0.153133    0.187119    -1.82088    0.154768    -0.569173     
0.139022    -0.102089    0.124746    -1.21392    0.103179    -0.379448     
0.0926811    -0.0680592    0.083164    -0.80928    0.068786    -0.252966     
0.180609    -1.36318    -2.30705    0    1.06018    -2.27898     
0    0.475994    -0.667948    0    0    -1.03353     
0    1.13999    0.140741    0    0.161356    -0.630517     
0    0    0.208586    0    0    -1.30479     
0    -1.48456    -0.310859    0    0.252216    -1.39877     
0    0.816744    0    -0.745255    0    0.399793     
0.342561    -0.366345    0.829257    -2.12895    -1.48311    -2.01784     
0.228374    -0.24423    0.552838    -1.4193    -0.988739    -1.34522     
0.152249    -0.16282    0.368559    -0.946199    -0.65916    -0.896816     
0.1015    -0.108547    0.245706    -0.6308    -0.43944    -0.597878     
0.186488    -1.48263    -1.71917    0    0.560889    -2.50892     
0    0.770983    0.266861    0    0    -1.03165     
0    0    0    0    0.839779    0.0769146     
-0.406666    -4.1011    -2.41767    0.743304    0    -4.1256     
0    -3.02675    -2.49073    0    -1.62232    -3.42875     
0    -0.0213185    1.18012    -0.489741    0    -0.749749     
0    0.477633    0    0.750031    -1.98786    -0.307644     
-1.20921    -1.90863    -1.86734    -1.71767    -2.61098    -4.0132     
-0.806143    -1.27242    -1.24489    -1.14512    -1.74066    -2.67547     
-0.537429    -0.848281    -0.829927    -0.763411    -1.16044    -1.78365     
-0.239464    -2.08381    -2.42818    0    0.129764    -3.29944     
0    0.165018    -0.0706854    0    0    -1.27423     
0    0    0    0    0    0.0439797     
0    -3.13657    -1.47501    1.05911    -1.1844    -2.87058     
0.118822    -4.54193    -3.0394    0    0.207303    -5.17039     
0    -0.0857996    0    -1.04589    0    -0.406256     
1.03483    0.46685    1.10727    -1.61532    -0.426173    -2.52795     
0.689886    0.311234    0.738183    -1.07688    -0.284115    -1.6853     
0.459924    0.207489    0.492122    -0.71792    -0.18941    -1.12353     
0.306616    0.138326    0.328081    -0.478613    -0.126273    -0.749023     
0.323232    -1.51806    -1.56813    0    0.732359    -2.60969     
0    0.478843    0.725646    0    0    -0.742779     
